$energy      SCF               SCFKIN            SCFPOT
     1 -310.1672950503      307.2644085772     -617.4317036275
     2 -310.1699581791      307.0475466904     -617.2175048694
     3 -310.1701069832      307.0016270387     -617.1717340218
     4 -310.1701225293      306.9933018848     -617.1634244141
     5 -310.1701239580      306.9934099062     -617.1635338642
     6 -310.1701241337      306.9939503861     -617.1640745198
     7 -310.1701241919      306.9942398137     -617.1643640055
     8 -310.1701241116      306.9940743928     -617.1641985045
     9 -310.6249609064      307.3593891288     -617.9843500352
    10 -310.6256231334      307.1916275379     -617.8172506713
    11 -310.6256717434      307.1679227540     -617.7935944973
    12 -310.6256814804      307.1645106876     -617.7901921679
    13 -310.6256832374      307.1672158117     -617.7928990491
    14 -310.6256836487      307.1682698967     -617.7939535454
    15 -310.6256842936      307.1680965286     -617.7937808222
$end
