$grad          cartesian gradients
  cycle =      1    SCF energy =     -310.1672950503   |dE/dxyz| =  0.069287
    1.20760135427760      0.66742740082010      0.00000000000000      c
    1.12342761781477      2.71830592719869      0.00000000000000      h
    3.45926953319709     -0.47124447942270      0.00000000000000      c
    3.54767573675312     -2.52204582763061      0.00000000000000      h
   -1.20760135428858     -0.66742740102146      0.00000000000000      c
   -1.12342761788780     -2.71830592740155      0.00000000000000      h
   -3.45926953317249      0.47124447930082      0.00000000000000      c
   -3.54767573667226      2.52204582751141      0.00000000000000      h
   -5.87758056081904     -0.87322321043039      0.00000000000000      c
   -5.77998295304280     -2.92301664117848      0.00000000000000      h
   -8.12471506048327      0.24681098586014      0.00000000000000      c
   -9.86074053506649     -0.83972891884306      0.00000000000000      h
   -8.31181309444299      2.28948515594375      0.00000000000000      h
    5.87758056077053      0.87322321043221      0.00000000000000      c
    5.77998295290777      2.92301664117629      0.00000000000000      h
    8.12471506052110     -0.24681098568839      0.00000000000000      c
    9.86074053502589      0.83972891913487      0.00000000000000      h
    8.31181309460789     -2.28948515576169      0.00000000000000      h
  0.26562150119100D-01  0.47000018337447D-02  0.00000000000000D+00
  0.59620474005702D-03  -.87217356488862D-02  0.00000000000000D+00
  -.25520512301557D-01  -.41396743808468D-02  0.00000000000000D+00
  -.60055892555446D-03  0.86620602671249D-02  0.00000000000000D+00
  -.26562150114973D-01  -.47000018385024D-02  0.00000000000000D+00
  -.59620474171532D-03  0.87217356496641D-02  0.00000000000000D+00
  0.25520512302548D-01  0.41396743815411D-02  0.00000000000000D+00
  0.60055892290324D-03  -.86620602664989D-02  0.00000000000000D+00
  -.22617658697030D-01  -.55304850823648D-02  0.00000000000000D+00
  -.11115065108553D-02  0.86784889321110D-02  0.00000000000000D+00
  0.87293551546799D-02  -.39988863829146D-02  0.00000000000000D+00
  0.70568132577022D-02  0.45112762418586D-02  0.00000000000000D+00
  0.31132838715043D-03  -.84469323461639D-02  0.00000000000000D+00
  0.22617658689077D-01  0.55304850784030D-02  0.00000000000000D+00
  0.11115065150503D-02  -.86784889321819D-02  0.00000000000000D+00
  -.87293551527900D-02  0.39988863868203D-02  0.00000000000000D+00
  -.70568132579316D-02  -.45112762423073D-02  0.00000000000000D+00
  -.31132839032189D-03  0.84469323464179D-02  0.00000000000000D+00
  cycle =      2    SCF energy =     -310.1699581791   |dE/dxyz| =  0.017460
    1.19232216026377      0.66303570418577      0.00000000000000      c
    1.09570302869306      2.73214277540175      0.00000000000000      h
    3.47627281073304     -0.47460106204346      0.00000000000000      c
    3.57590519262764     -2.54358847720906      0.00000000000000      h
   -1.19232216056157     -0.66303570702408      0.00000000000000      c
   -1.09570302948252     -2.73214277826099      0.00000000000000      h
   -3.47627281051595      0.47460105964229      0.00000000000000      c
   -3.57590519322862      2.54358847482478      0.00000000000000      h
   -5.86857753974396     -0.86268666020147      0.00000000000000      c
   -5.75489502151802     -2.93078691777061      0.00000000000000      h
   -8.14362914740178      0.25684865008506      0.00000000000000      c
   -9.88689639471478     -0.85394365623822      0.00000000000000      h
   -8.33156394577409      2.31808383178182      0.00000000000000      h
    5.86857753941806      0.86268665926849      0.00000000000000      c
    5.75489501818623      2.93078691657166      0.00000000000000      h
    8.14362914916622     -0.25684864748052      0.00000000000000      c
    9.88689639378370      0.85394366325119      0.00000000000000      h
    8.33156395006961     -2.31808382878446      0.00000000000000      h
  0.72204306138793D-02  0.19334792839912D-03  0.00000000000000D+00
  -.76871906685193D-03  -.19437698452948D-02  0.00000000000000D+00
  -.73746421089274D-02  -.29285044579727D-03  0.00000000000000D+00
  0.68740476977901D-03  0.19058484867463D-02  0.00000000000000D+00
  -.72204307587286D-02  -.19334789611651D-03  0.00000000000000D+00
  0.76871905780625D-03  0.19437698431007D-02  0.00000000000000D+00
  0.73746422017794D-02  0.29285038829724D-03  0.00000000000000D+00
  -.68740485324502D-03  -.19058484698386D-02  0.00000000000000D+00
  -.52393554492502D-02  -.10047194018969D-02  0.00000000000000D+00
  0.41828761920187D-03  0.17443632229019D-02  0.00000000000000D+00
  0.17570852148892D-02  0.10518901304032D-03  0.00000000000000D+00
  0.93366371687927D-03  0.17322516541343D-03  0.00000000000000D+00
  0.11911612330496D-03  -.12715196520959D-02  0.00000000000000D+00
  0.52393554169029D-02  0.10047194926366D-02  0.00000000000000D+00
  -.41828764748035D-03  -.17443632719566D-02  0.00000000000000D+00
  -.17570849156917D-02  -.10518917937667D-03  0.00000000000000D+00
  -.93366372838298D-03  -.17322505692383D-03  0.00000000000000D+00
  -.11911621068543D-03  0.12715196896390D-02  0.00000000000000D+00
  cycle =      3    SCF energy =     -310.1701069832   |dE/dxyz| =  0.003303
    1.18802141301786      0.66319465102412      0.00000000000000      c
    1.09546806311969      2.73680358750932      0.00000000000000      h
    3.48168342930156     -0.47500264619675      0.00000000000000      c
    3.57823413161482     -2.54824486051692      0.00000000000000      h
   -1.18802141292683     -0.66319465120460      0.00000000000000      c
   -1.09546806289840     -2.73680358758095      0.00000000000000      h
   -3.48168342914776      0.47500264647770      0.00000000000000      c
   -3.57823413237156      2.54824486068013      0.00000000000000      h
   -5.86466609701236     -0.86353481645363      0.00000000000000      c
   -5.75447226250180     -2.93590687754859      0.00000000000000      h
   -8.14525149191250      0.25680386155629      0.00000000000000      c
   -9.89280788189403     -0.85386579203743      0.00000000000000      h
   -8.33131162686419      2.32200495884882      0.00000000000000      h
    5.86466609762231      0.86353481611431      0.00000000000000      c
    5.75447226149278      2.93590687705632      0.00000000000000      h
    8.14525149236408     -0.25680386202617      0.00000000000000      c
    9.89280788117405      0.85386579342234      0.00000000000000      h
    8.33131162782231     -2.32200495912435      0.00000000000000      h
  0.13603281136052D-02  -.71023295396410D-04  0.00000000000000D+00
  -.60518112143665D-03  -.36141090508700D-03  0.00000000000000D+00
  -.12145528957196D-02  -.10515709056044D-03  0.00000000000000D+00
  0.54145176868327D-03  0.38273372035677D-03  0.00000000000000D+00
  -.13603281020463D-02  0.71023145456428D-04  0.00000000000000D+00
  0.60518114643409D-03  0.36141093318638D-03  0.00000000000000D+00
  0.12145528362321D-02  0.10515730285994D-03  0.00000000000000D+00
  -.54145181216713D-03  -.38273373451764D-03  0.00000000000000D+00
  -.42610232420415D-03  -.11654909134395D-03  0.00000000000000D+00
  0.25336441974536D-03  0.25803276187928D-03  0.00000000000000D+00
  0.48101705102335D-03  0.52449653423994D-03  0.00000000000000D+00
  -.32710487151315D-03  -.45800652539053D-03  0.00000000000000D+00
  0.43097650528165D-04  0.15557379334768D-03  0.00000000000000D+00
  0.42610259124730D-03  0.11654914625836D-03  0.00000000000000D+00
  -.25336452758986D-03  -.25803279390010D-03  0.00000000000000D+00
  -.48101706203449D-03  -.52449673865996D-03  0.00000000000000D+00
  0.32710481841448D-03  0.45800660743318D-03  0.00000000000000D+00
  -.43097676079569D-04  -.15557376353788D-03  0.00000000000000D+00
  cycle =      4    SCF energy =     -310.1701225293   |dE/dxyz| =  0.000865
    1.18767168168554      0.66332551951194      0.00000000000000      c
    1.10174493537273      2.73805208497622      0.00000000000000      h
    3.48287798077730     -0.47574932024831      0.00000000000000      c
    3.57382698227977     -2.55007594612276      0.00000000000000      h
   -1.18767168183832     -0.66332552267973      0.00000000000000      c
   -1.10174493575770     -2.73805208808714      0.00000000000000      h
   -3.48287798040161      0.47574931848124      0.00000000000000      c
   -3.57382698068507      2.55007594433022      0.00000000000000      h
   -5.86498107470142     -0.86414063836713      0.00000000000000      c
   -5.75790438725761     -2.93732688057054      0.00000000000000      h
   -8.14671534966411      0.25491210291385      0.00000000000000      c
   -9.89445499112073     -0.85361937946234      0.00000000000000      h
   -8.33317059652985      2.31989181907372      0.00000000000000      h
    5.86498107427126      0.86414063833901      0.00000000000000      c
    5.75790438345405      2.93732688034374      0.00000000000000      h
    8.14671535023008     -0.25491210070854      0.00000000000000      c
    9.89445498971063      0.85361938478298      0.00000000000000      h
    8.33317060017509     -2.31989181650646      0.00000000000000      h
  0.25920283514707D-03  0.14244823281431D-03  0.00000000000000D+00
  -.20622298631070D-03  -.37571072489418D-04  0.00000000000000D+00
  -.23069165967890D-03  -.28608090681419D-03  0.00000000000000D+00
  0.18057211702409D-03  0.64221082846828D-04  0.00000000000000D+00
  -.25920282282161D-03  -.14244834489708D-03  0.00000000000000D+00
  0.20622301192286D-03  0.37571086609342D-04  0.00000000000000D+00
  0.23069157740762D-03  0.28608104099707D-03  0.00000000000000D+00
  -.18057211775573D-03  -.64221103171002D-04  0.00000000000000D+00
  -.70057615217118D-04  -.10460994744513D-03  0.00000000000000D+00
  -.97575544992334D-05  0.57844073880890D-05  0.00000000000000D+00
  0.49266332804460D-04  0.17939153061968D-03  0.00000000000000D+00
  -.74346012334321D-04  -.11665173923375D-03  0.00000000000000D+00
  0.31381332079119D-04  0.16682108038082D-04  0.00000000000000D+00
  0.70057818154221D-04  0.10461000127220D-03  0.00000000000000D+00
  0.97574546247975D-05  -.57844224382632D-05  0.00000000000000D+00
  -.49266378626527D-04  -.17939165554616D-03  0.00000000000000D+00
  0.74345970781382D-04  0.11665179415029D-03  0.00000000000000D+00
  -.31381309604510D-04  -.16682091232504D-04  0.00000000000000D+00
  cycle =      5    SCF energy =     -310.1701239580   |dE/dxyz| =  0.000269
    1.18763550553211      0.66304130995016      0.00000000000000      c
    1.10462091988845      2.73804897737693      0.00000000000000      h
    3.48296589617670     -0.47609821381672      0.00000000000000      c
    3.57155573459763     -2.55075204563494      0.00000000000000      h
   -1.18763550544008     -0.66304130857564      0.00000000000000      c
   -1.10462091935508     -2.73804897594911      0.00000000000000      h
   -3.48296589636119      0.47609821473758      0.00000000000000      c
   -3.57155573540642      2.55075204649712      0.00000000000000      h
   -5.86459552943136     -0.86375342818087      0.00000000000000      c
   -5.75781851481184     -2.93704511597403      0.00000000000000      h
   -8.14697020777747      0.25414928219280      0.00000000000000      c
   -9.89448460862881     -0.85408460143464      0.00000000000000      h
   -8.33444741651616      2.31904439921176      0.00000000000000      h
    5.86459552992869      0.86375342804945      0.00000000000000      c
    5.75781851540669      2.93704511585073      0.00000000000000      h
    8.14697020761862     -0.25414928355915      0.00000000000000      c
    9.89448460862799      0.85408459983414      0.00000000000000      h
    8.33444741595154     -2.31904440057562      0.00000000000000      h
  0.55927929513556D-05  0.31268680915935D-04  0.00000000000000D+00
  -.37118012277045D-04  0.18616195050057D-04  0.00000000000000D+00
  0.28683565530748D-04  -.65451679939930D-04  0.00000000000000D+00
  0.39076513629046D-04  -.15269542107624D-04  0.00000000000000D+00
  -.55927797606158D-05  -.31268692664924D-04  0.00000000000000D+00
  0.37118029045445D-04  -.18616183987263D-04  0.00000000000000D+00
  -.28683634336682D-04  0.65451741128949D-04  0.00000000000000D+00
  -.39076520840096D-04  0.15269537501986D-04  0.00000000000000D+00
  0.13659500740899D-03  0.45053486170234D-05  0.00000000000000D+00
  -.62612243243921D-04  -.17228587193616D-04  0.00000000000000D+00
  -.58821000371384D-04  -.93085721869567D-05  0.00000000000000D+00
  0.19898809523023D-05  0.58970186440018D-05  0.00000000000000D+00
  0.21157507652798D-05  0.59914172671414D-06  0.00000000000000D+00
  -.13659485259116D-03  -.45052962512389D-05  0.00000000000000D+00
  0.62612203344472D-04  0.17228587080682D-04  0.00000000000000D+00
  0.58820936741593D-04  0.93084579228103D-05  0.00000000000000D+00
  -.19898878175279D-05  -.58970154725750D-05  0.00000000000000D+00
  -.21157519686061D-05  -.59913745332579D-06  0.00000000000000D+00
  cycle =      6    SCF energy =     -310.1701241337   |dE/dxyz| =  0.000146
    1.18765541962356      0.66299014297364      0.00000000000000      c
    1.10509701344004      2.73799581563942      0.00000000000000      h
    3.48286998881658     -0.47609684022187      0.00000000000000      c
    3.57099626929276     -2.55076628787396      0.00000000000000      h
   -1.18765542010854     -0.66299015111256      0.00000000000000      c
   -1.10509701511230     -2.73799582382164      0.00000000000000      h
   -3.48286998790021      0.47609683486904      0.00000000000000      c
   -3.57099626465175      2.55076628266507      0.00000000000000      h
   -5.86458221150303     -0.86364276003134      0.00000000000000      c
   -5.75729543995181     -2.93689481772327      0.00000000000000      h
   -8.14694956191584      0.25409870210941      0.00000000000000      c
   -9.89436284865754     -0.85423749167336      0.00000000000000      h
   -8.33458865110106      2.31897596381050      0.00000000000000      h
    5.86458220940517      0.86364276008685      0.00000000000000      c
    5.75729543184058      2.93689481747004      0.00000000000000      h
    8.14694956314194     -0.25409869524017      0.00000000000000      c
    9.89436284620730      0.85423750437369      0.00000000000000      h
    8.33458865913417     -2.31897595629954      0.00000000000000      h
  0.53868689546688D-04  -.30825556488181D-05  0.00000000000000D+00
  -.10564850912761D-04  0.63267269077095D-05  0.00000000000000D+00
  -.44248514873524D-04  0.14994320298447D-04  0.00000000000000D+00
  0.15527315486567D-04  -.10747924310464D-04  0.00000000000000D+00
  -.53868733583029D-04  0.30825148816952D-05  0.00000000000000D+00
  0.10564850514948D-04  -.63267331337728D-05  0.00000000000000D+00
  0.44248577604524D-04  -.14994339792495D-04  0.00000000000000D+00
  -.15527281294049D-04  0.10747916650436D-04  0.00000000000000D+00
  0.41818351366250D-04  0.77320714086554D-05  0.00000000000000D+00
  -.38957305862540D-04  -.47306774087989D-05  0.00000000000000D+00
  -.23934346154105D-04  -.27040531854444D-04  0.00000000000000D+00
  0.10558453644959D-04  0.15532490450785D-04  0.00000000000000D+00
  0.33616554669834D-05  -.18396285110209D-05  0.00000000000000D+00
  -.41818399138491D-04  -.77321017545289D-05  0.00000000000000D+00
  0.38957237173215D-04  0.47306675178733D-05  0.00000000000000D+00
  0.23934373947579D-04  0.27040572853942D-04  0.00000000000000D+00
  -.10558485320492D-04  -.15532434460544D-04  0.00000000000000D+00
  -.33615969552561D-05  0.18396409982948D-05  0.00000000000000D+00
  cycle =      9    SCF energy =     -310.6249609064   |dE/dxyz| =  0.028276
    1.18772799560951      0.66276382310378      0.00000000000000      c
    1.10579984505107      2.73779110768048      0.00000000000000      h
    3.48281766022703     -0.47654043674931      0.00000000000000      c
    3.57048109431386     -2.55122460106307      0.00000000000000      h
   -1.18772799485257     -0.66276381019826      0.00000000000000      c
   -1.10579984222730     -2.73779109469385      0.00000000000000      h
   -3.48281766174764      0.47654044500037      0.00000000000000      c
   -3.57048110183937      2.55122460908498      0.00000000000000      h
   -5.86447766328881     -0.86324606083038      0.00000000000000      c
   -5.75628073507983     -2.93645894806155      0.00000000000000      h
   -8.14702805916198      0.25401873232000      0.00000000000000      c
   -9.89415281216544     -0.85479357731765      0.00000000000000      h
   -8.33517886373833      2.31885209712355      0.00000000000000      h
    5.86447766664269      0.86324606049683      0.00000000000000      c
    5.75628074721818      2.93645894820822      0.00000000000000      h
    8.14702805735357     -0.25401874321454      0.00000000000000      c
    9.89415281568862      0.85479355804482      0.00000000000000      h
    8.33517885199675     -2.31885210893446      0.00000000000000      h
  0.94837704594084D-02  -.40460418874019D-02  0.00000000000000D+00
  0.26895238914476D-03  -.20854209373812D-02  0.00000000000000D+00
  -.92462118011606D-02  0.43395100939010D-02  0.00000000000000D+00
  -.25303992325355D-03  0.20575650788433D-02  0.00000000000000D+00
  -.94928492916976D-02  0.40438185435402D-02  0.00000000000000D+00
  -.26830203038793D-03  0.20897409234247D-02  0.00000000000000D+00
  0.92466108712400D-02  -.43449820511829D-02  0.00000000000000D+00
  0.25316049842700D-03  -.20555962855474D-02  0.00000000000000D+00
  -.77381476719597D-02  0.38070250471074D-02  0.00000000000000D+00
  -.24277408417209D-03  0.21356837563404D-02  0.00000000000000D+00
  0.87450813594045D-02  -.38486035591826D-02  0.00000000000000D+00
  0.21059056481061D-02  0.81155077773215D-03  0.00000000000000D+00
  0.61020504967295D-03  -.20694756378751D-02  0.00000000000000D+00
  0.77626040189583D-02  -.38161649847507D-02  0.00000000000000D+00
  0.24061787046951D-03  -.21311176081267D-02  0.00000000000000D+00
  -.87462931273395D-02  0.38482939721885D-02  0.00000000000000D+00
  -.21167422003295D-02  -.81682971426325D-03  0.00000000000000D+00
  -.61254704027487D-03  0.20810424655930D-02  0.00000000000000D+00
  cycle =     10    SCF energy =     -310.6256231334   |dE/dxyz| =  0.007666
    1.18632737218342      0.67148591211811      0.00000000000000      c
    1.09077404520514      2.75140666052397      0.00000000000000      h
    3.50565114260958     -0.46306875180703      0.00000000000000      c
    3.60046451322440     -2.54318179353572      0.00000000000000      h
   -1.18631656516868     -0.67152133593596      0.00000000000000      c
   -1.09077098791591     -2.75145166521018      0.00000000000000      h
   -3.50564748781714      0.46304589255368      0.00000000000000      c
   -3.60044136327175      2.54315560396731      0.00000000000000      h
   -5.89503293439791     -0.87670320348290      0.00000000000000      c
   -5.80844813957741     -2.95626457692735      0.00000000000000      h
   -8.18856423653195      0.25813113953489      0.00000000000000      c
   -9.94847367674371     -0.83841310456632      0.00000000000000      h
   -8.36597921360082      2.32901110455101      0.00000000000000      h
    5.89499603197541      0.87670961781673      0.00000000000000      c
    5.80838772687823      2.95625996931655      0.00000000000000      h
    8.18856673026640     -0.25809450127846      0.00000000000000      c
    9.94848197419223      0.83848906675547      0.00000000000000      h
    8.36602506849048     -2.32899603439385      0.00000000000000      h
  0.32539257080984D-02  -.76465400468860D-03  0.00000000000000D+00
  -.73177285580815D-04  -.72411977982160D-04  0.00000000000000D+00
  -.31706649280697D-02  0.89477597442536D-03  0.00000000000000D+00
  0.83825869538825D-04  0.57383957910747D-04  0.00000000000000D+00
  -.32215169934816D-02  0.73700360949950D-03  0.00000000000000D+00
  0.70923675583375D-04  0.90092457633939D-04  0.00000000000000D+00
  0.31802788125448D-02  -.91259047458923D-03  0.00000000000000D+00
  -.87756454537471D-04  -.14426268563961D-04  0.00000000000000D+00
  -.15312018835996D-02  0.45441698856424D-03  0.00000000000000D+00
  -.82435092393746D-03  0.12594254593618D-03  0.00000000000000D+00
  0.12899373065141D-02  -.13257960838622D-02  0.00000000000000D+00
  0.34972057664414D-03  0.44515856019938D-03  0.00000000000000D+00
  0.21517837095105D-03  -.26751142138617D-03  0.00000000000000D+00
  0.16181545406663D-02  -.50798490821863D-03  0.00000000000000D+00
  0.81855463213790D-03  -.13524737863677D-03  0.00000000000000D+00
  -.13509765284415D-02  0.13408119220793D-02  0.00000000000000D+00
  -.39834051917476D-03  -.47171692788299D-03  0.00000000000000D+00
  -.22251171927488D-03  0.32673865254792D-03  0.00000000000000D+00
  cycle =     11    SCF energy =     -310.6256717434   |dE/dxyz| =  0.003335
    1.18737852381463      0.66638541276664      0.00000000000000      c
    1.10626221376570      2.74793357093526      0.00000000000000      h
    3.50913156378624     -0.47391744041616      0.00000000000000      c
    3.59409318921937     -2.55577485307335      0.00000000000000      h
   -1.18757645343074     -0.66654069618572      0.00000000000000      c
   -1.10648763044521     -2.74814302084327      0.00000000000000      h
   -3.50925851063166      0.47382169118953      0.00000000000000      c
   -3.59412389150403      2.55557360761168      0.00000000000000      h
   -5.89613059748153     -0.86638306104315      0.00000000000000      c
   -5.78957735775217     -2.94626015071942      0.00000000000000      h
   -8.19926516103504      0.25701177684383      0.00000000000000      c
   -9.95231438676285     -0.85192656515868      0.00000000000000      h
   -8.39107608592448      2.32775880466171      0.00000000000000      h
    5.89603143897925      0.86644047954319      0.00000000000000      c
    5.78939601784242      2.94632471633160      0.00000000000000      h
    8.19946504936825     -0.25685318943237      0.00000000000000      c
    9.95256841347614      0.85230259519048      0.00000000000000      h
    8.39148366471571     -2.32775367820184      0.00000000000000      h
  0.42670408174503D-03  -.79552173562927D-03  0.00000000000000D+00
  0.40434755112431D-03  0.19991131231991D-03  0.00000000000000D+00
  -.88031278568838D-03  0.15138392610280D-02  0.00000000000000D+00
  -.25184259853647D-03  -.52629639902834D-03  0.00000000000000D+00
  -.63692825169903D-03  0.93199172352106D-03  0.00000000000000D+00
  -.38892965579723D-03  -.27777564597855D-03  0.00000000000000D+00
  0.81908424198287D-03  -.14351702504973D-02  0.00000000000000D+00
  0.27021535031076D-03  0.30265720054109D-03  0.00000000000000D+00
  -.54997524836212D-03  0.60883652599096D-03  0.00000000000000D+00
  0.48424700098613D-04  -.18985164500356D-03  0.00000000000000D+00
  -.70324379636102D-04  -.71386815769419D-03  0.00000000000000D+00
  0.19604407629569D-03  0.32180218070956D-03  0.00000000000000D+00
  -.22189253812111D-05  0.51989168819077D-04  0.00000000000000D+00
  0.21196475899586D-03  -.35651699577303D-03  0.00000000000000D+00
  -.40768205618046D-04  0.25571831145291D-03  0.00000000000000D+00
  0.39609081992793D-03  0.62609621355715D-03  0.00000000000000D+00
  0.16200887804269D-04  -.19730680023304D-03  0.00000000000000D+00
  0.32216727343653D-04  -.32050586076037D-03  0.00000000000000D+00
  cycle =     12    SCF energy =     -310.6256814804   |dE/dxyz| =  0.001092
    1.18746765788511      0.66686049979787      0.00000000000000      c
    1.10208046692378      2.74786609979902      0.00000000000000      h
    3.50997568942440     -0.47512894740664      0.00000000000000      c
    3.59892555392620     -2.55585865128497      0.00000000000000      h
   -1.18676393729799     -0.66660802443335      0.00000000000000      c
   -1.10135350272001     -2.74752224827630      0.00000000000000      h
   -3.50955288150969      0.47527865667083      0.00000000000000      c
   -3.59864879333111      2.55630595883076      0.00000000000000      h
   -5.89514050981269     -0.86666089567596      0.00000000000000      c
   -5.78892383791487     -2.94618218882087      0.00000000000000      h
   -8.19866967260049      0.25794169649334      0.00000000000000      c
   -9.95178034027914     -0.85232724951003      0.00000000000000      h
   -8.39013445788794      2.32867422997017      0.00000000000000      h
    5.89514230693686      0.86654017705992      0.00000000000000      c
    5.78910161918873      2.94595990134121      0.00000000000000      h
    8.19804000606290     -0.25818644758633      0.00000000000000      c
    9.95106879761889      0.85167369804145      0.00000000000000      h
    8.38916583538705     -2.32862626501018      0.00000000000000      h
  0.28578962240291D-03  -.19167986737114D-03  0.00000000000000D+00
  0.61665334407754D-04  0.12305451710197D-03  0.00000000000000D+00
  -.19827109879049D-03  0.50818534466901D-03  0.00000000000000D+00
  -.97586369281013D-05  -.82856062384155D-04  0.00000000000000D+00
  -.12335778956348D-03  0.10344089040953D-03  0.00000000000000D+00
  -.66907123019909D-04  -.77239644463157D-04  0.00000000000000D+00
  0.28734100076124D-03  -.51651522197339D-03  0.00000000000000D+00
  0.11118079725338D-05  0.22703677259161D-03  0.00000000000000D+00
  0.40468421793103D-04  -.30486771625786D-05  0.00000000000000D+00
  0.68545601179651D-05  -.10524562821224D-03  0.00000000000000D+00
  -.33516963303003D-03  -.12428606507549D-03  0.00000000000000D+00
  -.56866425937660D-04  0.82640806402655D-04  0.00000000000000D+00
  0.34990448529216D-04  0.14968449129979D-03  0.00000000000000D+00
  0.12734081386090D-03  -.19774001363466D-03  0.00000000000000D+00
  -.51433559019691D-05  0.54377276912853D-04  0.00000000000000D+00
  0.82360526616761D-04  0.19513949179706D-03  0.00000000000000D+00
  -.75505394078866D-04  -.16088524673948D-03  0.00000000000000D+00
  -.56905951564825D-04  0.15955673792137D-04  0.00000000000000D+00
  cycle =     13    SCF energy =     -310.6256832374   |dE/dxyz| =  0.000483
    1.18750869148577      0.66430373724036      0.00000000000000      c
    1.10373522649941      2.74493077653221      0.00000000000000      h
    3.50942681449863     -0.48074184445523      0.00000000000000      c
    3.59868409045724     -2.56100164783973      0.00000000000000      h
   -1.18777555938205     -0.66535566069598      0.00000000000000      c
   -1.10421830571847     -2.74599225391878      0.00000000000000      h
   -3.50949045409418      0.48004484975041      0.00000000000000      c
   -3.59834701111230      2.56032829724956      0.00000000000000      h
   -5.89340320410939     -0.86337911203588      0.00000000000000      c
   -5.78401275175786     -2.94235133838298      0.00000000000000      h
   -8.19796720510606      0.25821331540824      0.00000000000000      c
   -9.94878184972311     -0.85596608399137      0.00000000000000      h
   -8.39322556486631      2.32818079644122      0.00000000000000      h
    5.89323438990153      0.86342663121519      0.00000000000000      c
    5.78317244216323      2.94236460884739      0.00000000000000      h
    8.19831737330793     -0.25732400541369      0.00000000000000      c
    9.94872232791492      0.85754669899884      0.00000000000000      h
    8.39442054964105     -2.32722776494986      0.00000000000000      h
  0.17311869217665D-04  0.33721689930135D-04  0.00000000000000D+00
  -.36562880494231D-04  0.11213312692722D-04  0.00000000000000D+00
  0.38757278597052D-04  -.11401050709990D-03  0.00000000000000D+00
  0.27123945844678D-04  0.10562003734446D-03  0.00000000000000D+00
  0.16977026523753D-03  -.15172163795366D-03  0.00000000000000D+00
  0.16699012474125D-04  0.42762235920399D-04  0.00000000000000D+00
  -.58329960185536D-04  0.91727587351342D-05  0.00000000000000D+00
  -.48395536574711D-04  0.86966878459356D-04  0.00000000000000D+00
  0.10516842353641D-03  -.71219224206782D-04  0.00000000000000D+00
  0.74592621085422D-04  -.13107750710906D-04  0.00000000000000D+00
  -.14837943209597D-03  0.57343425022749D-04  0.00000000000000D+00
  -.91654200953555D-04  -.51110050442727D-04  0.00000000000000D+00
  0.11097407283025D-04  0.92996362810755D-04  0.00000000000000D+00
  0.17197632957423D-03  -.66256526495762D-04  0.00000000000000D+00
  -.82120501177889D-04  -.58968072101005D-04  0.00000000000000D+00
  -.82708953324921D-04  0.14181935221426D-04  0.00000000000000D+00
  -.61263098913192D-04  -.39524023726345D-04  0.00000000000000D+00
  -.23136427567194D-04  0.11186568719168D-03  0.00000000000000D+00
  cycle =     14    SCF energy =     -310.6256836487   |dE/dxyz| =  0.000705
    1.18714251849759      0.66571225107906      0.00000000000000      c
    1.10329827849512      2.74628959120872      0.00000000000000      h
    3.50907233615927     -0.47917000533534      0.00000000000000      c
    3.59786618160165     -2.55965274377338      0.00000000000000      h
   -1.18797298910543     -0.66447913329823      0.00000000000000      c
   -1.10392713354988     -2.74517209894166      0.00000000000000      h
   -3.50979070514831      0.47998137559178      0.00000000000000      c
   -3.59905972347482      2.56001223982122      0.00000000000000      h
   -5.89326278836915     -0.86400972654349      0.00000000000000      c
   -5.78478155893096     -2.94297044241559      0.00000000000000      h
   -8.19752963805541      0.25728202407837      0.00000000000000      c
   -9.94816258388669     -0.85674846489495      0.00000000000000      h
   -8.39293075946327      2.32701353656128      0.00000000000000      h
    5.89360044036470      0.86415335763105      0.00000000000000      c
    5.78596927873538      2.94332232948448      0.00000000000000      h
    8.19812576934094     -0.25828507627392      0.00000000000000      c
    9.94955254917256      0.85528642872174      0.00000000000000      h
    8.39279052761669     -2.32856544270123      0.00000000000000      h
  -.15980722471002D-03  0.12195928504934D-03  0.00000000000000D+00
  -.16432539057141D-04  -.68202551778806D-04  0.00000000000000D+00
  -.14471180715218D-03  0.37020021084011D-04  0.00000000000000D+00
  0.34348623820497D-04  -.14666072134254D-03  0.00000000000000D+00
  -.15113284845763D-03  0.61735114473072D-04  0.00000000000000D+00
  0.31908892931436D-04  -.12840955003882D-04  0.00000000000000D+00
  0.14205571892585D-04  0.15669729399632D-04  0.00000000000000D+00
  -.18877583263980D-04  -.13936045197587D-03  0.00000000000000D+00
  -.15881300651817D-03  0.99966311953794D-04  0.00000000000000D+00
  -.11623065277663D-04  0.61150707599607D-04  0.00000000000000D+00
  0.22595653380698D-03  -.66822807565293D-04  0.00000000000000D+00
  0.72698515786384D-04  0.78976329341608D-04  0.00000000000000D+00
  0.41817525986852D-04  -.13239067685193D-03  0.00000000000000D+00
  -.18240241318102D-03  0.24861647009354D-03  0.00000000000000D+00
  0.20663681508596D-04  0.54506236743021D-04  0.00000000000000D+00
  0.23272445836932D-03  -.85637515614217D-04  0.00000000000000D+00
  0.18474995825826D-03  0.60621811027583D-04  0.00000000000000D+00
  -.15270717421333D-04  -.18827463151689D-03  0.00000000000000D+00
$end
