$hessapprox internal
  0.462675259456D+00 -0.177618977534D-01  0.486803995830D+00 -0.787477333627D-02
 -0.224664651356D-02  0.460418788850D+00 -0.621577724231D-03 -0.320568243228D-01
 -0.107777676012D-01  0.469125913169D+00 -0.584633349465D-02  0.383290777106D-01
  0.102120208120D-01 -0.174872863555D-01  0.492172904594D+00  0.178566576196D-01
 -0.683883175308D-01 -0.133853530177D-01  0.396610486474D-01 -0.745924078404D-01
  0.819016787629D+00 -0.144864641813D-01  0.471035350597D-01  0.100016761682D-01
 -0.377525639661D-01  0.535166442106D-01 -0.924594557164D-01  0.448495229877D+00
  0.202674550025D-02 -0.193785886269D-02  0.121683648578D-02  0.866124603210D-03
  0.316605930313D-02  0.156920289465D-01  0.118156904694D-01  0.372522454575D+00
 -0.122190907097D-01  0.356305918578D-01  0.575074805643D-02 -0.262040950837D-01
  0.359695253525D-01 -0.796245318010D-01  0.575537402613D-01 -0.624994828150D-03
  0.506522132042D+00 -0.293030488888D-02 -0.157021159565D-01 -0.708537379496D-02
 -0.915672168831D-03 -0.521305282422D-02  0.143544568044D-01 -0.122919292287D-01
  0.160186451040D-02 -0.107494616364D-01  0.463048456602D+00  0.111950259448D-01
 -0.163501685135D-01  0.786993264403D-03  0.192357692735D-01 -0.300060616601D-01
  0.371801769245D-01 -0.319693685462D-01  0.532501279801D-02 -0.273642772411D-01
  0.952076336018D-02  0.473023175746D+00 -0.281581648392D-01  0.829992105722D-01
  0.141396821705D-01 -0.632764446135D-01  0.797855178351D-01 -0.203381929357D+00
  0.140583077745D+00  0.128186233467D-01  0.950697450170D-01 -0.257441725051D-01
 -0.681945887282D-01  0.910253117678D+00  0.669651312332D-02 -0.311104324598D-01
 -0.716559903742D-02  0.171141023560D-01 -0.219386461381D-01  0.732842851049D-01
 -0.244089963469D-01  0.790844748750D-02 -0.313189944747D-01  0.663155771056D-02
  0.261901660915D-01 -0.558365704431D-01  0.394403266818D+00  0.677089728482D-02
 -0.245111955109D-01 -0.433362433428D-02  0.140380193096D-01 -0.265498035873D-01
  0.429408643306D-01 -0.372306403981D-01  0.215560018655D-02 -0.289543399657D-01
  0.563942763615D-02  0.133545228616D-01 -0.687963618591D-01  0.223092605518D-01
  0.480478297877D+00 -0.529266718235D-02  0.158197796396D-01  0.214197275100D-02
 -0.108296942146D-01  0.318104411675D-02 -0.723702724602D-01  0.447127042172D-01
  0.392244512993D-01  0.122625394140D-01 -0.592666292032D-02 -0.223943006615D-01
 -0.618921866613D-02  0.197880389254D-01 -0.166885615572D-01  0.638909797647D+00
  0.124961557095D-01 -0.412424207810D-01 -0.777116562724D-02  0.279669719914D-01
 -0.556760237178D-01  0.452441240187D-01 -0.444457359510D-01  0.405433841514D-01
 -0.537607539393D-01  0.959403845374D-02  0.168923725579D-01 -0.159948493871D+00
  0.693393299789D-01  0.253882964059D-01 -0.972167349755D-01  0.689401423231D+00
 -0.971613051107D-02  0.505672449033D-02 -0.374071659808D-02 -0.152377685545D-01
  0.167140233946D-01 -0.286264843799D-01  0.207871618179D-01  0.768941658386D-03
  0.134498342594D-01 -0.857785473483D-02 -0.457982181602D-02  0.312879324573D-01
 -0.120919957250D-01 -0.978619405880D-02  0.451009367551D-02 -0.177818578330D-01
  0.465083790661D+00  0.135548612122D-03  0.242999206311D-02  0.790981598316D-03
  0.377456447814D-03 -0.441358569495D-02  0.112625635261D-01  0.236075135568D-02
 -0.121415796864D-02 -0.351471883324D-02  0.102397073847D-02 -0.670569028695D-02
  0.179016365037D-01 -0.178569918421D-02 -0.596428135677D-02  0.939379408826D-03
 -0.141379055126D-02  0.177602418062D-02  0.234527016074D+00  0.455936495515D-03
 -0.513567250704D-02 -0.154959302790D-02  0.160970415080D-02  0.203008735713D-02
 -0.530521094529D-02 -0.580344598937D-02  0.883934886572D-03  0.503442303364D-03
 -0.478345375614D-03  0.891826562750D-02 -0.240610440934D-01  0.344258660266D-02
  0.811460369535D-02 -0.133011332731D-02  0.573402486089D-02 -0.302170198623D-02
  0.109237789669D+00  0.235014227186D+00  0.168881999018D-02  0.945686987606D-02
  0.272376018021D-02  0.557786991687D-02  0.580579345067D-02 -0.107378663262D-01
  0.202441371717D-01 -0.110885395786D-02  0.436886996136D-02  0.251394292835D-02
 -0.319654312386D-03  0.135725805237D-01 -0.511808624436D-02 -0.127487518100D-02
  0.617058106593D-02 -0.199020412011D-02  0.497446692033D-02 -0.426573964109D-02
  0.278990866592D-02  0.261278129816D+00 -0.236402651488D-02 -0.182636935235D-02
 -0.279429881172D-02  0.100885014510D-02  0.430936790940D-02  0.513509127860D-02
  0.139235877138D-01  0.101424423503D-01 -0.412389575565D-03 -0.149595305422D-02
  0.525312471147D-02  0.594489223949D-02  0.584220368232D-02  0.142360149007D-02
 -0.690868675750D-02 -0.564961705450D-02 -0.273129454077D-02  0.732869105659D-03
 -0.150712107926D-02 -0.368300445118D-02  0.308489598000D+00  0.205175693740D-02
  0.293363887286D-02  0.218700739487D-02  0.108143439476D-02 -0.344208719939D-02
 -0.292992381725D-02 -0.944453196946D-02 -0.100624060159D-01  0.139362590187D-02
  0.134621866252D-02 -0.418867837278D-02 -0.198364208667D-02 -0.643778334099D-02
  0.161554426279D-03  0.710427859214D-02  0.565769686938D-02  0.249024464198D-02
  0.299347958848D-02 -0.261955623605D-02  0.536598789143D-02  0.522171720228D-01
  0.308248435642D+00 -0.316579802010D-02 -0.565691635540D-02 -0.227255559007D-02
 -0.845819498947D-02 -0.139167684054D-02  0.256350618285D-02 -0.138851616154D-01
  0.549435577743D-03  0.226501329584D-03 -0.380170590487D-02 -0.218280167451D-02
 -0.235832507994D-02  0.110216980946D-02 -0.170854290090D-02 -0.353973091243D-02
 -0.268182169165D-02 -0.359519406360D-02  0.432873148137D-02 -0.322717248132D-02
  0.100837535480D+00  0.308998364230D-02 -0.482288256503D-02  0.261533349502D+00
 -0.173986063620D-02 -0.290717764772D-02 -0.257921193297D-02  0.125806427934D-02
  0.273285142946D-02  0.639386946778D-02  0.111309567336D-01  0.108415725953D-01
 -0.178605943669D-02 -0.103374829701D-02  0.540566823727D-02  0.148024265426D-02
  0.777684255261D-02  0.178586331926D-02 -0.848195922640D-02 -0.529275384034D-02
 -0.287016161986D-02  0.759597540357D-03 -0.127350111259D-02 -0.179997579800D-02
 -0.524155373837D-01  0.518385329854D-01  0.114161718223D-02  0.310422356168D+00
  0.347484358400D-02 -0.339955622217D-03  0.207145097131D-02  0.307435081629D-02
 -0.749005000415D-02  0.317942820899D-02 -0.157445928766D-01 -0.920854430616D-02
 -0.260693289679D-02  0.252392728237D-02 -0.249998996139D-02 -0.126726095437D-01
 -0.239450921641D-02  0.231826849350D-02  0.416369456582D-02  0.886437107244D-02
  0.150523191833D-02  0.297268829946D-02 -0.215301679248D-02  0.677971498484D-02
  0.535076280275D-01 -0.544224029371D-01 -0.660523908860D-02  0.529715514138D-01
  0.306995734979D+00 -0.658722194700D-02  0.883543654236D-02  0.134548940961D-02
 -0.194862227771D-01  0.166454804399D-01 -0.379206095136D-01  0.168166733019D-01
 -0.325796416231D-03  0.134173396967D-01 -0.622985527888D-02 -0.994070598493D-02
  0.306902652198D-01 -0.823191822054D-02 -0.168947375540D-01  0.150404473683D-01
 -0.127233748479D-01  0.464397263958D-02  0.386259709616D-02 -0.407021600690D-02
 -0.116227031719D-01 -0.573737505472D-02  0.154007370838D-01  0.138551414799D-01
 -0.790428105298D-02  0.121849900034D-01  0.363112283166D+00 -0.879338027425D-02
  0.144002853361D-01  0.207161231091D-02 -0.241737953013D-01  0.231914500840D-01
 -0.506402495617D-01  0.259500311046D-01 -0.852537051059D-03  0.201893827718D-01
 -0.822469448275D-02 -0.138386326321D-01  0.469228960556D-01 -0.139058457537D-01
 -0.216372593990D-01  0.188992515658D-01 -0.198988128843D-01  0.673852468650D-02
  0.392055335531D-02 -0.462016519885D-02 -0.103844195970D-01 -0.658706229968D-02
  0.165256789588D-01  0.134097256821D-01 -0.895494812847D-02  0.126443907510D-01
 -0.169307567893D-01  0.370112544676D+00  0.126154532730D-01 -0.257814609271D-01
 -0.334256693418D-02  0.321284188950D-01 -0.369719225347D-01  0.837581710049D-01
 -0.351794783859D-01  0.139605526391D-01 -0.342779605126D-01  0.115938389848D-01
  0.191688714801D-01 -0.677959641002D-01  0.324546504958D-01  0.287289829049D-01
 -0.187694785938D-01  0.414608164048D-01 -0.117714398774D-01  0.263112646857D-02
 -0.111661509816D-02  0.630036178477D-02 -0.705407860870D-02 -0.301795274210D-02
 -0.111578201133D-01 -0.450384270053D-02  0.221156040852D-02 -0.307880164544D-02
 -0.106361199317D-01  0.440201763340D+00 -0.199529059905D-01 -0.402748491220D-02
 -0.113717216424D-01 -0.348766979463D-01  0.207513051324D-01 -0.353024024783D-01
  0.256582910768D-01 -0.421220642250D-02  0.939724192597D-02 -0.181430876149D-01
 -0.881527936947D-02  0.443188421813D-01 -0.945537969870D-02 -0.239115876537D-01
  0.395209787537D-01  0.751942964193D-02 -0.593825304347D-02 -0.125864103838D-02
  0.588866345181D-03 -0.569735959149D-02  0.662855221692D-02  0.475778398350D-02
  0.782139881156D-02  0.491632806778D-02  0.190933516660D-02 -0.191731787517D-01
 -0.161199600819D-01 -0.204315692860D-01  0.372179887536D+00 -0.281540384103D-03
  0.200306894373D-02 -0.437416232909D-03  0.353115901093D-02 -0.222356651262D-02
  0.116109793909D-01  0.145545930308D-01  0.109212119641D-01 -0.770230971738D-03
 -0.269918144556D-03 -0.251807606501D-02  0.159879153578D-01  0.472366909678D-02
 -0.316691515933D-03  0.110155884917D-01  0.107838848488D-01 -0.819019676566D-03
 -0.430746962859D-03 -0.386829655755D-03 -0.437373663446D-03 -0.680122797776D-02
  0.239455413756D-02  0.850653227963D-04 -0.566671054227D-02  0.356703219214D-02
  0.635195790418D-02  0.603121894583D-02 -0.803065332667D-02 -0.725034140996D-02
  0.393276180690D+00  0.140978980251D-01 -0.216765067327D-01 -0.752740396788D-03
  0.328003234000D-01 -0.373663168494D-01  0.796346518797D-01 -0.329342911879D-01
  0.166817962927D-01 -0.312975432464D-01  0.131076808032D-01  0.156334958808D-01
 -0.652678724169D-01  0.345002058718D-01  0.280110871292D-01 -0.248842010902D-01
  0.327885779720D-01 -0.927327333481D-02  0.375483751440D-02 -0.212748902369D-02
  0.810182678290D-02 -0.158408390196D-02 -0.844233824649D-02 -0.127014527485D-01
  0.393167471823D-03 -0.381664059370D-02 -0.508524481154D-02 -0.126296356212D-01
  0.434422332974D-01 -0.203872335973D-01 -0.417367067134D-02  0.454511886640D+00
  0.107229414591D-01 -0.203737281032D-01 -0.203837742123D-02  0.256072664782D-01
 -0.321183361747D-01  0.670612446482D-01 -0.250020681347D-01  0.148559573572D-01
 -0.293915599077D-01  0.986408341669D-02  0.129523103190D-01 -0.553957547078D-01
  0.315335422129D-01  0.209860209608D-01 -0.104502947981D-01  0.377627565385D-01
 -0.866991480812D-02  0.948010782929D-04  0.133126001919D-02 -0.583441509509D-02
  0.673498093590D-03 -0.662579389347D-02  0.201722743551D-02  0.243319421128D-02
 -0.273133285742D-02 -0.763373332498D-02 -0.135969878673D-01  0.311257787275D-01
 -0.209443072239D-01 -0.652228679925D-02  0.356354371931D-01  0.427425757471D+00
 -0.355098717000D-01  0.363818283905D-01 -0.583661311452D-02 -0.681845547237D-01
  0.674611428978D-01 -0.126762435896D+00  0.915453789926D-01 -0.730411536770D-02
  0.582175148899D-01 -0.322058042379D-01 -0.371645112771D-01  0.160744554843D+00
 -0.495829380410D-01 -0.578674412936D-01  0.660558205664D-01 -0.451790351331D-01
  0.937262451439D-02 -0.682569960713D-03 -0.349849913619D-02  0.348004496526D-02
  0.106143470275D-02  0.122036742400D-01  0.435145518061D-02 -0.213971454907D-02
  0.453287034844D-02  0.161503889982D-02  0.135320875661D-01 -0.742668180591D-01
 -0.878499878416D-02 -0.928384332509D-02 -0.741518150981D-01 -0.634417994141D-01
  0.481105299091D+00
$end
