$coord
    1.18751480880843      0.66502241573083      0.00000000000000  c
    3.50930768536432     -0.47997434874057      0.00000000000000  c
   -1.18791117799668     -0.66464045403946      0.00000000000000  c
   -3.50958948113924      0.48023612127112      0.00000000000000  c
   -5.89336692450607     -0.86355192897053      0.00000000000000  c
   -8.19790103537046      0.25750846874804      0.00000000000000  c
    5.89341330786856      0.86362916223592      0.00000000000000  c
    8.19819213902380     -0.25780348500281      0.00000000000000  c
 1.63595001294 0.443875704933 -0.25 h
 1.63595001294 0.443875704933 0.25 h
 0.771778537229 0.387239492402 -0.25 h
 0.771778537229 0.387239492402 0.25 h
 1.15481587626 1.16395204986 -0.25 h
 1.15481587626 1.16395204986 0.25 h
 3.06087248123 -0.258827637943 -0.25 h
 3.06087248123 -0.258827637943 0.25 h
 3.92504395694 -0.202191425411 -0.25 h
 3.92504395694 -0.202191425411 0.25 h
 3.54200661792 -0.978903982868 -0.25 h
 3.54200661792 -0.978903982868 0.25 h
 -1.63635126172 -0.44350363823 -0.25 h
 -1.63635126172 -0.44350363823 0.25 h
 -0.77218103593 -0.386848357361 -0.25 h
 -0.77218103593 -0.386848357361 0.25 h
 -1.15520123634 -1.16356936653 -0.25 h
 -1.15520123634 -1.16356936653 0.25 h
 -3.06114939741 0.259099305462 -0.25 h
 -3.06114939741 0.259099305462 0.25 h
 -3.92531962321 0.202444024592 -0.25 h
 -3.92531962321 0.202444024592 0.25 h
 -3.5422994228 0.979165033759 -0.25 h
 -3.5422994228 0.979165033759 0.25 h
 -6.34298940421 -0.644829214675 -0.25 h
 -6.34298940421 -0.644829214675 0.25 h
 -5.47913625769 -0.583528796586 -0.25 h
 -5.47913625769 -0.583528796586 0.25 h
 -5.85797511162 -1.36229777565 -0.25 h
 -5.85797511162 -1.36229777565 0.25 h
 -7.74827855567 0.0387857544524 -0.25 h
 -7.74827855567 0.0387857544524 0.25 h
 -8.61213170218 -0.0225146636365 -0.25 h
 -8.61213170218 -0.0225146636365 0.25 h
 -8.23329284826 0.756254315428 -0.25 h
 -8.23329284826 0.756254315428 0.25 h
 6.34301635587 0.644866507221 -0.25 h
 6.34301635587 0.644866507221 0.25 h
 5.47915776723 0.583642828556 -0.25 h
 5.47915776723 0.583642828556 0.25 h
 5.85806580051 1.36237815093 -0.25 h
 5.85806580051 1.36237815093 0.25 h
 7.74858909102 -0.0390408299881 -0.25 h
 7.74858909102 -0.0390408299881 0.25 h
 8.61244767967 0.0221828486768 -0.25 h
 8.61244767967 0.0221828486768 0.25 h
 8.23353964638 -0.756552473697 -0.25 h
 8.23353964638 -0.756552473697 0.25 h
$user-defined bonds
$redundant
     number_of_atoms            18
     degrees_of_freedom         33
     internal_coordinates       33
     frozen_coordinates          0
# definitions of redundant internals
   1 k  1.0000000000000 stre   1    2           val=   2.08232
   2 k  1.0000000000000 stre   3    4           val=   2.08230
   3 k  1.0000000000000 stre   5    6           val=   2.08240
   4 k  1.0000000000000 stre   7    8           val=   2.08205
   5 k  1.0000000000000 stre  16   17           val=   2.07532
   6 k  1.0000000000000 stre   9   11           val=   2.56274
   7 k  1.0000000000000 stre   3   14           val=   2.73665
   8 k  1.0000000000000 stre   1    5           val=   2.72225
   9 k  1.0000000000000 stre  16   18           val=   2.07930
  10 k  1.0000000000000 stre   9   10           val=   2.08184
  11 k  1.0000000000000 stre  11   12           val=   2.07508
  12 k  1.0000000000000 stre  14   16           val=   2.56313
  13 k  1.0000000000000 stre   7    9           val=   2.73645
  14 k  1.0000000000000 stre  11   13           val=   2.07902
  15 k  1.0000000000000 stre   1    3           val=   2.58877
  16 k  1.0000000000000 stre   5    7           val=   2.58862
  17 k  1.0000000000000 stre  14   15           val=   2.08194
  18 k -0.8164965809277 bend  13   12   11      val=   2.19231
        0.4082483052160 bend   9   12   11
        0.4082482757117 bend   9   13   11
  19 k  0.8164965809277 bend  17   18   16      val=  -2.19237
       -0.4082482920683 bend  14   18   16
       -0.4082482888594 bend  14   17   16
  20 k -0.7071067811865 bend  16   15   14      val=  -1.25635
        0.7071067811865 bend   3   15   14
  21 k -0.7071067811865 bend   5    8    7      val=  -0.85937
        0.7071067811865 bend   9    8    7
  22 k  0.7071067811865 bend   7    6    5      val=   0.79847
       -0.7071067811865 bend   1    6    5
  23 k  0.7071067811865 bend  11   10    9      val=   1.25758
       -0.7071067811865 bend   7   10    9
  24 k -0.7071067811865 bend   1    4    3      val=  -0.86099
        0.7071067811865 bend  14    4    3
  25 k  0.7071067811865 bend   3    2    1      val=   0.79707
       -0.7071067811865 bend   5    2    1
  26 k  0.0000000170343 bend  13   12   11      val=   0.11593
        0.7071067726694 bend   9   12   11
       -0.7071067897037 bend   9   13   11
  27 k -0.0000000018527 bend  17   18   16      val=   0.11639
       -0.7071067802602 bend  14   18   16
        0.7071067821129 bend  14   17   16
  28 k  1.0000000000000 bend   7   11    9      val= 124.64808
  29 k  1.0000000000000 bend   5    9    7      val= 124.34004
  30 k  1.0000000000000 bend   1    7    5      val= 124.51271
  31 k  1.0000000000000 bend   3   16   14      val= 124.64973
  32 k  1.0000000000000 bend   5    3    1      val= 124.51144
  33 k  1.0000000000000 bend   1   14    3      val= 124.34552
        33 non zero eigenvalues  of BmBt
           1           4.597746174    1    0
         1
           2           4.330577311    2    0
         2
           3           3.996559509    3    0
         3
           4           3.904426137    4    0
         4
           5           3.877646531    5    0
         5
           6           3.557550092    6    0
         6
           7           3.315605593    7    0
         7
           8           3.125362297    8    0
         8
           9           2.745002168    9    0
         9
          10           2.512292413   10    0
        10
          11           2.360868975   11    0
        11
          12           2.151816454   12    0
        12
          13           2.040197237   13    0
        13
          14           2.020177126   14    0
        14
          15           1.478520177   15    0
        15
          16           1.106286061   16    0
        16
          17           0.914343952   17    0
        17
          18           0.913655646   18    0
        18
          19           0.659040927   19    0
        19
          20           0.637477535   20    0
        20
          21           0.593811458   21    0
        21
          22           0.542925172   22    0
        22
          23           0.461172042   23    0
        23
          24           0.391438834   24    0
        24
          25           0.360047046   25    0
        25
          26           0.357457750   26    0
        26
          27           0.335571970   27    0
        27
          28           0.136104663   28    0
        28
          29           0.131988284   29    0
        29
          30           0.078811205   30    0
        30
          31           0.047353546   31    0
        31
          32           0.028640338   32    0
        32
          33           0.005218160   33    0
        33
$end
