$coord
  -64.62394826134728     -1.39195719732782      0.00000000000000  c
  -66.92959297454310     -0.26457218818396      0.00000000000000  c
  -69.31353308851628     -1.59511093923499      0.00000000000000  c
  -71.63744892936009     -0.43251872136758      0.00000000000000  c
  -74.00949373962881     -1.73461308593444      0.00000000000000  c
  -76.33900602434785     -0.55744525379122      0.00000000000000  c
  -78.70617884238953     -1.84819685603085      0.00000000000000  c
  -81.03882130132649     -0.66410214277846      0.00000000000000  c
  -83.40339802767625     -1.94882220941925      0.00000000000000  c
  -85.73785194599522     -0.76076092646234      0.00000000000000  c
  -88.10087573599247     -2.04206200118801      0.00000000000000  c
  -90.43642498066085     -0.85178533586120      0.00000000000000  c
  -92.79852409426246     -2.13125008249754      0.00000000000000  c
  -95.13471765485373     -0.93985624895999      0.00000000000000  c
  -97.49635591868545     -2.21856052568305      0.00000000000000  c
  -99.83275870528868     -1.02690908005767      0.00000000000000  c
 -102.19433451673946     -2.30574006101380      0.00000000000000  c
 -104.53062023478014     -1.11460146762793      0.00000000000000  c
 -106.89252058234439     -2.39445277605521      0.00000000000000  c
 -109.22833318056742     -1.20466973077835      0.00000000000000  c
 -111.59102605068880     -2.48660616338458      0.00000000000000  c
 -113.92582602114852     -1.29927621634293      0.00000000000000  c
 -116.28996273410104     -2.58480504845368      0.00000000000000  c
 -118.62304526276691     -1.40158037377477      0.00000000000000  c
 -120.98969301097836     -2.69329348993273      0.00000000000000  c
 -123.31972051081800     -1.51713986164695      0.00000000000000  c
 -125.69117836763101     -2.82031221110385      0.00000000000000  c
 -128.01565227336502     -1.65882029726913      0.00000000000000  c
 -130.39893862241343     -2.99054238595699      0.00000000000000  c
 -132.70519158483432     -1.86433018683637      0.00000000000000  c
 -65.0731265329 -1.17232368359 -0.25 h
 -65.0731265329 -1.17232368359 0.25 h
 -64.2091509231 -1.1127741602 -0.25 h
 -64.2091509231 -1.1127741602 0.25 h
 -64.589567328 -1.8907737482 -0.25 h
 -64.589567328 -1.8907737482 0.25 h
 -66.480414703 -0.484205701922 -0.25 h
 -66.480414703 -0.484205701922 0.25 h
 -67.3443903127 -0.543755225315 -0.25 h
 -67.3443903127 -0.543755225315 0.25 h
 -66.9639739079 0.234244362685 -0.25 h
 -66.9639739079 0.234244362685 0.25 h
 -69.7606978531 -1.37140650628 -0.25 h
 -69.7606978531 -1.37140650628 0.25 h
 -68.8962169844 -1.31970710991 -0.25 h
 -68.8962169844 -1.31970710991 0.25 h
 -69.2836844281 -2.09421920151 -0.25 h
 -69.2836844281 -2.09421920151 0.25 h
 -71.1902841648 -0.656223154318 -0.25 h
 -71.1902841648 -0.656223154318 0.25 h
 -72.0547650335 -0.707922550692 -0.25 h
 -72.0547650335 -0.707922550692 0.25 h
 -71.6672975898 0.0665895409078 -0.25 h
 -71.6672975898 0.0665895409078 0.25 h
 -74.4557522201 -1.50910617124 -0.25 h
 -74.4557522201 -1.50910617124 0.25 h
 -73.5910697825 -1.46089536251 -0.25 h
 -73.5910697825 -1.46089536251 0.25 h
 -73.9816592162 -2.23383772406 -0.25 h
 -73.9816592162 -2.23383772406 0.25 h
 -75.8927475438 -0.782952168487 -0.25 h
 -75.8927475438 -0.782952168487 0.25 h
 -76.7574299815 -0.831162977216 -0.25 h
 -76.7574299815 -0.831162977216 0.25 h
 -76.3668405477 -0.05822061567 -0.25 h
 -76.3668405477 -0.05822061567 0.25 h
 -79.1520253358 -1.6218764983 -0.25 h
 -79.1520253358 -1.6218764983 0.25 h
 -78.2872564165 -1.57524264542 -0.25 h
 -78.2872564165 -1.57524264542 0.25 h
 -78.6792547749 -2.34747142437 -0.25 h
 -78.6792547749 -2.34747142437 0.25 h
 -80.5929748079 -0.890422500506 -0.25 h
 -80.5929748079 -0.890422500506 0.25 h
 -81.4577437272 -0.937056353388 -0.25 h
 -81.4577437272 -0.937056353388 0.25 h
 -81.0657453688 -0.164827574441 -0.25 h
 -81.0657453688 -0.164827574441 0.25 h
 -83.8490095246 -1.72203950766 -0.25 h
 -83.8490095246 -1.72203950766 0.25 h
 -82.9841926984 -1.67630268375 -0.25 h
 -82.9841926984 -1.67630268375 0.25 h
 -83.3769918601 -2.44812443685 -0.25 h
 -83.3769918601 -2.44812443685 0.25 h
 -85.2922404491 -0.98754362822 -0.25 h
 -85.2922404491 -0.98754362822 0.25 h
 -86.1570572753 -1.03328045213 -0.25 h
 -86.1570572753 -1.03328045213 0.25 h
 -85.7642581136 -0.261458699036 -0.25 h
 -85.7642581136 -0.261458699036 0.25 h
 -88.5463593304 -1.81502815535 -0.25 h
 -88.5463593304 -1.81502815535 0.25 h
 -87.6815168608 -1.76977881442 -0.25 h
 -87.6815168608 -1.76977881442 0.25 h
 -88.0747510168 -2.54137903379 -0.25 h
 -88.0747510168 -2.54137903379 0.25 h
 -89.9909413863 -1.0788191817 -0.25 h
 -89.9909413863 -1.0788191817 0.25 h
 -90.8557838559 -1.12406852263 -0.25 h
 -90.8557838559 -1.12406852263 0.25 h
 -90.4625496998 -0.352468303257 -0.25 h
 -90.4625496998 -0.352468303257 0.25 h
 -93.2439468291 -1.9040968583 -0.25 h
 -93.2439468291 -1.9040968583 0.25 h
 -92.3790922641 -1.85907929078 -0.25 h
 -92.3790922641 -1.85907929078 0.25 h
 -92.7725331895 -2.63057409841 -0.25 h
 -92.7725331895 -2.63057409841 0.25 h
 -94.68929492 -1.16700947316 -0.25 h
 -94.68929492 -1.16700947316 0.25 h
 -95.554149485 -1.21202704068 -0.25 h
 -95.554149485 -1.21202704068 0.25 h
 -95.1607085596 -0.440532233043 -0.25 h
 -95.1607085596 -0.440532233043 0.25 h
 -97.9417670093 -1.9913844698 -0.25 h
 -97.9417670093 -1.9913844698 0.25 h
 -97.0769101379 -1.94641123403 -0.25 h
 -97.0769101379 -1.94641123403 0.25 h
 -97.4703906089 -2.71788587322 -0.25 h
 -97.4703906089 -2.71788587322 0.25 h
 -99.3873476147 -1.25408513594 -0.25 h
 -99.3873476147 -1.25408513594 0.25 h
 -100.252204486 -1.29905837171 -0.25 h
 -100.252204486 -1.29905837171 0.25 h
 -99.8587240151 -0.527583732525 -0.25 h
 -99.8587240151 -0.527583732525 0.25 h
 -102.639780571 -2.07863257029 -0.25 h
 -102.639780571 -2.07863257029 0.25 h
 -101.774930633 -2.03352620698 -0.25 h
 -101.774930633 -2.03352620698 0.25 h
 -102.168292346 -2.80506140577 -0.25 h
 -102.168292346 -2.80506140577 0.25 h
 -104.08517418 -1.34170895835 -0.25 h
 -104.08517418 -1.34170895835 0.25 h
 -104.950024118 -1.38681532166 -0.25 h
 -104.950024118 -1.38681532166 0.25 h
 -104.556662406 -0.615280122871 -0.25 h
 -104.556662406 -0.615280122871 0.25 h
 -107.338052614 -2.1675139979 -0.25 h
 -107.338052614 -2.1675139979 0.25 h
 -106.47321982 -2.12208010777 -0.25 h
 -106.47321982 -2.12208010777 0.25 h
 -106.866289314 -2.89376422249 -0.25 h
 -106.866289314 -2.89376422249 0.25 h
 -108.782801149 -1.43160850893 -0.25 h
 -108.782801149 -1.43160850893 0.25 h
 -109.647633943 -1.47704239906 -0.25 h
 -109.647633943 -1.47704239906 0.25 h
 -109.254564449 -0.705358284342 -0.25 h
 -109.254564449 -0.705358284342 0.25 h
 -112.036707547 -2.25996105728 -0.25 h
 -112.036707547 -2.25996105728 0.25 h
 -111.171904883 -2.2139572189 -0.25 h
 -111.171904883 -2.2139572189 0.25 h
 -111.564465722 -2.98590021397 -0.25 h
 -111.564465722 -2.98590021397 0.25 h
 -113.480144525 -1.52592132245 -0.25 h
 -113.480144525 -1.52592132245 0.25 h
 -114.344947189 -1.57192516082 -0.25 h
 -114.344947189 -1.57192516082 0.25 h
 -113.95238635 -0.799982165756 -0.25 h
 -113.95238635 -0.799982165756 0.25 h
 -116.735893549 -2.35865087839 -0.25 h
 -116.735893549 -2.35865087839 0.25 h
 -115.87114207 -2.31169471976 -0.25 h
 -115.87114207 -2.31169471976 0.25 h
 -116.262852583 -3.08406954721 -0.25 h
 -116.262852583 -3.08406954721 0.25 h
 -118.177114448 -1.62773454384 -0.25 h
 -118.177114448 -1.62773454384 0.25 h
 -119.041865926 -1.67469070247 -0.25 h
 -119.041865926 -1.67469070247 0.25 h
 -118.650155414 -0.902315875014 -0.25 h
 -118.650155414 -0.902315875014 0.25 h
 -121.436049734 -2.46798109373 -0.25 h
 -121.436049734 -2.46798109373 0.25 h
 -120.571388391 -2.41939342681 -0.25 h
 -120.571388391 -2.41939342681 0.25 h
 -120.961640908 -3.19250594925 -0.25 h
 -120.961640908 -3.19250594925 0.25 h
 -122.873363788 -1.74245225785 -0.25 h
 -122.873363788 -1.74245225785 0.25 h
 -123.738025131 -1.79103992477 -0.25 h
 -123.738025131 -1.79103992477 0.25 h
 -123.347772613 -1.01792740233 -0.25 h
 -123.347772613 -1.01792740233 0.25 h
 -126.138449292 -2.59682010792 -0.25 h
 -126.138449292 -2.59682010792 0.25 h
 -125.273993067 -2.54471027979 -0.25 h
 -125.273993067 -2.54471027979 0.25 h
 -125.661092744 -3.3194062456 -0.25 h
 -125.661092744 -3.3194062456 0.25 h
 -127.568381349 -1.88231240045 -0.25 h
 -127.568381349 -1.88231240045 0.25 h
 -128.432837574 -1.93442222858 -0.25 h
 -128.432837574 -1.93442222858 0.25 h
 -128.045737897 -1.15972626277 -0.25 h
 -128.045737897 -1.15972626277 0.25 h
 -130.848229861 -2.77114005561 -0.25 h
 -130.848229861 -2.77114005561 0.25 h
 -129.984285011 -2.71114592446 -0.25 h
 -129.984285011 -2.71114592446 0.25 h
 -130.364300995 -3.4893411778 -0.25 h
 -130.364300995 -3.4893411778 0.25 h
 -132.255900346 -2.08373251718 -0.25 h
 -132.255900346 -2.08373251718 0.25 h
 -133.119845196 -2.14372664833 -0.25 h
 -133.119845196 -2.14372664833 0.25 h
 -132.739829213 -1.365531395 -0.25 h
 -132.739829213 -1.365531395 0.25 h
$user-defined bonds
$redundant
     number_of_atoms            62
     degrees_of_freedom        121
     internal_coordinates      121
     frozen_coordinates          0
# definitions of redundant internals
   1 k  1.0000000000000 stre   1   62           val=   2.07507
   2 k  1.0000000000000 stre  28   31           val=   2.08213
   3 k  1.0000000000000 stre  24   23           val=   2.68636
   4 k  1.0000000000000 stre  10   13           val=   2.08232
   5 k  1.0000000000000 stre  12   14           val=   2.08199
   6 k  1.0000000000000 stre  19   20           val=   2.08219
   7 k  1.0000000000000 stre  21   22           val=   2.08208
   8 k  1.0000000000000 stre  23   25           val=   2.08216
   9 k  1.0000000000000 stre  24   27           val=   2.08211
  10 k  1.0000000000000 stre  26   29           val=   2.08215
  11 k  1.0000000000000 stre   5    7           val=   2.08192
  12 k  1.0000000000000 stre  30   32           val=   2.08213
  13 k  1.0000000000000 stre  35   36           val=   2.08211
  14 k  1.0000000000000 stre  39   40           val=   2.08209
  15 k  1.0000000000000 stre  48   50           val=   2.08232
  16 k  1.0000000000000 stre  51   52           val=   2.08188
  17 k  1.0000000000000 stre  53   54           val=   2.08264
  18 k  1.0000000000000 stre  55   56           val=   2.08192
  19 k  1.0000000000000 stre  57   58           val=   2.08204
  20 k  1.0000000000000 stre  59   61           val=   2.07504
  21 k  1.0000000000000 stre  57   59           val=   2.56655
  22 k  1.0000000000000 stre   5    3           val=   2.73011
  23 k  1.0000000000000 stre  55   57           val=   2.73012
  24 k  1.0000000000000 stre   6    5           val=   2.59850
  25 k  1.0000000000000 stre  53   55           val=   2.59851
  26 k  1.0000000000000 stre   8    6           val=   2.70593
  27 k  1.0000000000000 stre  51   53           val=   2.70593
  28 k  1.0000000000000 stre  10    8           val=   2.61005
  29 k  1.0000000000000 stre  12   10           val=   2.69621
  30 k  1.0000000000000 stre  44   46           val=   2.61597
  31 k  1.0000000000000 stre  17   15           val=   2.69105
  32 k  1.0000000000000 stre  41   42           val=   2.61936
  33 k  1.0000000000000 stre  21   19           val=   2.68805
  34 k  1.0000000000000 stre  39   41           val=   2.68806
  35 k  1.0000000000000 stre   8   11           val=   2.08187
  36 k  1.0000000000000 stre  35   37           val=   2.68637
  37 k  1.0000000000000 stre  26   24           val=   2.62245
  38 k  1.0000000000000 stre  33   35           val=   2.62241
  39 k  1.0000000000000 stre  28   26           val=   2.68559
  40 k  1.0000000000000 stre   3    4           val=   2.08203
  41 k  1.0000000000000 stre   1    2           val=   2.07901
  42 k  1.0000000000000 stre  48   51           val=   2.61005
  43 k  1.0000000000000 stre  33   34           val=   2.08215
  44 k  1.0000000000000 stre  46   48           val=   2.69621
  45 k  1.0000000000000 stre  15   12           val=   2.61597
  46 k  1.0000000000000 stre   6    9           val=   2.08264
  47 k  1.0000000000000 stre  59   60           val=   2.07900
  48 k  1.0000000000000 stre  42   44           val=   2.69105
  49 k  1.0000000000000 stre  19   17           val=   2.61938
  50 k  1.0000000000000 stre  37   38           val=   2.08217
  51 k  1.0000000000000 stre   3    1           val=   2.56651
  52 k  1.0000000000000 stre  15   16           val=   2.08223
  53 k  1.0000000000000 stre  23   21           val=   2.62136
  54 k  1.0000000000000 stre  37   39           val=   2.62137
  55 k  1.0000000000000 stre  41   43           val=   2.08219
  56 k  1.0000000000000 stre  42   45           val=   2.08205
  57 k  1.0000000000000 stre  44   47           val=   2.08223
  58 k  1.0000000000000 stre  46   49           val=   2.08199
  59 k  1.0000000000000 stre  17   18           val=   2.08205
  60 k  1.0000000000000 stre  30   33           val=   2.68560
  61 k  1.0000000000000 stre  28   30           val=   2.62275
  62 k -0.8164965809099 bend  61   60   59      val=   2.16547
        0.4082529677796 bend  57   60   59
        0.4082436131302 bend  57   61   59
  63 k -0.7071067811865 bend  39   43   41      val=   0.40813
        0.7071067811865 bend  42   43   41
  64 k -0.7071067811865 bend  21   25   23      val=  -0.38681
        0.7071067811865 bend  24   25   23
  65 k -0.7071067811865 bend   3    7    5      val=   0.75084
        0.7071067811865 bend   6    7    5
  66 k  0.7588198963296 bend  62    2    1      val=  -2.14461
       -0.6404545299909 bend   3    2    1
       -0.1183653663387 bend   3   62    1
  67 k -0.7071067811865 bend  48   52   51      val=  -0.56189
        0.7071067811865 bend  53   52   51
  68 k -0.7071067811865 bend  30   34   33      val=   0.37492
        0.7071067811865 bend  35   34   33
  69 k -0.7071067811865 bend  12   16   15      val=  -0.44305
        0.7071067811865 bend  17   16   15
  70 k  0.7071067811865 bend   8   13   10      val=   0.51047
       -0.7071067811865 bend  12   13   10
  71 k  0.7071067811865 bend  44   49   46      val=   0.47363
       -0.7071067811865 bend  48   49   46
  72 k  0.7071067811865 bend  26   31   28      val=  -0.37263
       -0.7071067811865 bend  30   31   28
  73 k  0.7071067811865 bend  53   56   55      val=   0.75155
       -0.7071067811865 bend  57   56   55
  74 k  0.7071067811865 bend  35   38   37      val=  -0.38544
       -0.7071067811865 bend  39   38   37
  75 k  0.7071067811865 bend  17   20   19      val=   0.40457
       -0.7071067811865 bend  21   20   19
  76 k -0.7071067811865 bend   5    9    6      val=  -0.63762
        0.7071067811865 bend   8    9    6
  77 k  0.7071067811865 bend  23   27   24      val=  -0.37790
       -0.7071067811865 bend  26   27   24
  78 k  0.7071067811865 bend  41   45   42      val=   0.42249
       -0.7071067811865 bend  44   45   42
  79 k  0.7071067811865 bend   5    4    3      val=  -1.19824
       -0.7071067811865 bend   1    4    3
  80 k  0.7071067811865 bend  23   22   21      val=   0.39276
       -0.7071067811865 bend  19   22   21
  81 k  0.7071067811865 bend  41   40   39      val=  -0.39427
       -0.7071067811865 bend  37   40   39
  82 k -0.7071067811865 bend  59   58   57      val=  -1.19990
        0.7071067811865 bend  55   58   57
  83 k -0.7071067811865 bend  46   47   44      val=  -0.44280
        0.7071067811865 bend  42   47   44
  84 k  0.7071067811865 bend  28   29   26      val=  -0.37467
       -0.7071067811865 bend  24   29   26
  85 k  0.7071067811865 bend  19   18   17      val=   0.42210
       -0.7071067811865 bend  15   18   17
  86 k -0.7071067811865 bend  10   11    8      val=  -0.56171
        0.7071067811865 bend   6   11    8
  87 k -0.7071067811865 bend  55   54   53      val=  -0.63732
        0.7071067811865 bend  51   54   53
  88 k  0.7071067811865 bend  37   36   35      val=  -0.37919
       -0.7071067811865 bend  33   36   35
  89 k  0.7071067811865 bend  51   50   48      val=   0.51039
       -0.7071067811865 bend  46   50   48
  90 k -0.7071067811865 bend  15   14   12      val=  -0.47340
        0.7071067811865 bend  10   14   12
  91 k  0.7071067811865 bend  33   32   30      val=  -0.37295
       -0.7071067811865 bend  28   32   30
  92 k -0.0000054009093 bend  61   60   59      val=   0.07849
       -0.7071040807164 bend  57   60   59
        0.7071094816257 bend  57   61   59
  93 k -0.3014283191756 bend  62    2    1      val=   0.87319
       -0.5064431475307 bend   3    2    1
        0.8078714667063 bend   3   62    1
  94 k  1.0000000000000 bend   6    3    5      val= 124.25542
  95 k  1.0000000000000 bend  24   21   23      val= 124.55221
  96 k  1.0000000000000 bend  39   42   41      val= 124.56190
  97 k  1.0000000000000 bend  46   51   48      val= 124.59057
  98 k  1.0000000000000 bend  28   33   30      val= 124.54049
  99 k  1.0000000000000 bend  15   10   12      val= 124.48439
 100 k  1.0000000000000 bend  33   37   35      val= 124.53347
 101 k  1.0000000000000 bend  19   15   17      val= 124.51125
 102 k  1.0000000000000 bend  51   55   53      val= 124.65980
 103 k  1.0000000000000 bend  42   46   44      val= 124.57243
 104 k  1.0000000000000 bend  28   24   26      val= 124.54644
 105 k  1.0000000000000 bend  10    6    8      val= 124.42740
 106 k  1.0000000000000 bend  55   59   57      val= 124.77697
 107 k  1.0000000000000 bend  37   41   39      val= 124.52414
 108 k  1.0000000000000 bend  23   19   21      val= 124.52718
 109 k  1.0000000000000 bend   5    1    3      val= 124.77586
 110 k  1.0000000000000 bend  41   44   42      val= 124.50933
 111 k  1.0000000000000 bend  53   57   55      val= 124.25425
 112 k  1.0000000000000 bend  26   23   24      val= 124.53686
 113 k  1.0000000000000 bend   8    5    6      val= 124.65859
 114 k  1.0000000000000 bend  21   17   19      val= 124.55948
 115 k  1.0000000000000 bend  35   39   37      val= 124.55517
 116 k  1.0000000000000 bend  12    8   10      val= 124.58888
 117 k  1.0000000000000 bend  44   48   46      val= 124.48247
 118 k  1.0000000000000 bend  30   26   28      val= 124.54350
 119 k  1.0000000000000 bend  48   53   51      val= 124.42638
 120 k  1.0000000000000 bend  30   35   33      val= 124.54931
 121 k  1.0000000000000 bend  17   12   15      val= 124.57068
       121 non zero eigenvalues  of BmBt
           1           4.678667367    1    0
         1
           2           4.651759332    2    0
         2
           3           4.606222519    3    0
         3
           4           4.547843163    4    0
         4
           5           4.467622823    5    0
         5
           6           4.372021084    6    0
         6
           7           4.261789500    7    0
         7
           8           4.137115738    8    0
         8
           9           4.012091474    9    0
         9
          10           3.970332702   10    0
        10
          11           3.956585679   11    0
        11
          12           3.920981135   12    0
        12
          13           3.898613415   13    0
        13
          14           3.834832296   14    0
        14
          15           3.813243325   15    0
        15
          16           3.746945236   16    0
        16
          17           3.699809859   17    0
        17
          18           3.647730565   18    0
        18
          19           3.568446226   19    0
        19
          20           3.501613789   20    0
        20
          21           3.462683521   21    0
        21
          22           3.376789067   22    0
        22
          23           3.312235925   23    0
        23
          24           3.248996670   24    0
        24
          25           3.173629414   25    0
        25
          26           3.122334469   26    0
        26
          27           3.049134125   27    0
        27
          28           2.966021436   28    0
        28
          29           2.935848333   29    0
        29
          30           2.830368235   30    0
        30
          31           2.805512218   31    0
        31
          32           2.631859092   32    0
        32
          33           2.577118838   33    0
        33
          34           2.516683357   34    0
        34
          35           2.482068231   35    0
        35
          36           2.414445000   36    0
        36
          37           2.373432441   37    0
        37
          38           2.322630733   38    0
        38
          39           2.299985210   39    0
        39
          40           2.235107325   40    0
        40
          41           2.182278247   41    0
        41
          42           2.145642470   42    0
        42
          43           2.135208430   43    0
        43
          44           2.098756926   44    0
        44
          45           2.068431283   45    0
        45
          46           2.043011895   46    0
        46
          47           2.024727957   47    0
        47
          48           2.010726002   48    0
        48
          49           2.002711350   49    0
        49
          50           1.965348426   50    0
        50
          51           1.802359631   51    0
        51
          52           1.642697689   52    0
        52
          53           1.500141499   53    0
        53
          54           1.373319376   54    0
        54
          55           1.264259399   55    0
        55
          56           1.173366677   56    0
        56
          57           1.100902560   57    0
        57
          58           1.046454694   58    0
        58
          59           1.008218570   59    0
        59
          60           0.985769524   60    0
        60
          61           0.913962639   61    0
        61
          62           0.850019601   62    0
        62
          63           0.663837014   63    0
        63
          64           0.661960478   64    0
        64
          65           0.658768782   65    0
        65
          66           0.654403494   66    0
        66
          67           0.646783274   67    0
        67
          68           0.639471498   68    0
        68
          69           0.631057124   69    0
        69
          70           0.620539424   70    0
        70
          71           0.610322781   71    0
        71
          72           0.598226130   72    0
        72
          73           0.586460573   73    0
        73
          74           0.573692542   74    0
        74
          75           0.557747806   75    0
        75
          76           0.547617081   76    0
        76
          77           0.530808625   77    0
        77
          78           0.515935750   78    0
        78
          79           0.491640098   79    0
        79
          80           0.477274190   80    0
        80
          81           0.460102460   81    0
        81
          82           0.441518293   82    0
        82
          83           0.423764041   83    0
        83
          84           0.405664930   84    0
        84
          85           0.388002207   85    0
        85
          86           0.371241831   86    0
        86
          87           0.359200476   87    0
        87
          88           0.354801093   88    0
        88
          89           0.341414695   89    0
        89
          90           0.330414771   90    0
        90
          91           0.321618798   91    0
        91
          92           0.316210626   92    0
        92
          93           0.298345662   93    0
        93
          94           0.171126748   94    0
        94
          95           0.168442529   95    0
        95
          96           0.164068227   96    0
        96
          97           0.161457629   97    0
        97
          98           0.150771235   98    0
        98
          99           0.145227324   99    0
        99
         100           0.133534151  100    0
       100
         101           0.132478475  101    0
       101
         102           0.116130085  102    0
       102
         103           0.112607830  103    0
       103
         104           0.103085398  104    0
       104
         105           0.087648209  105    0
       105
         106           0.082268471  106    0
       106
         107           0.069339618  107    0
       107
         108           0.058885129  108    0
       108
         109           0.054214700  109    0
       109
         110           0.039836968  110    0
       110
         111           0.035423748  111    0
       111
         112           0.028198132  112    0
       112
         113           0.018941777  113    0
       113
         114           0.016479728  114    0
       114
         115           0.011676400  115    0
       115
         116           0.006499343  116    0
       116
         117           0.004391921  117    0
       117
         118           0.003048654  118    0
       118
         119           0.001252690  119    0
       119
         120           0.000341031  120    0
       120
         121           0.000047109  121    0
       121
$end
