$coord
  -64.86731666420940     -1.45128553205241      0.00000000000000  c
  -67.09547567269287     -0.29350187654417      0.00000000000000  c
  -69.53586324849880     -1.59599626700862      0.00000000000000  c
  -71.76842899347675     -0.41799694968573      0.00000000000000  c
  -74.20482154190132     -1.70754177844541      0.00000000000000  c
  -76.43780125820344     -0.52424218140701      0.00000000000000  c
  -78.87339818480986     -1.81053040044336      0.00000000000000  c
  -81.10667939399266     -0.62600172351922      0.00000000000000  c
  -83.54198146593656     -1.91140963113746      0.00000000000000  c
  -85.77544167978867     -0.72662966525102      0.00000000000000  c
  -88.21056292987457     -2.01190279553213      0.00000000000000  c
  -90.44414673514379     -0.82716871152981      0.00000000000000  c
  -92.87915356946256     -2.11245325028687      0.00000000000000  c
  -95.11281801530227     -0.92783311278105      0.00000000000000  c
  -97.54769556568763     -2.21325571215646      0.00000000000000  c
  -99.78149394898701     -1.02881484919099      0.00000000000000  c
 -102.21624601292159     -2.31444975432154      0.00000000000000  c
 -104.45015195441731     -1.13022802227843      0.00000000000000  c
 -106.88479935837961     -2.41614135183016      0.00000000000000  c
 -109.11878072099206     -1.23218784349150      0.00000000000000  c
 -111.55333810096583     -2.51849302986803      0.00000000000000  c
 -113.78742259192991     -1.33490432718049      0.00000000000000  c
 -116.22192138487996     -2.62183966126781      0.00000000000000  c
 -118.45603896471556     -1.43888529448435      0.00000000000000  c
 -120.89063870249571     -2.72705820459897      0.00000000000000  c
 -123.12460251956986     -1.54561675734237      0.00000000000000  c
 -125.55985477608063     -2.83729379735463      0.00000000000000  c
 -127.79350905575613     -1.66133869961173      0.00000000000000  c
 -130.23265296701351     -2.96611430638354      0.00000000000000  c
 -132.46198812824815     -1.81044716090326      0.00000000000000  c
 -65.3109950597 -1.2207438191 -0.25 h
 -65.3109950597 -1.2207438191 0.25 h
 -64.4458224864 -1.18231962696 -0.25 h
 -64.4458224864 -1.18231962696 0.25 h
 -64.8451324465 -1.9507931501 -0.25 h
 -64.8451324465 -1.9507931501 0.25 h
 -66.6517972772 -0.524043589499 -0.25 h
 -66.6517972772 -0.524043589499 0.25 h
 -67.5169698505 -0.562467781635 -0.25 h
 -67.5169698505 -0.562467781635 0.25 h
 -67.1176598904 0.206005741502 -0.25 h
 -67.1176598904 0.206005741502 0.25 h
 -69.9780800922 -1.36266332211 -0.25 h
 -69.9780800922 -1.36266332211 0.25 h
 -69.1126825688 -1.32969171886 -0.25 h
 -69.1126825688 -1.32969171886 0.25 h
 -69.5168270845 -2.09563376006 -0.25 h
 -69.5168270845 -2.09563376006 0.25 h
 -71.3262121498 -0.651329894583 -0.25 h
 -71.3262121498 -0.651329894583 0.25 h
 -72.1916096731 -0.684301497837 -0.25 h
 -72.1916096731 -0.684301497837 0.25 h
 -71.7874651575 0.0816405433626 -0.25 h
 -71.7874651575 0.0816405433626 0.25 h
 -74.6466226984 -1.47342271025 -0.25 h
 -74.6466226984 -1.47342271025 0.25 h
 -73.7811679031 -1.44199028757 -0.25 h
 -73.7811679031 -1.44199028757 0.25 h
 -74.1866740242 -2.20721233752 -0.25 h
 -74.1866740242 -2.20721233752 0.25 h
 -75.9960001017 -0.758361249605 -0.25 h
 -75.9960001017 -0.758361249605 0.25 h
 -76.861454897 -0.789793672279 -0.25 h
 -76.861454897 -0.789793672279 0.25 h
 -76.4559487759 -0.0245716223367 -0.25 h
 -76.4559487759 -0.0245716223367 0.25 h
 -79.3151118069 -1.57624622244 -0.25 h
 -79.3151118069 -1.57624622244 0.25 h
 -78.4496453239 -1.54513727152 -0.25 h
 -78.4496453239 -1.54513727152 0.25 h
 -78.8554374236 -2.31020770737 -0.25 h
 -78.8554374236 -2.31020770737 0.25 h
 -80.6649657719 -0.860285901525 -0.25 h
 -80.6649657719 -0.860285901525 0.25 h
 -81.5304322549 -0.89139485244 -0.25 h
 -81.5304322549 -0.89139485244 0.25 h
 -81.1246401552 -0.126324416592 -0.25 h
 -81.1246401552 -0.126324416592 0.25 h
 -83.9836822883 -1.67710132244 -0.25 h
 -83.9836822883 -1.67710132244 0.25 h
 -83.1182141071 -1.64603965245 -0.25 h
 -83.1182141071 -1.64603965245 0.25 h
 -83.5240480024 -2.41108791852 -0.25 h
 -83.5240480024 -2.41108791852 0.25 h
 -85.3337408574 -0.960937973948 -0.25 h
 -85.3337408574 -0.960937973948 0.25 h
 -86.1992090386 -0.991999643941 -0.25 h
 -86.1992090386 -0.991999643941 0.25 h
 -85.7933751433 -0.226951377864 -0.25 h
 -85.7933751433 -0.226951377864 0.25 h
 -88.6522728755 -1.77761168608 -0.25 h
 -88.6522728755 -1.77761168608 0.25 h
 -87.7868059044 -1.74651631627 -0.25 h
 -87.7868059044 -1.74651631627 0.25 h
 -88.1926100097 -2.51158038424 -0.25 h
 -88.1926100097 -2.51158038424 0.25 h
 -90.0024367896 -1.06145982098 -0.25 h
 -90.0024367896 -1.06145982098 0.25 h
 -90.8679037606 -1.09255519079 -0.25 h
 -90.8679037606 -1.09255519079 0.25 h
 -90.4620996553 -0.32749112282 -0.25 h
 -90.4620996553 -0.32749112282 0.25 h
 -93.3208763439 -1.87818632863 -0.25 h
 -93.3208763439 -1.87818632863 0.25 h
 -92.4554110768 -1.84704356706 -0.25 h
 -92.4554110768 -1.84704356706 0.25 h
 -92.8611732877 -2.61212985517 -0.25 h
 -92.8611732877 -2.61212985517 0.25 h
 -94.6710952409 -1.16210003444 -0.25 h
 -94.6710952409 -1.16210003444 0.25 h
 -95.5365605079 -1.19324279601 -0.25 h
 -95.5365605079 -1.19324279601 0.25 h
 -95.1307982971 -0.428156507898 -0.25 h
 -95.1307982971 -0.428156507898 0.25 h
 -97.9894388274 -1.97902742457 -0.25 h
 -97.9894388274 -1.97902742457 0.25 h
 -97.1239762875 -1.94780896934 -0.25 h
 -97.1239762875 -1.94780896934 0.25 h
 -97.5296715822 -2.71293074257 -0.25 h
 -97.5296715822 -2.71293074257 0.25 h
 -99.3397506872 -1.26304313678 -0.25 h
 -99.3397506872 -1.26304313678 0.25 h
 -100.205213227 -1.29426159201 -0.25 h
 -100.205213227 -1.29426159201 0.25 h
 -99.7995179325 -0.529139818779 -0.25 h
 -99.7995179325 -0.529139818779 0.25 h
 -102.658011875 -2.08026409546 -0.25 h
 -102.658011875 -2.08026409546 0.25 h
 -101.792552352 -2.04896212438 -0.25 h
 -101.792552352 -2.04896212438 0.25 h
 -102.198173811 -2.81412304312 -0.25 h
 -102.198173811 -2.81412304312 0.25 h
 -104.008386092 -1.36441368114 -0.25 h
 -104.008386092 -1.36441368114 0.25 h
 -104.873845615 -1.39571565222 -0.25 h
 -104.873845615 -1.39571565222 0.25 h
 -104.468224156 -0.630554733483 -0.25 h
 -104.468224156 -0.630554733483 0.25 h
 -107.326590441 -2.18200327406 -0.25 h
 -107.326590441 -2.18200327406 0.25 h
 -106.461134294 -2.15060809015 -0.25 h
 -106.461134294 -2.15060809015 0.25 h
 -106.86667334 -2.91581269129 -0.25 h
 -106.86667334 -2.91581269129 0.25 h
 -108.676989639 -1.46632592127 -0.25 h
 -108.676989639 -1.46632592127 0.25 h
 -109.542445786 -1.49772110518 -0.25 h
 -109.542445786 -1.49772110518 0.25 h
 -109.136906739 -0.732516504034 -0.25 h
 -109.136906739 -0.732516504034 0.25 h
 -111.995163502 -2.28441971905 -0.25 h
 -111.995163502 -2.28441971905 0.25 h
 -111.129711967 -2.25289766378 -0.25 h
 -111.129711967 -2.25289766378 0.25 h
 -111.535138834 -3.01816170677 -0.25 h
 -111.535138834 -3.01816170677 0.25 h
 -113.345597191 -1.568977638 -0.25 h
 -113.345597191 -1.568977638 0.25 h
 -114.211048726 -1.60049969327 -0.25 h
 -114.211048726 -1.60049969327 0.25 h
 -113.805621859 -0.835235650278 -0.25 h
 -113.805621859 -0.835235650278 0.25 h
 -116.66380011 -2.38786703039 -0.25 h
 -116.66380011 -2.38786703039 0.25 h
 -115.79835578 -2.35614777508 -0.25 h
 -115.79835578 -2.35614777508 0.25 h
 -116.203608264 -3.12150417833 -0.25 h
 -116.203608264 -3.12150417833 0.25 h
 -118.014160239 -1.67285792537 -0.25 h
 -118.014160239 -1.67285792537 0.25 h
 -118.87960457 -1.70457718067 -0.25 h
 -118.87960457 -1.70457718067 0.25 h
 -118.474352085 -0.939220777419 -0.25 h
 -118.474352085 -0.939220777419 0.25 h
 -121.332634501 -2.49330681082 -0.25 h
 -121.332634501 -2.49330681082 0.25 h
 -120.467206158 -2.4611543116 -0.25 h
 -120.467206158 -2.4611543116 0.25 h
 -120.872075448 -3.22671349137 -0.25 h
 -120.872075448 -3.22671349137 0.25 h
 -122.682606721 -1.77936815112 -0.25 h
 -122.682606721 -1.77936815112 0.25 h
 -123.548035064 -1.81152065034 -0.25 h
 -123.548035064 -1.81152065034 0.25 h
 -123.143165774 -1.04596147057 -0.25 h
 -123.143165774 -1.04596147057 0.25 h
 -126.002285509 -2.60436666972 -0.25 h
 -126.002285509 -2.60436666972 0.25 h
 -125.1369186 -2.57060110726 -0.25 h
 -125.1369186 -2.57060110726 0.25 h
 -125.54036022 -3.33691361508 -0.25 h
 -125.54036022 -3.33691361508 0.25 h
 -127.351078323 -1.89426582724 -0.25 h
 -127.351078323 -1.89426582724 0.25 h
 -128.216445232 -1.92803138971 -0.25 h
 -128.216445232 -1.92803138971 0.25 h
 -127.813003612 -1.16171888189 -0.25 h
 -127.813003612 -1.16171888189 0.25 h
 -130.676553374 -2.73600035826 -0.25 h
 -130.676553374 -2.73600035826 0.25 h
 -129.811418239 -2.69674225168 -0.25 h
 -129.811418239 -2.69674225168 0.25 h
 -130.209987289 -3.46560030921 -0.25 h
 -130.209987289 -3.46560030921 0.25 h
 -132.018087722 -2.04056110903 -0.25 h
 -132.018087722 -2.04056110903 0.25 h
 -132.883222856 -2.07981921561 -0.25 h
 -132.883222856 -2.07981921561 0.25 h
 -132.484653807 -1.31096115807 -0.25 h
 -132.484653807 -1.31096115807 0.25 h
$user-defined bonds
$redundant
     number_of_atoms            62
     degrees_of_freedom        121
     internal_coordinates      121
     frozen_coordinates          0
# definitions of redundant internals
   1 k  1.0000000000000 stre   1   62           val=   2.04814
   2 k  1.0000000000000 stre  28   31           val=   2.05247
   3 k  1.0000000000000 stre  24   23           val=   2.75340
   4 k  1.0000000000000 stre  10   13           val=   2.05251
   5 k  1.0000000000000 stre  12   14           val=   2.05244
   6 k  1.0000000000000 stre  19   20           val=   2.05247
   7 k  1.0000000000000 stre  21   22           val=   2.05246
   8 k  1.0000000000000 stre  23   25           val=   2.05247
   9 k  1.0000000000000 stre  24   27           val=   2.05246
  10 k  1.0000000000000 stre  26   29           val=   2.05247
  11 k  1.0000000000000 stre   5    7           val=   2.05267
  12 k  1.0000000000000 stre  30   32           val=   2.05247
  13 k  1.0000000000000 stre  35   36           val=   2.05247
  14 k  1.0000000000000 stre  39   40           val=   2.05246
  15 k  1.0000000000000 stre  48   50           val=   2.05251
  16 k  1.0000000000000 stre  51   52           val=   2.05241
  17 k  1.0000000000000 stre  53   54           val=   2.05267
  18 k  1.0000000000000 stre  55   56           val=   2.05268
  19 k  1.0000000000000 stre  57   58           val=   2.05215
  20 k  1.0000000000000 stre  59   61           val=   2.04797
  21 k  1.0000000000000 stre  57   59           val=   2.51108
  22 k  1.0000000000000 stre   5    3           val=   2.76622
  23 k  1.0000000000000 stre  55   57           val=   2.76620
  24 k  1.0000000000000 stre   6    5           val=   2.52429
  25 k  1.0000000000000 stre  53   55           val=   2.52430
  26 k  1.0000000000000 stre   8    6           val=   2.75662
  27 k  1.0000000000000 stre  51   53           val=   2.75661
  28 k  1.0000000000000 stre  10    8           val=   2.52713
  29 k  1.0000000000000 stre  12   10           val=   2.75439
  30 k  1.0000000000000 stre  44   46           val=   2.52798
  31 k  1.0000000000000 stre  17   15           val=   2.75372
  32 k  1.0000000000000 stre  41   42           val=   2.52824
  33 k  1.0000000000000 stre  21   19           val=   2.75350
  34 k  1.0000000000000 stre  39   41           val=   2.75348
  35 k  1.0000000000000 stre   8   11           val=   2.05241
  36 k  1.0000000000000 stre  35   37           val=   2.75338
  37 k  1.0000000000000 stre  26   24           val=   2.52836
  38 k  1.0000000000000 stre  33   35           val=   2.52838
  39 k  1.0000000000000 stre  28   26           val=   2.75335
  40 k  1.0000000000000 stre   3    4           val=   2.05215
  41 k  1.0000000000000 stre   1    2           val=   2.05122
  42 k  1.0000000000000 stre  48   51           val=   2.52713
  43 k  1.0000000000000 stre  33   34           val=   2.05247
  44 k  1.0000000000000 stre  46   48           val=   2.75439
  45 k  1.0000000000000 stre  15   12           val=   2.52797
  46 k  1.0000000000000 stre   6    9           val=   2.05267
  47 k  1.0000000000000 stre  59   60           val=   2.05121
  48 k  1.0000000000000 stre  42   44           val=   2.75372
  49 k  1.0000000000000 stre  19   17           val=   2.52825
  50 k  1.0000000000000 stre  37   38           val=   2.05247
  51 k  1.0000000000000 stre   3    1           val=   2.51101
  52 k  1.0000000000000 stre  15   16           val=   2.05248
  53 k  1.0000000000000 stre  23   21           val=   2.52834
  54 k  1.0000000000000 stre  37   39           val=   2.52832
  55 k  1.0000000000000 stre  41   43           val=   2.05247
  56 k  1.0000000000000 stre  42   45           val=   2.05245
  57 k  1.0000000000000 stre  44   47           val=   2.05248
  58 k  1.0000000000000 stre  46   49           val=   2.05244
  59 k  1.0000000000000 stre  17   18           val=   2.05245
  60 k  1.0000000000000 stre  30   33           val=   2.75334
  61 k  1.0000000000000 stre  28   30           val=   2.52839
  62 k -0.8164965809099 bend  61   60   59      val=   2.38688
        0.4082529677796 bend  57   60   59
        0.4082436131302 bend  57   61   59
  63 k -0.7071067811865 bend  39   43   41      val=   1.23596
        0.7071067811865 bend  42   43   41
  64 k -0.7071067811865 bend  21   25   23      val=  -1.23494
        0.7071067811865 bend  24   25   23
  65 k -0.7071067811865 bend   3    7    5      val=   1.33369
        0.7071067811865 bend   6    7    5
  66 k  0.7588198963296 bend  62    2    1      val=  -2.44002
       -0.6404545299909 bend   3    2    1
       -0.1183653663387 bend   3   62    1
  67 k -0.7071067811865 bend  48   52   51      val=  -1.26218
        0.7071067811865 bend  53   52   51
  68 k -0.7071067811865 bend  30   34   33      val=   1.23612
        0.7071067811865 bend  35   34   33
  69 k -0.7071067811865 bend  12   16   15      val=  -1.24066
        0.7071067811865 bend  17   16   15
  70 k  0.7071067811865 bend   8   13   10      val=   1.25035
       -0.7071067811865 bend  12   13   10
  71 k  0.7071067811865 bend  44   49   46      val=   1.24583
       -0.7071067811865 bend  48   49   46
  72 k  0.7071067811865 bend  26   31   28      val=  -1.23637
       -0.7071067811865 bend  30   31   28
  73 k  0.7071067811865 bend  53   56   55      val=   1.33289
       -0.7071067811865 bend  57   56   55
  74 k  0.7071067811865 bend  35   38   37      val=  -1.23669
       -0.7071067811865 bend  39   38   37
  75 k  0.7071067811865 bend  17   20   19      val=   1.23727
       -0.7071067811865 bend  21   20   19
  76 k -0.7071067811865 bend   5    9    6      val=  -1.27477
        0.7071067811865 bend   8    9    6
  77 k  0.7071067811865 bend  23   27   24      val=  -1.23795
       -0.7071067811865 bend  26   27   24
  78 k  0.7071067811865 bend  41   45   42      val=   1.24093
       -0.7071067811865 bend  44   45   42
  79 k  0.7071067811865 bend   5    4    3      val=  -1.42538
       -0.7071067811865 bend   1    4    3
  80 k  0.7071067811865 bend  23   22   21      val=   1.23873
       -0.7071067811865 bend  19   22   21
  81 k  0.7071067811865 bend  41   40   39      val=  -1.23876
       -0.7071067811865 bend  37   40   39
  82 k -0.7071067811865 bend  59   58   57      val=  -1.42739
        0.7071067811865 bend  55   58   57
  83 k -0.7071067811865 bend  46   47   44      val=  -1.24026
        0.7071067811865 bend  42   47   44
  84 k  0.7071067811865 bend  28   29   26      val=  -1.23642
       -0.7071067811865 bend  24   29   26
  85 k  0.7071067811865 bend  19   18   17      val=   1.23957
       -0.7071067811865 bend  15   18   17
  86 k -0.7071067811865 bend  10   11    8      val=  -1.26195
        0.7071067811865 bend   6   11    8
  87 k -0.7071067811865 bend  55   54   53      val=  -1.27337
        0.7071067811865 bend  51   54   53
  88 k  0.7071067811865 bend  37   36   35      val=  -1.23666
       -0.7071067811865 bend  33   36   35
  89 k  0.7071067811865 bend  51   50   48      val=   1.25035
       -0.7071067811865 bend  46   50   48
  90 k -0.7071067811865 bend  15   14   12      val=  -1.24583
        0.7071067811865 bend  10   14   12
  91 k  0.7071067811865 bend  33   32   30      val=  -1.23615
       -0.7071067811865 bend  28   32   30
  92 k -0.0000054009093 bend  61   60   59      val=  -0.13013
       -0.7071040807164 bend  57   60   59
        0.7071094816257 bend  57   61   59
  93 k -0.3014283191756 bend  62    2    1      val=   0.78702
       -0.5064431475307 bend   3    2    1
        0.8078714667063 bend   3   62    1
  94 k  1.0000000000000 bend   6    3    5      val= 124.09198
  95 k  1.0000000000000 bend  24   21   23      val= 124.23098
  96 k  1.0000000000000 bend  39   42   41      val= 124.23608
  97 k  1.0000000000000 bend  46   51   48      val= 124.24388
  98 k  1.0000000000000 bend  28   33   30      val= 124.23021
  99 k  1.0000000000000 bend  15   10   12      val= 124.21915
 100 k  1.0000000000000 bend  33   37   35      val= 124.22960
 101 k  1.0000000000000 bend  19   15   17      val= 124.22935
 102 k  1.0000000000000 bend  51   55   53      val= 124.29265
 103 k  1.0000000000000 bend  42   46   44      val= 124.23698
 104 k  1.0000000000000 bend  28   24   26      val= 124.23033
 105 k  1.0000000000000 bend  10    6    8      val= 124.18843
 106 k  1.0000000000000 bend  55   59   57      val= 124.45444
 107 k  1.0000000000000 bend  37   41   39      val= 124.22769
 108 k  1.0000000000000 bend  23   19   21      val= 124.23231
 109 k  1.0000000000000 bend   5    1    3      val= 124.45303
 110 k  1.0000000000000 bend  41   44   42      val= 124.22392
 111 k  1.0000000000000 bend  53   57   55      val= 124.09074
 112 k  1.0000000000000 bend  26   23   24      val= 124.23412
 113 k  1.0000000000000 bend   8    5    6      val= 124.29034
 114 k  1.0000000000000 bend  21   17   19      val= 124.23008
 115 k  1.0000000000000 bend  35   39   37      val= 124.23577
 116 k  1.0000000000000 bend  12    8   10      val= 124.24056
 117 k  1.0000000000000 bend  44   48   46      val= 124.21520
 118 k  1.0000000000000 bend  30   26   28      val= 124.23534
 119 k  1.0000000000000 bend  48   53   51      val= 124.18585
 120 k  1.0000000000000 bend  30   35   33      val= 124.23574
 121 k  1.0000000000000 bend  17   12   15      val= 124.23248
       121 non zero eigenvalues  of BmBt
           1           4.678667367    1    0
         1
           2           4.651759332    2    0
         2
           3           4.606222519    3    0
         3
           4           4.547843163    4    0
         4
           5           4.467622823    5    0
         5
           6           4.372021084    6    0
         6
           7           4.261789500    7    0
         7
           8           4.137115738    8    0
         8
           9           4.012091474    9    0
         9
          10           3.970332702   10    0
        10
          11           3.956585679   11    0
        11
          12           3.920981135   12    0
        12
          13           3.898613415   13    0
        13
          14           3.834832296   14    0
        14
          15           3.813243325   15    0
        15
          16           3.746945236   16    0
        16
          17           3.699809859   17    0
        17
          18           3.647730565   18    0
        18
          19           3.568446226   19    0
        19
          20           3.501613789   20    0
        20
          21           3.462683521   21    0
        21
          22           3.376789067   22    0
        22
          23           3.312235925   23    0
        23
          24           3.248996670   24    0
        24
          25           3.173629414   25    0
        25
          26           3.122334469   26    0
        26
          27           3.049134125   27    0
        27
          28           2.966021436   28    0
        28
          29           2.935848333   29    0
        29
          30           2.830368235   30    0
        30
          31           2.805512218   31    0
        31
          32           2.631859092   32    0
        32
          33           2.577118838   33    0
        33
          34           2.516683357   34    0
        34
          35           2.482068231   35    0
        35
          36           2.414445000   36    0
        36
          37           2.373432441   37    0
        37
          38           2.322630733   38    0
        38
          39           2.299985210   39    0
        39
          40           2.235107325   40    0
        40
          41           2.182278247   41    0
        41
          42           2.145642470   42    0
        42
          43           2.135208430   43    0
        43
          44           2.098756926   44    0
        44
          45           2.068431283   45    0
        45
          46           2.043011895   46    0
        46
          47           2.024727957   47    0
        47
          48           2.010726002   48    0
        48
          49           2.002711350   49    0
        49
          50           1.965348426   50    0
        50
          51           1.802359631   51    0
        51
          52           1.642697689   52    0
        52
          53           1.500141499   53    0
        53
          54           1.373319376   54    0
        54
          55           1.264259399   55    0
        55
          56           1.173366677   56    0
        56
          57           1.100902560   57    0
        57
          58           1.046454694   58    0
        58
          59           1.008218570   59    0
        59
          60           0.985769524   60    0
        60
          61           0.913962639   61    0
        61
          62           0.850019601   62    0
        62
          63           0.663837014   63    0
        63
          64           0.661960478   64    0
        64
          65           0.658768782   65    0
        65
          66           0.654403494   66    0
        66
          67           0.646783274   67    0
        67
          68           0.639471498   68    0
        68
          69           0.631057124   69    0
        69
          70           0.620539424   70    0
        70
          71           0.610322781   71    0
        71
          72           0.598226130   72    0
        72
          73           0.586460573   73    0
        73
          74           0.573692542   74    0
        74
          75           0.557747806   75    0
        75
          76           0.547617081   76    0
        76
          77           0.530808625   77    0
        77
          78           0.515935750   78    0
        78
          79           0.491640098   79    0
        79
          80           0.477274190   80    0
        80
          81           0.460102460   81    0
        81
          82           0.441518293   82    0
        82
          83           0.423764041   83    0
        83
          84           0.405664930   84    0
        84
          85           0.388002207   85    0
        85
          86           0.371241831   86    0
        86
          87           0.359200476   87    0
        87
          88           0.354801093   88    0
        88
          89           0.341414695   89    0
        89
          90           0.330414771   90    0
        90
          91           0.321618798   91    0
        91
          92           0.316210626   92    0
        92
          93           0.298345662   93    0
        93
          94           0.171126748   94    0
        94
          95           0.168442529   95    0
        95
          96           0.164068227   96    0
        96
          97           0.161457629   97    0
        97
          98           0.150771235   98    0
        98
          99           0.145227324   99    0
        99
         100           0.133534151  100    0
       100
         101           0.132478475  101    0
       101
         102           0.116130085  102    0
       102
         103           0.112607830  103    0
       103
         104           0.103085398  104    0
       104
         105           0.087648209  105    0
       105
         106           0.082268471  106    0
       106
         107           0.069339618  107    0
       107
         108           0.058885129  108    0
       108
         109           0.054214700  109    0
       109
         110           0.039836968  110    0
       110
         111           0.035423748  111    0
       111
         112           0.028198132  112    0
       112
         113           0.018941777  113    0
       113
         114           0.016479728  114    0
       114
         115           0.011676400  115    0
       115
         116           0.006499343  116    0
       116
         117           0.004391921  117    0
       117
         118           0.003048654  118    0
       118
         119           0.001252690  119    0
       119
         120           0.000341031  120    0
       120
         121           0.000047109  121    0
       121
$end
