$coord
  -41.08943373812676     -1.19540805214824      0.00000000000000  c
  -43.38721690549580     -0.04174223567742      0.00000000000000  c
  -45.78388097704473     -1.34131090248354      0.00000000000000  c
  -48.10048181778704     -0.15394758585692      0.00000000000000  c
  -50.48314332937979     -1.42798969051691      0.00000000000000  c
  -52.80857145296405     -0.23277865453588      0.00000000000000  c
  -55.17994541951586     -1.50695606528509      0.00000000000000  c
  -57.51468206808017     -0.31677070264704      0.00000000000000  c
  -59.87831549448727     -1.59464666503609      0.00000000000000  c
  -62.21820708139876     -0.40585040993095      0.00000000000000  c
  -64.57869177569300     -1.68202674046857      0.00000000000000  c
  -66.92059132457227     -0.49186381461031      0.00000000000000  c
  -69.27949614977541     -1.76637195283527      0.00000000000000  c
  -71.62282646332881     -0.57554676630155      0.00000000000000  c
  -73.98045735917830     -1.84963427537642      0.00000000000000  c
  -76.32504052446154     -0.65848162459870      0.00000000000000  c
  -78.68165291154931     -1.93245352145290      0.00000000000000  c
  -81.02685230047143     -0.74087869241897      0.00000000000000  c
  -83.38281070189230     -2.01463423515343      0.00000000000000  c
  -85.72789424843047     -0.82277396622621      0.00000000000000  c
  -88.08374358673612     -2.09626750222401      0.00000000000000  c
  -90.42871260045575     -0.90417572003625      0.00000000000000  c
  -92.78491545247488     -2.17747612534414      0.00000000000000  c
  -95.12977967434131     -0.98524277194171      0.00000000000000  c
  -97.48685225713452     -2.25836095548847      0.00000000000000  c
  -99.83091638930711     -1.06619273130733      0.00000000000000  c
 -102.18917736446129     -2.33910245090298      0.00000000000000  c
 -104.53185048553625     -1.14695586292493      0.00000000000000  c
 -106.89152894275982     -2.42000422530929      0.00000000000000  c
 -109.23263167542474     -1.22825984681860      0.00000000000000  c
 -111.59405247617980     -2.50271059177849      0.00000000000000  c
 -113.93298940647141     -1.31209932763748      0.00000000000000  c
 -116.29770287475039     -2.58802196281642      0.00000000000000  c
 -118.63138825491407     -1.39582656000658      0.00000000000000  c
 -121.00390211372206     -2.66788651780750      0.00000000000000  c
 -123.32824717531302     -1.47050865519338      0.00000000000000  c
 -125.71207577678757     -2.74229615380289      0.00000000000000  c
 -128.02756623551656     -1.55263860025928      0.00000000000000  c
 -130.42551746352066     -2.84983539420230      0.00000000000000  c
 -132.72210118174127     -1.69386510633196      0.00000000000000  c
 -41.5362753457 -0.971058820521 -0.25 h
 -41.5362753457 -0.971058820521 0.25 h
 -40.6717208004 -0.920606484327 -0.25 h
 -40.6717208004 -0.920606484327 0.25 h
 -41.0603050682 -1.6945588516 -0.25 h
 -41.0603050682 -1.6945588516 0.25 h
 -42.9403752979 -0.266091467305 -0.25 h
 -42.9403752979 -0.266091467305 0.25 h
 -43.8049298432 -0.316543803499 -0.25 h
 -43.8049298432 -0.316543803499 0.25 h
 -43.4163455754 0.457408563772 -0.25 h
 -43.4163455754 0.457408563772 0.25 h
 -46.2288393861 -1.11324947602 -0.25 h
 -46.2288393861 -1.11324947602 0.25 h
 -45.3638947836 -1.06999632988 -0.25 h
 -45.3638947836 -1.06999632988 0.25 h
 -45.7589087615 -1.84068690156 -0.25 h
 -45.7589087615 -1.84068690156 0.25 h
 -47.6555234088 -0.382009012324 -0.25 h
 -47.6555234088 -0.382009012324 0.25 h
 -48.5204680112 -0.425262158462 -0.25 h
 -48.5204680112 -0.425262158462 0.25 h
 -48.1254540334 0.345428413216 -0.25 h
 -48.1254540334 0.345428413216 0.25 h
 -50.9278434834 -1.19942509787 -0.25 h
 -50.9278434834 -1.19942509787 0.25 h
 -50.0628505087 -1.15715035639 -0.25 h
 -50.0628505087 -1.15715035639 0.25 h
 -50.458735996 -1.92739361729 -0.25 h
 -50.458735996 -1.92739361729 0.25 h
 -52.3638712989 -0.461343247181 -0.25 h
 -52.3638712989 -0.461343247181 0.25 h
 -53.2288642736 -0.503617988665 -0.25 h
 -53.2288642736 -0.503617988665 0.25 h
 -52.8329787863 0.266625272238 -0.25 h
 -52.8329787863 0.266625272238 0.25 h
 -55.6254040929 -1.2798733264 -0.25 h
 -55.6254040929 -1.2798733264 0.25 h
 -54.7605566622 -1.23471890723 -0.25 h
 -54.7605566622 -1.23471890723 0.25 h
 -55.1538755035 -2.00627596222 -0.25 h
 -55.1538755035 -2.00627596222 0.25 h
 -57.0692233947 -0.543853441532 -0.25 h
 -57.0692233947 -0.543853441532 0.25 h
 -57.9340708254 -0.589007860698 -0.25 h
 -57.9340708254 -0.589007860698 0.25 h
 -57.5407519841 0.182549194289 -0.25 h
 -57.5407519841 0.182549194289 0.25 h
 -60.324083397 -1.36817155137 -0.25 h
 -60.324083397 -1.36817155137 0.25 h
 -59.4592983415 -1.32183789413 -0.25 h
 -59.4592983415 -1.32183789413 0.25 h
 -59.851564745 -2.09393054962 -0.25 h
 -59.851564745 -2.09393054962 0.25 h
 -61.7724391789 -0.632325523602 -0.25 h
 -61.7724391789 -0.632325523602 0.25 h
 -62.6372242344 -0.678659180841 -0.25 h
 -62.6372242344 -0.678659180841 0.25 h
 -62.2449578309 0.09343347465 -0.25 h
 -62.2449578309 0.09343347465 0.25 h
 -65.0244330419 -1.45549920654 -0.25 h
 -65.0244330419 -1.45549920654 0.25 h
 -64.1596425436 -1.40926724741 -0.25 h
 -64.1596425436 -1.40926724741 0.25 h
 -64.5519997416 -2.18131376746 -0.25 h
 -64.5519997416 -2.18131376746 0.25 h
 -66.4748500584 -0.718391348543 -0.25 h
 -66.4748500584 -0.718391348543 0.25 h
 -67.3396405567 -0.764623307666 -0.25 h
 -67.3396405567 -0.764623307666 0.25 h
 -66.9472833586 0.00742321237773 -0.25 h
 -66.9472833586 0.00742321237773 0.25 h
 -69.7252423989 -1.53985422413 -0.25 h
 -69.7252423989 -1.53985422413 0.25 h
 -68.8604529178 -1.49360324183 -0.25 h
 -68.8604529178 -1.49360324183 0.25 h
 -69.2527931327 -2.26565839255 -0.25 h
 -69.2527931327 -2.26565839255 0.25 h
 -71.1770802142 -0.802064495004 -0.25 h
 -71.1770802142 -0.802064495004 0.25 h
 -72.0418696953 -0.848315477309 -0.25 h
 -72.0418696953 -0.848315477309 0.25 h
 -71.6495294804 -0.0762603265912 -0.25 h
 -71.6495294804 -0.0762603265912 0.25 h
 -74.4262273492 -1.62316327059 -0.25 h
 -74.4262273492 -1.62316327059 0.25 h
 -73.5614427208 -1.57682164217 -0.25 h
 -73.5614427208 -1.57682164217 0.25 h
 -73.9537020075 -2.34891791336 -0.25 h
 -73.9537020075 -2.34891791336 0.25 h
 -75.8792705345 -0.884952629381 -0.25 h
 -75.8792705345 -0.884952629381 0.25 h
 -76.7440551628 -0.931294257801 -0.25 h
 -76.7440551628 -0.931294257801 0.25 h
 -76.3517958761 -0.159197986615 -0.25 h
 -76.3517958761 -0.159197986615 0.25 h
 -79.1274145266 -1.7059660327 -0.25 h
 -79.1274145266 -1.7059660327 0.25 h
 -78.2626281851 -1.65965638318 -0.25 h
 -78.2626281851 -1.65965638318 0.25 h
 -78.6549160229 -2.43173814848 -0.25 h
 -78.6549160229 -2.43173814848 0.25 h
 -80.5810906854 -0.967366181173 -0.25 h
 -80.5810906854 -0.967366181173 0.25 h
 -81.4458770269 -1.01367583069 -0.25 h
 -81.4458770269 -1.01367583069 0.25 h
 -81.0535891891 -0.24159406539 -0.25 h
 -81.0535891891 -0.24159406539 0.25 h
 -83.8285458861 -1.7880947341 -0.25 h
 -83.8285458861 -1.7880947341 0.25 h
 -82.9637541469 -1.74188599277 -0.25 h
 -82.9637541469 -1.74188599277 0.25 h
 -83.3561320726 -2.51392197859 -0.25 h
 -83.3561320726 -2.51392197859 0.25 h
 -85.2821590642 -1.04931346728 -0.25 h
 -85.2821590642 -1.04931346728 0.25 h
 -86.1469508034 -1.09552220861 -0.25 h
 -86.1469508034 -1.09552220861 0.25 h
 -85.7545728777 -0.323486222794 -0.25 h
 -85.7545728777 -0.323486222794 0.25 h
 -88.5294565264 -1.86968423845 -0.25 h
 -88.5294565264 -1.86968423845 0.25 h
 -87.6646602544 -1.82356040557 -0.25 h
 -87.6646602544 -1.82356040557 0.25 h
 -88.0571139794 -2.59555786265 -0.25 h
 -88.0571139794 -2.59555786265 0.25 h
 -89.9829996608 -1.13075898381 -0.25 h
 -89.9829996608 -1.13075898381 0.25 h
 -90.8477959328 -1.17688281669 -0.25 h
 -90.8477959328 -1.17688281669 0.25 h
 -90.4553422078 -0.404885359611 -0.25 h
 -90.4553422078 -0.404885359611 0.25 h
 -93.2306134305 -1.95086343282 -0.25 h
 -93.2306134305 -1.95086343282 0.25 h
 -92.3658141149 -1.90479670024 -0.25 h
 -92.3658141149 -1.90479670024 0.25 h
 -92.758318812 -2.67676824296 -0.25 h
 -92.758318812 -2.67676824296 0.25 h
 -94.6840816963 -1.21185546446 -0.25 h
 -94.6840816963 -1.21185546446 0.25 h
 -95.5488810119 -1.25792219704 -0.25 h
 -95.5488810119 -1.25792219704 0.25 h
 -95.1563763148 -0.485950654323 -0.25 h
 -95.1563763148 -0.485950654323 0.25 h
 -97.9325239875 -2.03169664707 -0.25 h
 -97.9325239875 -2.03169664707 0.25 h
 -97.0677193427 -1.98573006941 -0.25 h
 -97.0677193427 -1.98573006941 0.25 h
 -97.4603134412 -2.75765614998 -0.25 h
 -97.4603134412 -2.75765614998 0.25 h
 -99.3852446589 -1.29285703973 -0.25 h
 -99.3852446589 -1.29285703973 0.25 h
 -100.250049304 -1.33882361738 -0.25 h
 -100.250049304 -1.33882361738 0.25 h
 -99.8574552053 -0.566897536812 -0.25 h
 -99.8574552053 -0.566897536812 0.25 h
 -102.63479637 -2.11233450289 -0.25 h
 -102.63479637 -2.11233450289 0.25 h
 -101.769981058 -2.06656904604 -0.25 h
 -101.769981058 -2.06656904604 0.25 h
 -102.162754666 -2.83840380378 -0.25 h
 -102.162754666 -2.83840380378 0.25 h
 -104.08623148 -1.37372381094 -0.25 h
 -104.08623148 -1.37372381094 0.25 h
 -104.951046792 -1.41948926779 -0.25 h
 -104.951046792 -1.41948926779 0.25 h
 -104.558273184 -0.647654510046 -0.25 h
 -104.558273184 -0.647654510046 0.25 h
 -107.337117406 -2.19317626989 -0.25 h
 -107.337117406 -2.19317626989 0.25 h
 -106.472295939 -2.14752727415 -0.25 h
 -106.472295939 -2.14752727415 0.25 h
 -106.865173483 -2.91930913188 -0.25 h
 -106.865173483 -2.91930913188 0.25 h
 -108.787043212 -1.45508780224 -0.25 h
 -108.787043212 -1.45508780224 0.25 h
 -109.651864679 -1.50073679797 -0.25 h
 -109.651864679 -1.50073679797 0.25 h
 -109.258987135 -0.728954940244 -0.25 h
 -109.258987135 -0.728954940244 0.25 h
 -112.039643297 -2.27588726729 -0.25 h
 -112.039643297 -2.27588726729 0.25 h
 -111.174822305 -2.23022928362 -0.25 h
 -111.174822305 -2.23022928362 0.25 h
 -111.567691827 -3.00201522442 -0.25 h
 -111.567691827 -3.00201522442 0.25 h
 -113.487398586 -1.53892265212 -0.25 h
 -113.487398586 -1.53892265212 0.25 h
 -114.352219578 -1.58458063579 -0.25 h
 -114.352219578 -1.58458063579 0.25 h
 -113.959350056 -0.812794694997 -0.25 h
 -113.959350056 -0.812794694997 0.25 h
 -116.742964831 -2.36055374392 -0.25 h
 -116.742964831 -2.36055374392 0.25 h
 -115.878078641 -2.3161479071 -0.25 h
 -115.878078641 -2.3161479071 0.25 h
 -116.272065153 -3.08736423743 -0.25 h
 -116.272065153 -3.08736423743 0.25 h
 -118.186126299 -1.62329477891 -0.25 h
 -118.186126299 -1.62329477891 0.25 h
 -119.051012489 -1.66770061572 -0.25 h
 -119.051012489 -1.66770061572 0.25 h
 -118.657025977 -0.89648428539 -0.25 h
 -118.657025977 -0.89648428539 0.25 h
 -121.448390328 -2.43891003914 -0.25 h
 -121.448390328 -2.43891003914 0.25 h
 -120.583358559 -2.3974366723 -0.25 h
 -120.583358559 -2.3974366723 0.25 h
 -120.979957454 -3.16731284198 -0.25 h
 -120.979957454 -3.16731284198 0.25 h
 -122.883758962 -1.69948513386 -0.25 h
 -122.883758962 -1.69948513386 0.25 h
 -123.74879073 -1.7409585007 -0.25 h
 -123.74879073 -1.7409585007 0.25 h
 -123.352191835 -0.971082331016 -0.25 h
 -123.352191835 -0.971082331016 0.25 h
 -126.156810736 -2.51379929184 -0.25 h
 -126.156810736 -2.51379929184 0.25 h
 -125.29182421 -2.47139281203 -0.25 h
 -125.29182421 -2.47139281203 0.25 h
 -125.687592384 -3.24169635754 -0.25 h
 -125.687592384 -3.24169635754 0.25 h
 -127.582831276 -1.78113546222 -0.25 h
 -127.582831276 -1.78113546222 0.25 h
 -128.447817802 -1.82354194203 -0.25 h
 -128.447817802 -1.82354194203 0.25 h
 -128.052049628 -1.05323839652 -0.25 h
 -128.052049628 -1.05323839652 0.25 h
 -130.872132177 -2.62503482008 -0.25 h
 -130.872132177 -2.62503482008 0.25 h
 -130.007527099 -2.57545599409 -0.25 h
 -130.007527099 -2.57545599409 0.25 h
 -130.396893115 -3.34901536843 -0.25 h
 -130.396893115 -3.34901536843 0.25 h
 -132.275486469 -1.91866568045 -0.25 h
 -132.275486469 -1.91866568045 0.25 h
 -133.140091546 -1.96824450644 -0.25 h
 -133.140091546 -1.96824450644 0.25 h
 -132.75072553 -1.1946851321 -0.25 h
 -132.75072553 -1.1946851321 0.25 h
$end
