$coord
   -3.50591872742616      0.45489376876420      0.00000000000000  c
   -1.17723112581735     -0.67542292418935      0.00000000000000  c
   -5.86298757309038     -0.88915923523140      0.00000000000000  c
   -8.18678394516723      0.23459381234552      0.00000000000000  c
  -10.55505395384158     -1.12922186645963      0.00000000000000  c
  -12.86157128913162     -0.03184266813371      0.00000000000000  c
    1.17666943144811      0.66622373687200      0.00000000000000  c
    3.50620706803105     -0.46263042711582      0.00000000000000  c
    5.86195111563807      0.88436418705029      0.00000000000000  c
    8.18800232516392     -0.23525122935095      0.00000000000000  c
   10.55349357540123      1.13386479883506      0.00000000000000  c
   12.86283815797760      0.04218314857162      0.00000000000000  c
 -3.05610695989 0.236560597246 -0.25 h
 -3.05610695989 0.236560597246 0.25 h
 -3.91990668422 0.174511936915 -0.25 h
 -3.91990668422 0.174511936915 0.25 h
 -3.54174253817 0.953608772132 -0.25 h
 -3.54174253817 0.953608772132 0.25 h
 -1.62704289335 -0.457089752671 -0.25 h
 -1.62704289335 -0.457089752671 0.25 h
 -0.763243169025 -0.39504109234 -0.25 h
 -0.763243169025 -0.39504109234 0.25 h
 -1.14140731507 -1.17413792756 -0.25 h
 -1.14140731507 -1.17413792756 0.25 h
 -6.31311765715 -0.671483082602 -0.25 h
 -6.31311765715 -0.671483082602 0.25 h
 -5.44940945308 -0.608173223742 -0.25 h
 -5.44940945308 -0.608173223742 0.25 h
 -5.82643560904 -1.38782139935 -0.25 h
 -5.82643560904 -1.38782139935 0.25 h
 -7.73665386111 0.0169176597156 -0.25 h
 -7.73665386111 0.0169176597156 0.25 h
 -8.60036206517 -0.0463921991435 -0.25 h
 -8.60036206517 -0.0463921991435 0.25 h
 -8.22333590922 0.733255976464 -0.25 h
 -8.22333590922 0.733255976464 0.25 h
 -11.0065573141 -0.914408655259 -0.25 h
 -11.0065573141 -0.914408655259 0.25 h
 -10.1432685758 -0.845615092212 -0.25 h
 -10.1432685758 -0.845615092212 0.25 h
 -10.5153359717 -1.62764185191 -0.25 h
 -10.5153359717 -1.62764185191 0.25 h
 -12.4100679289 -0.246655879335 -0.25 h
 -12.4100679289 -0.246655879335 0.25 h
 -13.2733566672 -0.315449442381 -0.25 h
 -13.2733566672 -0.315449442381 0.25 h
 -12.9012892713 0.466577317315 -0.25 h
 -12.9012892713 0.466577317315 0.25 h
 1.62662338196 0.448183735 -0.25 h
 1.62662338196 0.448183735 0.25 h
 0.762864275529 0.385572186129 -0.25 h
 0.762864275529 0.385572186129 0.25 h
 1.14052063685 1.16491528949 -0.25 h
 1.14052063685 1.16491528949 0.25 h
 3.05625311752 -0.244590425244 -0.25 h
 3.05625311752 -0.244590425244 0.25 h
 3.92001222395 -0.181978876373 -0.25 h
 3.92001222395 -0.181978876373 0.25 h
 3.54235586263 -0.961321979731 -0.25 h
 3.54235586263 -0.961321979731 0.25 h
 6.31247732158 0.667509079302 -0.25 h
 6.31247732158 0.667509079302 0.25 h
 5.44888598042 0.602624601505 -0.25 h
 5.44888598042 0.602624601505 0.25 h
 5.82449004492 1.38295888034 -0.25 h
 5.82449004492 1.38295888034 0.25 h
 7.73747611922 -0.0183961216029 -0.25 h
 7.73747611922 -0.0183961216029 0.25 h
 8.60106746039 0.0464883561944 -0.25 h
 8.60106746039 0.0464883561944 0.25 h
 8.22546339589 -0.733845922644 -0.25 h
 8.22546339589 -0.733845922644 0.25 h
 11.0055303527 0.920176352867 -0.25 h
 11.0055303527 0.920176352867 0.25 h
 10.142415564 0.849233689206 -0.25 h
 10.142415564 0.849233689206 0.25 h
 10.5125348094 1.63218435443 -0.25 h
 10.5125348094 1.63218435443 0.25 h
 12.4108013806 0.25587159454 -0.25 h
 12.4108013806 0.25587159454 0.25 h
 13.2739161693 0.326814258201 -0.25 h
 13.2739161693 0.326814258201 0.25 h
 12.9037969239 -0.456136407026 -0.25 h
 12.9037969239 -0.456136407026 0.25 h
