$coord
  -41.41761823556227     -1.20311246783080      0.00000000000000  c
  -43.67788973216377     -0.03761396576766      0.00000000000000  c
  -46.08102811535761     -1.32902532767788      0.00000000000000  c
  -48.35981865483353     -0.14588540796417      0.00000000000000  c
  -50.74707475716134     -1.42533694396695      0.00000000000000  c
  -53.03310454282561     -0.23862361592879      0.00000000000000  c
  -55.41407418212130     -1.51452092300815      0.00000000000000  c
  -57.70373147701551     -0.32625717914163      0.00000000000000  c
  -60.08163020432644     -1.60031806806193      0.00000000000000  c
  -62.37339121856140     -0.41141539910856      0.00000000000000  c
  -64.74959302374501     -1.68454617821209      0.00000000000000  c
  -67.04267529334953     -0.49530790985533      0.00000000000000  c
  -69.41787389298344     -1.76785590675477      0.00000000000000  c
  -71.71175301218889     -0.57837749400118      0.00000000000000  c
  -74.08644020237543     -1.85045513906208      0.00000000000000  c
  -76.38076713693712     -0.66076228940748      0.00000000000000  c
  -78.75521052196035     -1.93245718799186      0.00000000000000  c
  -81.04972773463051     -0.74255554218946      0.00000000000000  c
  -83.42408375003222     -2.01393726170884      0.00000000000000  c
  -85.71861467867734     -0.82382087447569      0.00000000000000  c
  -88.09302109018344     -2.09495431321505      0.00000000000000  c
  -90.38744644834931     -0.90463457554936      0.00000000000000  c
  -92.76202544849841     -2.17559775022264      0.00000000000000  c
  -95.05622322632287     -0.98507894621319      0.00000000000000  c
  -97.43111532122202     -2.25593181087501      0.00000000000000  c
  -99.72492314207008     -1.06523499962743      0.00000000000000  c
 -102.10025413567692     -2.33610521637474      0.00000000000000  c
 -104.39345434999566     -1.14531444380368      0.00000000000000  c
 -106.76944360843153     -2.41638258538420      0.00000000000000  c
 -109.06173619093830     -1.22562177658252      0.00000000000000  c
 -111.43883044125249     -2.49708568131489      0.00000000000000  c
 -113.72970810248991     -1.30648337824929      0.00000000000000  c
 -116.10861028843078     -2.57867208115928      0.00000000000000  c
 -118.39727735997896     -1.38850147239764      0.00000000000000  c
 -120.77937375448167     -2.66229551570359      0.00000000000000  c
 -123.06429941549807     -1.47345311384708      0.00000000000000  c
 -125.45280141131946     -2.75057489660395      0.00000000000000  c
 -127.73040534771722     -1.56514859148854      0.00000000000000  c
 -130.13484954987595     -2.85412438388180      0.00000000000000  c
 -132.39393407348487     -1.68632549456841      0.00000000000000  c
 -41.8620161343 -0.973960754816 -0.25 h
 -41.8620161343 -0.973960754816 0.25 h
 -40.9969680814 -0.932828454624 -0.25 h
 -40.9969680814 -0.932828454624 0.25 h
 -41.393870491 -1.70254819405 -0.25 h
 -41.393870491 -1.70254819405 0.25 h
 -43.2334918334 -0.266765678783 -0.25 h
 -43.2334918334 -0.266765678783 0.25 h
 -44.0985398863 -0.307897978975 -0.25 h
 -44.0985398863 -0.307897978975 0.25 h
 -43.7016374768 0.461821760454 -0.25 h
 -43.7016374768 0.461821760454 0.25 h
 -46.524782385 -1.09862969372 -0.25 h
 -46.524782385 -1.09862969372 0.25 h
 -45.6596225086 -1.05992067408 -0.25 h
 -45.6596225086 -1.05992067408 0.25 h
 -46.0586794524 -1.82852561523 -0.25 h
 -46.0586794524 -1.82852561523 0.25 h
 -47.9160643852 -0.37628104192 -0.25 h
 -47.9160643852 -0.37628104192 0.25 h
 -48.7812242616 -0.414990061562 -0.25 h
 -48.7812242616 -0.414990061562 0.25 h
 -48.3821673177 0.353614879589 -0.25 h
 -48.3821673177 0.353614879589 0.25 h
 -51.1908437271 -1.1949696257 -0.25 h
 -51.1908437271 -1.1949696257 0.25 h
 -50.3256863224 -1.15620540172 -0.25 h
 -50.3256863224 -1.15620540172 0.25 h
 -50.724694222 -1.92483580447 -0.25 h
 -50.724694222 -1.92483580447 0.25 h
 -52.5893355729 -0.468990934191 -0.25 h
 -52.5893355729 -0.468990934191 0.25 h
 -53.4544929776 -0.507755158172 -0.25 h
 -53.4544929776 -0.507755158172 0.25 h
 -53.055485078 0.260875244577 -0.25 h
 -53.055485078 0.260875244577 0.25 h
 -55.8578695171 -1.28420440033 -0.25 h
 -55.8578695171 -1.28420440033 0.25 h
 -54.9927165551 -1.24534115015 -0.25 h
 -54.9927165551 -1.24534115015 0.25 h
 -55.3916364742 -2.01401721855 -0.25 h
 -55.3916364742 -2.01401721855 0.25 h
 -57.259936142 -0.556573701824 -0.25 h
 -57.259936142 -0.556573701824 0.25 h
 -58.1250891041 -0.595436952003 -0.25 h
 -58.1250891041 -0.595436952003 0.25 h
 -57.726169185 0.173239116402 -0.25 h
 -57.726169185 0.173239116402 0.25 h
 -60.5254613901 -1.3700706391 -0.25 h
 -60.5254613901 -1.3700706391 0.25 h
 -59.6603144888 -1.33107270068 -0.25 h
 -59.6603144888 -1.33107270068 0.25 h
 -60.0591147341 -2.09981086441 -0.25 h
 -60.0591147341 -2.09981086441 0.25 h
 -61.9295600328 -0.641662828069 -0.25 h
 -61.9295600328 -0.641662828069 0.25 h
 -62.7947069341 -0.680660766492 -0.25 h
 -62.7947069341 -0.680660766492 0.25 h
 -62.3959066888 0.0880773972355 -0.25 h
 -62.3959066888 0.0880773972355 0.25 h
 -65.1934518857 -1.4543521065 -0.25 h
 -65.1934518857 -1.4543521065 0.25 h
 -64.3283096789 -1.41525016391 -0.25 h
 -64.3283096789 -1.41525016391 0.25 h
 -64.7270175067 -2.18403626423 -0.25 h
 -64.7270175067 -2.18403626423 0.25 h
 -66.5988164314 -0.725501981565 -0.25 h
 -66.5988164314 -0.725501981565 0.25 h
 -67.4639586382 -0.764603924162 -0.25 h
 -67.4639586382 -0.764603924162 0.25 h
 -67.0652508104 0.00418217616077 -0.25 h
 -67.0652508104 0.00418217616077 0.25 h
 -69.861746445 -1.53768823394 -0.25 h
 -69.861746445 -1.53768823394 0.25 h
 -68.9966065652 -1.49853483711 -0.25 h
 -68.9966065652 -1.49853483711 0.25 h
 -69.3952686688 -2.26734464921 -0.25 h
 -69.3952686688 -2.26734464921 0.25 h
 -71.2678804602 -0.808545166814 -0.25 h
 -71.2678804602 -0.808545166814 0.25 h
 -72.13302034 -0.847698563643 -0.25 h
 -72.13302034 -0.847698563643 0.25 h
 -71.7343582364 -0.0788887515465 -0.25 h
 -71.7343582364 -0.0788887515465 0.25 h
 -74.5303141597 -1.62029017643 -0.25 h
 -74.5303141597 -1.62029017643 0.25 h
 -73.665174519 -1.58113149727 -0.25 h
 -73.665174519 -1.58113149727 0.25 h
 -74.0638319284 -2.34994374349 -0.25 h
 -74.0638319284 -2.34994374349 0.25 h
 -75.9368931796 -0.890927252039 -0.25 h
 -75.9368931796 -0.890927252039 0.25 h
 -76.8020328203 -0.930085931199 -0.25 h
 -76.8020328203 -0.930085931199 0.25 h
 -76.4033754109 -0.161273684984 -0.25 h
 -76.4033754109 -0.161273684984 0.25 h
 -79.1990757728 -1.70227543576 -0.25 h
 -79.1990757728 -1.70227543576 0.25 h
 -78.3339346516 -1.66314948099 -0.25 h
 -78.3339346516 -1.66314948099 0.25 h
 -78.7326211414 -2.43194664723 -0.25 h
 -78.7326211414 -2.43194664723 0.25 h
 -80.6058624837 -0.972737294421 -0.25 h
 -80.6058624837 -0.972737294421 0.25 h
 -81.471003605 -1.01186324919 -0.25 h
 -81.471003605 -1.01186324919 0.25 h
 -81.0723171152 -0.243066082954 -0.25 h
 -81.0723171152 -0.243066082954 0.25 h
 -83.8679325859 -1.78372385884 -0.25 h
 -83.8679325859 -1.78372385884 0.25 h
 -83.0027886769 -1.7446595958 -0.25 h
 -83.0027886769 -1.7446595958 0.25 h
 -83.4015299873 -2.51342833048 -0.25 h
 -83.4015299873 -2.51342833048 0.25 h
 -85.2747658428 -1.05403427734 -0.25 h
 -85.2747658428 -1.05403427734 0.25 h
 -86.1399097518 -1.09309854038 -0.25 h
 -86.1399097518 -1.09309854038 0.25 h
 -85.7411684415 -0.324329805702 -0.25 h
 -85.7411684415 -0.324329805702 0.25 h
 -88.5368495179 -1.86470156788 -0.25 h
 -88.5368495179 -1.86470156788 0.25 h
 -87.6717021496 -1.82571399254 -0.25 h
 -87.6717021496 -1.82571399254 0.25 h
 -88.0705116031 -2.59444737922 -0.25 h
 -88.0705116031 -2.59444737922 0.25 h
 -89.9436180206 -1.13488732088 -0.25 h
 -89.9436180206 -1.13488732088 0.25 h
 -90.808765389 -1.17387489623 -0.25 h
 -90.808765389 -1.17387489623 0.25 h
 -90.4099559355 -0.405141509542 -0.25 h
 -90.4099559355 -0.405141509542 0.25 h
 -93.2058287963 -1.94529666807 -0.25 h
 -93.2058287963 -1.94529666807 0.25 h
 -92.3406771869 -1.90640331778 -0.25 h
 -92.3406771869 -1.90640331778 0.25 h
 -92.7395703622 -2.67509326482 -0.25 h
 -92.7395703622 -2.67509326482 0.25 h
 -94.6124198785 -1.21538002836 -0.25 h
 -94.6124198785 -1.21538002836 0.25 h
 -95.4775714879 -1.25427337866 -0.25 h
 -95.4775714879 -1.25427337866 0.25 h
 -95.0786783126 -0.485583431618 -0.25 h
 -95.0786783126 -0.485583431618 0.25 h
 -97.8748885801 -2.02557275486 -0.25 h
 -97.8748885801 -2.02557275486 0.25 h
 -97.0097318973 -1.98679242316 -0.25 h
 -97.0097318973 -1.98679242316 0.25 h
 -97.4087254863 -2.75543025461 -0.25 h
 -97.4087254863 -2.75543025461 0.25 h
 -99.2811498832 -1.29559405564 -0.25 h
 -99.2811498832 -1.29559405564 0.25 h
 -100.146306566 -1.33437438735 -0.25 h
 -100.146306566 -1.33437438735 0.25 h
 -99.747312977 -0.565736555895 -0.25 h
 -99.747312977 -0.565736555895 0.25 h
 -102.543994999 -2.10568376326 -0.25 h
 -102.543994999 -2.10568376326 0.25 h
 -101.678832872 -2.06702508244 -0.25 h
 -101.678832872 -2.06702508244 0.25 h
 -102.077934536 -2.83560680343 -0.25 h
 -102.077934536 -2.83560680343 0.25 h
 -103.949713486 -1.37573589692 -0.25 h
 -103.949713486 -1.37573589692 0.25 h
 -104.814875614 -1.41439457774 -0.25 h
 -104.814875614 -1.41439457774 0.25 h
 -104.41577395 -0.645812856753 -0.25 h
 -104.41577395 -0.645812856753 0.25 h
 -107.213149528 -2.18589384969 -0.25 h
 -107.213149528 -2.18589384969 0.25 h
 -106.347981548 -2.14736635541 -0.25 h
 -106.347981548 -2.14736635541 0.25 h
 -106.747199749 -2.91588755105 -0.25 h
 -106.747199749 -2.91588755105 0.25 h
 -108.618030272 -1.45611051228 -0.25 h
 -108.618030272 -1.45611051228 0.25 h
 -109.483198251 -1.49463800655 -0.25 h
 -109.483198251 -1.49463800655 0.25 h
 -109.08398005 -0.726116810913 -0.25 h
 -109.08398005 -0.726116810913 0.25 h
 -111.88249068 -2.266509029 -0.25 h
 -111.88249068 -2.266509029 0.25 h
 -111.017315083 -2.2281529701 -0.25 h
 -111.017315083 -2.2281529701 0.25 h
 -111.41668556 -2.99659504484 -0.25 h
 -111.41668556 -2.99659504484 0.25 h
 -113.286047864 -1.53706003056 -0.25 h
 -113.286047864 -1.53706003056 0.25 h
 -114.15122346 -1.57541608946 -0.25 h
 -114.15122346 -1.57541608946 0.25 h
 -113.751852983 -0.806974014725 -0.25 h
 -113.751852983 -0.806974014725 0.25 h
 -116.552213633 -2.34798598931 -0.25 h
 -116.552213633 -2.34798598931 0.25 h
 -115.6870286 -2.30984336176 -0.25 h
 -115.6870286 -2.30984336176 0.25 h
 -116.086588632 -3.07818689241 -0.25 h
 -116.086588632 -3.07818689241 0.25 h
 -117.953674016 -1.61918756424 -0.25 h
 -117.953674016 -1.61918756424 0.25 h
 -118.818859048 -1.6573301918 -0.25 h
 -118.818859048 -1.6573301918 0.25 h
 -118.419299016 -0.888986661151 -0.25 h
 -118.419299016 -0.888986661151 0.25 h
 -121.222928027 -2.43151508545 -0.25 h
 -121.222928027 -2.43151508545 0.25 h
 -120.357734903 -2.39355646254 -0.25 h
 -120.357734903 -2.39355646254 0.25 h
 -120.757458333 -3.16181499912 -0.25 h
 -120.757458333 -3.16181499912 0.25 h
 -122.620745143 -1.7042335441 -0.25 h
 -122.620745143 -1.7042335441 0.25 h
 -123.485938267 -1.74219216701 -0.25 h
 -123.485938267 -1.74219216701 0.25 h
 -123.086214837 -0.973933630428 -0.25 h
 -123.086214837 -0.973933630428 0.25 h
 -125.896324314 -2.51973418389 -0.25 h
 -125.896324314 -2.51973418389 0.25 h
 -125.031126038 -2.48189315193 -0.25 h
 -125.031126038 -2.48189315193 0.25 h
 -125.430953881 -3.25009735399 -0.25 h
 -125.430953881 -3.25009735399 0.25 h
 -127.286882445 -1.7959893042 -0.25 h
 -127.286882445 -1.7959893042 0.25 h
 -128.152080721 -1.83383033616 -0.25 h
 -128.152080721 -1.83383033616 0.25 h
 -127.752252878 -1.0656261341 -0.25 h
 -127.752252878 -1.0656261341 0.25 h
 -130.579013967 -2.62452044134 -0.25 h
 -130.579013967 -2.62452044134 0.25 h
 -129.713924494 -2.58426868634 -0.25 h
 -129.713924494 -2.58426868634 0.25 h
 -130.111610188 -3.35358402397 -0.25 h
 -130.111610188 -3.35358402397 0.25 h
 -131.949769656 -1.91592943711 -0.25 h
 -131.949769656 -1.91592943711 0.25 h
 -132.814859129 -1.95618119211 -0.25 h
 -132.814859129 -1.95618119211 0.25 h
 -132.417173435 -1.18686585448 -0.25 h
 -132.417173435 -1.18686585448 0.25 h
$end
