$coord
   -3.31483578193096     -3.49848836257265      0.00000000000000  c
   -0.69225675111071     -3.49409844877172      0.00000000000000  c
    0.68987630420627     -1.17817937706530      0.00000000000000  c
   -0.68980210902525      1.17805442648963      0.00000000000000  c
   -3.38580188215163      1.10610646758734      0.00000000000000  c
   -4.67309761896587     -1.17872754655045      0.00000000000000  c
    4.43533111164351     -2.90784497159090      0.00000000000000  h
   -4.35539847754017     -5.30382229771364      0.00000000000000  h
    0.36545468583342     -5.29097472835134      0.00000000000000  h
    3.38590165697727     -1.10609240994391      0.00000000000000  c
    0.69219382947143      3.49402018435821      0.00000000000000  c
   -4.43519348772229      2.90788386348426      0.00000000000000  h
   -6.75669300144112     -1.20279618642747      0.00000000000000  h
    3.31474825913569      3.49852531905637      0.00000000000000  c
    4.67311503824015      1.17882641332731      0.00000000000000  c
   -0.36557162815051      5.29086792241881      0.00000000000000  h
    4.35532373745117      5.30386291772722      0.00000000000000  h
    6.75670611507966      1.20287681453823      0.00000000000000  h
$user-defined bonds
$redundant
     number_of_atoms            18
     degrees_of_freedom         33
     internal_coordinates       33
     frozen_coordinates          0
# definitions of redundant internals
   1 k  1.0000000000000 stre   1    8           val=   2.08375
   2 k  1.0000000000000 stre   2    9           val=   2.08507
   3 k  1.0000000000000 stre   6   13           val=   2.08373
   4 k  1.0000000000000 stre  11   16           val=   2.08507
   5 k  1.0000000000000 stre  14   17           val=   2.08376
   6 k  1.0000000000000 stre  15   18           val=   2.08373
   7 k  1.0000000000000 stre   3    2           val=   2.69699
   8 k  1.0000000000000 stre   2    1           val=   2.62258
   9 k  1.0000000000000 stre   3   10           val=   2.69699
  10 k  1.0000000000000 stre  10   15           val=   2.62255
  11 k  1.0000000000000 stre  15   14           val=   2.68815
  12 k  1.0000000000000 stre  14   11           val=   2.62256
  13 k  1.0000000000000 stre  11    4           val=   2.69696
  14 k  1.0000000000000 stre   1    6           val=   2.68815
  15 k  1.0000000000000 stre   6    5           val=   2.62252
  16 k  1.0000000000000 stre   5    4           val=   2.69696
  17 k  1.0000000000000 stre   5   12           val=   2.08510
  18 k  1.0000000000000 stre   3    4           val=   2.73045
  19 k  1.0000000000000 stre  10    7           val=   2.08509
  20 k -0.4082482904639 bend   4    2    3      val=  -0.00012
        0.4082482904639 bend   3    1    2
       -0.4082482904639 bend   2    6    1
        0.4082482904639 bend   1    5    6
       -0.4082482904639 bend   6    4    5
        0.4082482904639 bend   5    3    4
  21 k -0.4082482904639 bend   4   10    3      val=   0.00130
        0.4082482904639 bend   3   15   10
       -0.4082482904639 bend  10   14   15
        0.4082482904639 bend  15   11   14
       -0.4082482904639 bend  14    4   11
        0.4082482904639 bend  11    3    4
  22 k -0.7071067811865 bend  10   18   15      val=  -0.18256
        0.7071067811865 bend  14   18   15
  23 k -0.7071067811865 bend   5   13    6      val=  -0.18560
        0.7071067811865 bend   1   13    6
  24 k  0.7071067811865 bend  11   17   14      val=   0.18403
       -0.7071067811865 bend  15   17   14
  25 k -0.7071067811865 bend   2    8    1      val=  -0.18122
        0.7071067811865 bend   6    8    1
  26 k -0.7071067811865 bend   6   12    5      val=  -0.84831
        0.7071067811865 bend   4   12    5
  27 k  0.7071067811865 bend  15    7   10      val=   0.84977
       -0.7071067811865 bend   3    7   10
  28 k -0.7071067811865 bend   1    9    2      val=  -0.84908
        0.7071067811865 bend   3    9    2
  29 k  0.7071067811865 bend  14   16   11      val=   0.84799
       -0.7071067811865 bend   4   16   11
  30 k  0.5000000000000 bend   4   10    3      val=  -0.69433
       -0.5000000000000 bend   3   15   10
        0.5000000000000 bend  15   11   14
       -0.5000000000000 bend  14    4   11
  31 k  0.5000000000000 bend   4    2    3      val=  -0.69425
       -0.5000000000000 bend   3    1    2
        0.5000000000000 bend   1    5    6
       -0.5000000000000 bend   6    4    5
  32 k -0.2886751345948 bend   4    2    3      val=  -0.34650
       -0.2886751345948 bend   3    1    2
        0.5773502691896 bend   2    6    1
       -0.2886751345948 bend   1    5    6
       -0.2886751345948 bend   6    4    5
        0.5773502691896 bend   5    3    4
  33 k -0.2886751345948 bend   4   10    3      val=  -0.34636
       -0.2886751345948 bend   3   15   10
        0.5773502691896 bend  10   14   15
       -0.2886751345948 bend  15   11   14
       -0.2886751345948 bend  14    4   11
        0.5773502691896 bend  11    3    4
        33 non zero eigenvalues  of BmBt
           1           4.755863014    1    0
         1
           2           4.227214833    2    0
         2
           3           4.022153874    3    0
         3
           4           3.965877952    4    0
         4
           5           3.727973769    5    0
         5
           6           3.308729080    6    0
         6
           7           3.284467571    7    0
         7
           8           3.237240425    8    0
         8
           9           3.059103078    9    0
         9
          10           3.052652160   10    0
        10
          11           2.665834925   11    0
        11
          12           2.141935283   12    0
        12
          13           2.095453934   13    0
        13
          14           1.901770256   14    0
        14
          15           1.727378802   15    0
        15
          16           1.701385752   16    0
        16
          17           1.679599793   17    0
        17
          18           1.391589479   18    0
        18
          19           1.033450304   19    0
        19
          20           0.908163585   20    0
        20
          21           0.463974987   21    0
        21
          22           0.415565723   22    0
        22
          23           0.376780811   23    0
        23
          24           0.374677791   24    0
        24
          25           0.335105570   25    0
        25
          26           0.331027936   26    0
        26
          27           0.313568760   27    0
        27
          28           0.311485825   28    0
        28
          29           0.290499341   29    0
        29
          30           0.242885645   30    0
        30
          31           0.197958548   31    0
        31
          32           0.119493414   32    0
        32
          33           0.036961259   33    0
        33
$end
