$coord
    1.35921219717703     -0.22018776574636      0.00000000000000  c
    2.57456370934028      1.48374801839095      0.00000000000000  h
    2.45401463224004     -2.53265682138245      0.00000000000000  c
    1.30300490225150     -4.27693626974655      0.00000000000000  h
    4.52688073584706     -2.76062313127997      0.00000000000000  h
   -1.35950868882251      0.22042130992140      0.00000000000000  c
   -2.57472404718524     -1.48358626831297      0.00000000000000  h
   -2.45430432583742      2.53308014766715      0.00000000000000  c
   -4.52733383111782      2.76035308638355      0.00000000000000  h
   -1.30180528389293      4.27638769410526      0.00000000000000  h
$user-defined bonds
$redundant
     number_of_atoms            10
     degrees_of_freedom         17
     internal_coordinates       17
     frozen_coordinates          0
# definitions of redundant internals
   1 k  1.0000000000000 stre   3    4           val=   2.08982
   2 k  1.0000000000000 stre   8    9           val=   2.08545
   3 k  1.0000000000000 stre   1    3           val=   2.55854
   4 k  1.0000000000000 stre   6    8           val=   2.55870
   5 k  1.0000000000000 stre   1    6           val=   2.75419
   6 k  1.0000000000000 stre   8   10           val=   2.08983
   7 k  1.0000000000000 stre   1    2           val=   2.09296
   8 k  1.0000000000000 stre   6    7           val=   2.09294
   9 k  1.0000000000000 stre   3    5           val=   2.08536
  10 k  0.8164954993247 bend  10    9    8      val=  -2.09119
       -0.4093987000902 bend   6    9    8
       -0.4070967992345 bend   6   10    8
  11 k  0.8164954984349 bend   4    5    3      val=  -2.14230
       -0.4093991729613 bend   1    5    3
       -0.4070963254736 bend   1    4    3
  12 k -0.7071067811865 bend   8    7    6      val=  -1.44191
        0.7071067811865 bend   1    7    6
  13 k -0.7071067811865 bend   3    2    1      val=  -1.43676
        0.7071067811865 bend   6    2    1
  14 k -0.0013295496170 bend   4    5    3      val=  -0.17822
       -0.7064410689118 bend   1    5    3
        0.7077706185288 bend   1    4    3
  15 k -0.0013290030787 bend  10    9    8      val=  -0.19101
       -0.7064413429515 bend   6    9    8
        0.7077703460302 bend   6   10    8
  16 k  1.0000000000000 bend   6    3    1      val= 124.54008
  17 k  1.0000000000000 bend   1    8    6      val= 124.53812
        17 non zero eigenvalues  of BmBt
           1           4.460486474    1    0
         1
           2           4.074988660    2    0
         2
           3           3.682157280    3    0
         3
           4           3.584260468    4    0
         4
           5           2.622778799    5    0
         5
           6           2.500461912    6    0
         6
           7           2.133349954    7    0
         7
           8           1.508568052    8    0
         8
           9           0.900087571    9    0
         9
          10           0.896334676   10    0
        10
          11           0.661724950   11    0
        11
          12           0.558738045   12    0
        12
          13           0.384153817   13    0
        13
          14           0.375214933   14    0
        14
          15           0.319730072   15    0
        15
          16           0.106177510   16    0
        16
          17           0.040165326   17    0
        17
$end
