$coord
  -17.61902169741064     -0.49983390291988      0.00000000000000  c
  -17.42026716700970     -2.56931232700265      0.00000000000000  h
  -19.92814721821656      0.62077213548816      0.00000000000000  c
  -20.03406961575263      2.70011635693959      0.00000000000000  h
  -22.30799731929228     -0.71648920376097      0.00000000000000  c
  -22.22794949113243     -2.79685364357797      0.00000000000000  h
  -24.63551120670647      0.43976345926710      0.00000000000000  c
  -24.70386738437746      2.52128013465063      0.00000000000000  h
  -27.00348158266251     -0.86844543645655      0.00000000000000  c
  -29.33678205805735      0.30288731627406      0.00000000000000  c
  -26.94240316063435     -2.94941336353544      0.00000000000000  h
  -31.69977952048380     -0.99332708703275      0.00000000000000  c
  -29.39288344211687      2.38445810124874      0.00000000000000  h
  -34.03634140410278      0.18563038533618      0.00000000000000  c
  -31.64728327837013     -3.07463707768896      0.00000000000000  h
  -36.39665923399154     -1.10367460464424      0.00000000000000  c
  -34.08579191005376      2.26728440653001      0.00000000000000  h
  -38.73516172382359      0.08012909442592      0.00000000000000  c
  -36.34945449861704     -3.18516948551098      0.00000000000000  h
  -41.09381177299308     -1.20470962355493      0.00000000000000  c
  -38.78040000695008      2.16184034836557      0.00000000000000  h
  -43.43358769020235     -0.01759658668437      0.00000000000000  c
  -41.05008637195325     -3.28631313217503      0.00000000000000  h
  -45.79112234771469     -1.29936424066884      0.00000000000000  c
  -43.47595211446529      2.06415215416257      0.00000000000000  h
  -48.13176777598972     -0.10991839828626      0.00000000000000  c
  -45.74979251504526     -3.38104012237003      0.00000000000000  h
  -50.48856145353762     -1.38941565131237      0.00000000000000  c
  -48.17221229620142      1.97186365086103      0.00000000000000  h
  -52.82980877602194     -0.19819439633430      0.00000000000000  c
  -50.44896133423934     -3.47114599935319      0.00000000000000  h
  -55.18608413865224     -1.47604141089962      0.00000000000000  c
  -52.86874397100896      1.88360748990533      0.00000000000000  h
  -57.52772828228296     -0.28354498790452      0.00000000000000  c
  -55.14774033946737     -3.55780326312260      0.00000000000000  h
  -57.56556489469524      1.79827023286883      0.00000000000000  h
  -59.88364085716744     -1.56018808899064      0.00000000000000  c
  -59.84623655579647     -3.64197448960404      0.00000000000000  h
  -62.22556642503832     -0.36674830121222      0.00000000000000  c
  -62.26259537505842      1.71507513735118      0.00000000000000  h
  -64.58124769422773     -1.64252670859862      0.00000000000000  c
  -64.54452334744107     -3.72433113120716      0.00000000000000  h
  -66.92336796513301     -0.44840735405359      0.00000000000000  c
  -66.95979630255222      1.63342273821072      0.00000000000000  h
  -69.27891986351266     -1.72360533328842      0.00000000000000  c
  -71.62110999117370     -0.52905594391871      0.00000000000000  c
  -69.24259619700334     -3.80541805633810      0.00000000000000  h
  -73.97663412868256     -1.80389461958465      0.00000000000000  c
  -71.65710871836862      1.55276954834068      0.00000000000000  h
  -76.31879735890182     -0.60905062838931      0.00000000000000  c
  -73.94080002815228     -3.88571438170258      0.00000000000000  h
  -78.67440632059079     -1.88371236667434      0.00000000000000  c
  -76.35456881117568      1.47277261771708      0.00000000000000  h
  -78.63867416740396     -3.96553959955827      0.00000000000000  h
  -81.01644039954790     -0.68880233545775      0.00000000000000  c
  -81.05219163229545      1.39301625143398      0.00000000000000  h
  -83.37223726396927     -1.96350647472831      0.00000000000000  c
  -83.33642785922885     -4.04533695101624      0.00000000000000  h
  -85.71403732710830     -0.76871334794874      0.00000000000000  c
  -85.74995415015445      1.31309556989565      0.00000000000000  h
  -88.07013178263242     -2.04369515314030      0.00000000000000  c
  -88.03402016297007     -4.12552764385401      0.00000000000000  h
  -90.41158056264098     -0.84926869371596      0.00000000000000  c
  -92.76811070142007     -2.12475219120821      0.00000000000000  c
  -90.44806024718281      1.23253289562930      0.00000000000000  h
  -95.10908760018565     -0.93090153406880      0.00000000000000  c
  -92.73143982113174     -4.20658810231813      0.00000000000000  h
  -97.46618554390676     -2.20722298963030      0.00000000000000  c
  -95.14615441750648      1.15088362169238      0.00000000000000  h
  -99.80654229448186     -1.01433255935202      0.00000000000000  c
  -97.42867782690082     -4.28904980982384      0.00000000000000  h
  -99.84461074501588      1.06742535473843      0.00000000000000  h
 -102.16435420274485     -2.29196305871279      0.00000000000000  c
 -102.12562207916174     -4.37377828376223      0.00000000000000  h
 -104.50394621276783     -1.10049767866223      0.00000000000000  c
 -104.54349765105324      0.98121927817891      0.00000000000000  h
 -106.86269147036298     -2.38005889248599      0.00000000000000  c
 -106.82217960377447     -4.46185375620380      0.00000000000000  h
 -109.20128623694229     -1.19065719505210      0.00000000000000  c
 -109.24298200763910      0.89099858806783      0.00000000000000  h
 -111.56128992332728     -2.47304673241635      0.00000000000000  c
 -113.89850626989831     -1.28674529783726      0.00000000000000  c
 -111.51817576075860     -4.55481034278398      0.00000000000000  h
 -116.26027410977795     -2.57342953837130      0.00000000000000  c
 -113.94347197709017      0.79480500058492      0.00000000000000  h
 -118.59547204130385     -1.39178249156666      0.00000000000000  c
 -116.21319075855003     -4.65514039456003      0.00000000000000  h
 -120.96001050000800     -2.68519111126472      0.00000000000000  c
 -118.64555955964855      0.68958996699874      0.00000000000000  h
 -120.90642247328127     -4.76682738113857      0.00000000000000  h
 -123.29190069841292     -1.51105358387157      0.00000000000000  c
 -123.35055160216821      0.56998385266604      0.00000000000000  h
 -125.66144852132423     -2.81636934611133      0.00000000000000  c
 -125.59564774411389     -4.89797122536679      0.00000000000000  h
 -127.98757458073963     -1.65723585706799      0.00000000000000  c
 -128.06502174440431      0.42323744584591      0.00000000000000  h
 -130.36909835818071     -2.99148175980103      0.00000000000000  c
 -130.26565282642281     -5.07096032251567      0.00000000000000  h
 -132.67684459821646     -1.86792772708796      0.00000000000000  c
 -132.87260204979995      0.20182589161888      0.00000000000000  h
 -134.42647601988591     -2.98352643957381      0.00000000000000  h
  -15.87074140935028      0.61787688808621      0.00000000000000  h
$user-defined bonds
$redundant
     number_of_atoms           102
     degrees_of_freedom        201
     internal_coordinates      201
     frozen_coordinates          0
# definitions of redundant internals
   1 k  1.0000000000000 stre  68   71           val=   2.08216
   2 k  1.0000000000000 stre  63   64           val=   2.67957
   3 k  1.0000000000000 stre  41   39           val=   2.67896
   4 k  1.0000000000000 stre  16   19           val=   2.08203
   5 k  1.0000000000000 stre  22   25           val=   2.08218
   6 k  1.0000000000000 stre  32   35           val=   2.08211
   7 k  1.0000000000000 stre  34   36           val=   2.08216
   8 k  1.0000000000000 stre  45   47           val=   2.08213
   9 k  1.0000000000000 stre  48   51           val=   2.08213
  10 k  1.0000000000000 stre  50   53           val=   2.08213
  11 k  1.0000000000000 stre  52   54           val=   2.08213
  12 k  1.0000000000000 stre  59   60           val=   2.08212
  13 k  1.0000000000000 stre  61   62           val=   2.08215
  14 k  1.0000000000000 stre  63   65           val=   2.08212
  15 k  1.0000000000000 stre  64   67           val=   2.08216
  16 k  1.0000000000000 stre  66   69           val=   2.08212
  17 k  1.0000000000000 stre   1  102           val=   2.07503
  18 k  1.0000000000000 stre  70   72           val=   2.08211
  19 k  1.0000000000000 stre  75   76           val=   2.08209
  20 k  1.0000000000000 stre  79   80           val=   2.08207
  21 k  1.0000000000000 stre  88   90           val=   2.08233
  22 k  1.0000000000000 stre  91   92           val=   2.08186
  23 k  1.0000000000000 stre  93   94           val=   2.08264
  24 k  1.0000000000000 stre  95   96           val=   2.08191
  25 k  1.0000000000000 stre  97   98           val=   2.08205
  26 k  1.0000000000000 stre  99  101           val=   2.07504
  27 k  1.0000000000000 stre   3    1           val=   2.56667
  28 k  1.0000000000000 stre  97   99           val=   2.56672
  29 k  1.0000000000000 stre  95   97           val=   2.72981
  30 k  1.0000000000000 stre  93   95           val=   2.59893
  31 k  1.0000000000000 stre   9    7           val=   2.70531
  32 k  1.0000000000000 stre  91   93           val=   2.70529
  33 k  1.0000000000000 stre  10    9           val=   2.61081
  34 k  1.0000000000000 stre  12   10           val=   2.69517
  35 k  1.0000000000000 stre  84   86           val=   2.61714
  36 k  1.0000000000000 stre  18   16           val=   2.62107
  37 k  1.0000000000000 stre  81   82           val=   2.62105
  38 k  1.0000000000000 stre  20   18           val=   2.68590
  39 k  1.0000000000000 stre  79   81           val=   2.68592
  40 k  1.0000000000000 stre  22   20           val=   2.62370
  41 k  1.0000000000000 stre  24   22           val=   2.68345
  42 k  1.0000000000000 stre  75   77           val=   2.68346
  43 k  1.0000000000000 stre  73   75           val=   2.62551
  44 k  1.0000000000000 stre  28   26           val=   2.68171
  45 k  1.0000000000000 stre  30   28           val=   2.62687
  46 k  1.0000000000000 stre  32   30           val=   2.68047
  47 k  1.0000000000000 stre  66   68           val=   2.68047
  48 k  1.0000000000000 stre  64   66           val=   2.62782
  49 k  1.0000000000000 stre  37   34           val=   2.67958
  50 k  1.0000000000000 stre   7    8           val=   2.08264
  51 k  1.0000000000000 stre  39   37           val=   2.62848
  52 k  1.0000000000000 stre  10   13           val=   2.08233
  53 k  1.0000000000000 stre  59   61           val=   2.67895
  54 k  1.0000000000000 stre  45   43           val=   2.67857
  55 k  1.0000000000000 stre  55   57           val=   2.67855
  56 k  1.0000000000000 stre  46   45           val=   2.62922
  57 k  1.0000000000000 stre  48   46           val=   2.67838
  58 k  1.0000000000000 stre  50   52           val=   2.67837
  59 k  1.0000000000000 stre  48   50           val=   2.62933
  60 k  1.0000000000000 stre  28   31           val=   2.08211
  61 k  1.0000000000000 stre  88   91           val=   2.61081
  62 k  1.0000000000000 stre  30   33           val=   2.08217
  63 k  1.0000000000000 stre  86   88           val=   2.69517
  64 k  1.0000000000000 stre  14   12           val=   2.61715
  65 k  1.0000000000000 stre   9   11           val=   2.08186
  66 k  1.0000000000000 stre  16   14           val=   2.68950
  67 k  1.0000000000000 stre  82   84           val=   2.68952
  68 k  1.0000000000000 stre   3    4           val=   2.08204
  69 k  1.0000000000000 stre  73   74           val=   2.08218
  70 k  1.0000000000000 stre  37   38           val=   2.08212
  71 k  1.0000000000000 stre  77   78           val=   2.08219
  72 k  1.0000000000000 stre  39   40           val=   2.08215
  73 k  1.0000000000000 stre  77   79           val=   2.62368
  74 k  1.0000000000000 stre  81   83           val=   2.08221
  75 k  1.0000000000000 stre  82   85           val=   2.08204
  76 k  1.0000000000000 stre  26   24           val=   2.62553
  77 k  1.0000000000000 stre  84   87           val=   2.08224
  78 k  1.0000000000000 stre  86   89           val=   2.08198
  79 k  1.0000000000000 stre  70   73           val=   2.68172
  80 k  1.0000000000000 stre  41   42           val=   2.08213
  81 k  1.0000000000000 stre  68   70           val=   2.62683
  82 k  1.0000000000000 stre  43   44           val=   2.08215
  83 k  1.0000000000000 stre  14   17           val=   2.08224
  84 k  1.0000000000000 stre  34   32           val=   2.62780
  85 k  1.0000000000000 stre  46   49           val=   2.08214
  86 k  1.0000000000000 stre   5    6           val=   2.08190
  87 k  1.0000000000000 stre  99  100           val=   2.07899
  88 k  1.0000000000000 stre  18   21           val=   2.08220
  89 k  1.0000000000000 stre  61   63           val=   2.62850
  90 k  1.0000000000000 stre  20   23           val=   2.08206
  91 k  1.0000000000000 stre  55   56           val=   2.08213
  92 k  1.0000000000000 stre  43   41           val=   2.62896
  93 k  1.0000000000000 stre  57   59           val=   2.62898
  94 k  1.0000000000000 stre   5    3           val=   2.72983
  95 k  1.0000000000000 stre  57   58           val=   2.08214
  96 k  1.0000000000000 stre   7    5           val=   2.59889
  97 k  1.0000000000000 stre  52   55           val=   2.62925
  98 k  1.0000000000000 stre   1    2           val=   2.07900
  99 k  1.0000000000000 stre  24   27           val=   2.08209
 100 k  1.0000000000000 stre  26   29           val=   2.08217
 101 k  1.0000000000000 stre  12   15           val=   2.08197
 102 k -0.8164965809099 bend 101  100   99      val=   2.16045
        0.4082529677796 bend  97  100   99
        0.4082436131302 bend  97  101   99
 103 k  0.7071067811865 bend  10   11    9      val=   0.55024
       -0.7071067811865 bend   7   11    9
 104 k -0.7071067811865 bend  79   83   81      val=   0.38246
        0.7071067811865 bend  82   83   81
 105 k -0.7071067811865 bend  61   65   63      val=  -0.30514
        0.7071067811865 bend  64   65   63
 106 k -0.7071067811865 bend  24   29   26      val=  -0.33344
        0.7071067811865 bend  28   29   26
 107 k -0.7071067811865 bend  43   47   45      val=   0.29607
        0.7071067811865 bend  46   47   45
 108 k -0.7588196990446 bend 102    2    1      val=   2.14521
        0.6404548614579 bend   3    2    1
        0.1183648375867 bend   3  102    1
 109 k -0.7071067811865 bend  88   92   91      val=  -0.55274
        0.7071067811865 bend  93   92   91
 110 k -0.7071067811865 bend  70   74   73      val=   0.33388
        0.7071067811865 bend  75   74   73
 111 k -0.7071067811865 bend  52   56   55      val=  -0.29048
        0.7071067811865 bend  57   56   55
 112 k  0.7071067811865 bend  48   53   50      val=   0.28920
       -0.7071067811865 bend  52   53   50
 113 k  0.7071067811865 bend  84   89   86      val=   0.45922
       -0.7071067811865 bend  88   89   86
 114 k  0.7071067811865 bend  66   71   68      val=  -0.31891
       -0.7071067811865 bend  70   71   68
 115 k  0.7071067811865 bend  93   96   95      val=   0.74584
       -0.7071067811865 bend  97   96   95
 116 k  0.7071067811865 bend  75   78   77      val=  -0.35434
       -0.7071067811865 bend  79   78   77
 117 k  0.7071067811865 bend  57   60   59      val=   0.29397
       -0.7071067811865 bend  61   60   59
 118 k -0.7071067811865 bend  45   49   46      val=  -0.29036
        0.7071067811865 bend  48   49   46
 119 k  0.7071067811865 bend  63   67   64      val=  -0.30713
       -0.7071067811865 bend  66   67   64
 120 k  0.7071067811865 bend  81   85   82      val=   0.40230
       -0.7071067811865 bend  84   85   82
 121 k -0.7071067811865 bend  34   38   37      val=   0.30460
        0.7071067811865 bend  39   38   37
 122 k -0.7071067811865 bend  30   35   32      val=   0.31323
        0.7071067811865 bend  34   35   32
 123 k -0.7071067811865 bend  16   21   18      val=  -0.38037
        0.7071067811865 bend  20   21   18
 124 k  0.7071067811865 bend  45   44   43      val=  -0.29511
       -0.7071067811865 bend  41   44   43
 125 k -0.7071067811865 bend  12   17   14      val=  -0.42527
        0.7071067811865 bend  16   17   14
 126 k -0.7071067811865 bend   5    4    3      val=   1.19363
        0.7071067811865 bend   1    4    3
 127 k  0.7071067811865 bend   9    8    7      val=  -0.62999
       -0.7071067811865 bend   5    8    7
 128 k -0.7071067811865 bend  26   31   28      val=   0.32452
        0.7071067811865 bend  30   31   28
 129 k -0.7071067811865 bend   9   13   10      val=  -0.49890
        0.7071067811865 bend  12   13   10
 130 k -0.7071067811865 bend  20   25   22      val=  -0.35034
        0.7071067811865 bend  24   25   22
 131 k  0.7071067811865 bend  39   42   41      val=  -0.29847
       -0.7071067811865 bend  43   42   41
 132 k -0.7071067811865 bend  26   27   24      val=  -0.34033
        0.7071067811865 bend  22   27   24
 133 k  0.7071067811865 bend  63   62   61      val=   0.29750
       -0.7071067811865 bend  59   62   61
 134 k  0.7071067811865 bend  81   80   79      val=  -0.36687
       -0.7071067811865 bend  77   80   79
 135 k -0.7071067811865 bend   3    6    5      val=   0.74603
        0.7071067811865 bend   7    6    5
 136 k -0.7071067811865 bend  14   15   12      val=  -0.45849
        0.7071067811865 bend  10   15   12
 137 k -0.7071067811865 bend  41   40   39      val=   0.30121
        0.7071067811865 bend  37   40   39
 138 k -0.7071067811865 bend  22   23   20      val=  -0.36477
        0.7071067811865 bend  18   23   20
 139 k -0.7071067811865 bend  99   98   97      val=  -1.19789
        0.7071067811865 bend  95   98   97
 140 k  0.7071067811865 bend  18   19   16      val=   0.40133
       -0.7071067811865 bend  14   19   16
 141 k  0.7071067811865 bend  32   33   30      val=  -0.31905
       -0.7071067811865 bend  28   33   30
 142 k  0.7071067811865 bend  37   36   34      val=  -0.30871
       -0.7071067811865 bend  32   36   34
 143 k -0.7071067811865 bend  86   87   84      val=  -0.42503
        0.7071067811865 bend  82   87   84
 144 k  0.7071067811865 bend  68   69   66      val=  -0.31306
       -0.7071067811865 bend  64   69   66
 145 k  0.7071067811865 bend  59   58   57      val=   0.29210
       -0.7071067811865 bend  55   58   57
 146 k -0.7071067811865 bend  50   51   48      val=  -0.28883
        0.7071067811865 bend  46   51   48
 147 k -0.7071067811865 bend  95   94   93      val=  -0.62978
        0.7071067811865 bend  91   94   93
 148 k  0.7071067811865 bend  77   76   75      val=  -0.34309
       -0.7071067811865 bend  73   76   75
 149 k  0.7071067811865 bend  91   90   88      val=   0.49820
       -0.7071067811865 bend  86   90   88
 150 k -0.7071067811865 bend  55   54   52      val=  -0.28940
        0.7071067811865 bend  50   54   52
 151 k  0.7071067811865 bend  73   72   70      val=  -0.32571
       -0.7071067811865 bend  68   72   70
 152 k -0.0000054009093 bend 101  100   99      val=   0.07766
       -0.7071040807164 bend  97  100   99
        0.7071094816257 bend  97  101   99
 153 k -0.3014288158232 bend 102    2    1      val=   0.87029
       -0.5064427283530 bend   3    2    1
        0.8078715441763 bend   3  102    1
 154 k  1.0000000000000 bend  46   43   45      val= 124.54851
 155 k  1.0000000000000 bend  61   64   63      val= 124.54815
 156 k  1.0000000000000 bend  79   82   81      val= 124.57003
 157 k  1.0000000000000 bend  10    7    9      val= 124.42414
 158 k  1.0000000000000 bend  28   24   26      val= 124.56427
 159 k  1.0000000000000 bend  86   91   88      val= 124.59537
 160 k  1.0000000000000 bend  68   73   70      val= 124.53986
 161 k  1.0000000000000 bend  50   55   52      val= 124.55064
 162 k  1.0000000000000 bend  73   77   75      val= 124.53324
 163 k  1.0000000000000 bend  55   59   57      val= 124.55170
 164 k  1.0000000000000 bend  91   95   93      val= 124.66333
 165 k  1.0000000000000 bend  82   86   84      val= 124.57845
 166 k  1.0000000000000 bend  64   68   66      val= 124.54468
 167 k  1.0000000000000 bend  50   46   48      val= 124.54901
 168 k  1.0000000000000 bend  95   99   97      val= 124.78063
 169 k  1.0000000000000 bend  77   81   79      val= 124.52329
 170 k  1.0000000000000 bend  59   63   61      val= 124.55315
 171 k  1.0000000000000 bend  37   32   34      val= 124.55948
 172 k  1.0000000000000 bend  41   37   39      val= 124.55784
 173 k  1.0000000000000 bend  18   14   16      val= 124.50519
 174 k  1.0000000000000 bend  22   18   20      val= 124.51983
 175 k  1.0000000000000 bend  32   28   30      val= 124.56141
 176 k  1.0000000000000 bend   7    3    5      val= 124.25086
 177 k  1.0000000000000 bend  14   10   12      val= 124.47906
 178 k  1.0000000000000 bend  12    9   10      val= 124.59621
 179 k  1.0000000000000 bend   9    5    7      val= 124.66403
 180 k  1.0000000000000 bend  45   41   43      val= 124.55617
 181 k  1.0000000000000 bend  43   39   41      val= 124.54657
 182 k  1.0000000000000 bend  26   22   24      val= 124.52921
 183 k  1.0000000000000 bend  24   20   22      val= 124.56602
 184 k  1.0000000000000 bend   5    1    3      val= 124.78089
 185 k  1.0000000000000 bend  16   12   14      val= 124.58066
 186 k  1.0000000000000 bend  30   26   28      val= 124.53569
 187 k  1.0000000000000 bend  39   34   37      val= 124.54394
 188 k  1.0000000000000 bend  20   16   18      val= 124.57175
 189 k  1.0000000000000 bend  34   30   32      val= 124.54055
 190 k  1.0000000000000 bend  81   84   82      val= 124.50759
 191 k  1.0000000000000 bend  93   97   95      val= 124.25275
 192 k  1.0000000000000 bend  63   66   64      val= 124.55466
 193 k  1.0000000000000 bend  48   45   46      val= 124.55499
 194 k  1.0000000000000 bend  57   61   59      val= 124.54951
 195 k  1.0000000000000 bend  75   79   77      val= 124.56352
 196 k  1.0000000000000 bend  48   52   50      val= 124.55320
 197 k  1.0000000000000 bend  84   88   86      val= 124.48110
 198 k  1.0000000000000 bend  66   70   68      val= 124.55719
 199 k  1.0000000000000 bend  88   93   91      val= 124.42504
 200 k  1.0000000000000 bend  70   75   73      val= 124.55999
 201 k  1.0000000000000 bend  52   57   55      val= 124.55175
       201 non zero eigenvalues  of BmBt
           1           4.684261370    1    0
         1
           2           4.674173579    2    0
         2
           3           4.657382344    3    0
         3
           4           4.633918958    4    0
         4
           5           4.603812530    5    0
         5
           6           4.568095185    6    0
         6
           7           4.524425401    7    0
         7
           8           4.475065409    8    0
         8
           9           4.419590362    9    0
         9
          10           4.358145844   10    0
        10
          11           4.290485009   11    0
        11
          12           4.220177288   12    0
        12
          13           4.143055229   13    0
        13
          14           4.063911320   14    0
        14
          15           3.995963231   15    0
        15
          16           3.975011616   16    0
        16
          17           3.956436261   17    0
        17
          18           3.952658955   18    0
        18
          19           3.923204482   19    0
        19
          20           3.915118100   20    0
        20
          21           3.897010725   21    0
        21
          22           3.867110978   22    0
        22
          23           3.834237223   23    0
        23
          24           3.805621831   24    0
        24
          25           3.780901709   25    0
        25
          26           3.764968337   26    0
        26
          27           3.720925319   27    0
        27
          28           3.694132942   28    0
        28
          29           3.665629418   29    0
        29
          30           3.607999154   30    0
        30
          31           3.586957978   31    0
        31
          32           3.538709151   32    0
        32
          33           3.506982291   33    0
        33
          34           3.465505637   34    0
        34
          35           3.427622182   35    0
        35
          36           3.389988376   36    0
        36
          37           3.354730872   37    0
        37
          38           3.307995008   38    0
        38
          39           3.250921454   39    0
        39
          40           3.208237319   40    0
        40
          41           3.183086399   41    0
        41
          42           3.119732313   42    0
        42
          43           3.113899667   43    0
        43
          44           3.055432993   44    0
        44
          45           2.998159906   45    0
        45
          46           2.988984821   46    0
        46
          47           2.939320485   47    0
        47
          48           2.889642180   48    0
        48
          49           2.857311773   49    0
        49
          50           2.814375426   50    0
        50
          51           2.812558421   51    0
        51
          52           2.649945099   52    0
        52
          53           2.636682072   53    0
        53
          54           2.597101038   54    0
        54
          55           2.570347033   55    0
        55
          56           2.530083251   56    0
        56
          57           2.489669671   57    0
        57
          58           2.460799194   58    0
        58
          59           2.437419776   59    0
        59
          60           2.393033869   60    0
        60
          61           2.382759183   61    0
        61
          62           2.342737257   62    0
        62
          63           2.312946074   63    0
        63
          64           2.275157912   64    0
        64
          65           2.253822875   65    0
        65
          66           2.234893398   66    0
        66
          67           2.205068799   67    0
        67
          68           2.175805656   68    0
        68
          69           2.151318999   69    0
        69
          70           2.142168198   70    0
        70
          71           2.124546350   71    0
        71
          72           2.101321020   72    0
        72
          73           2.081719738   73    0
        73
          74           2.064351613   74    0
        74
          75           2.050306597   75    0
        75
          76           2.037842426   76    0
        76
          77           2.035087524   77    0
        77
          78           2.024027021   78    0
        78
          79           2.015780671   79    0
        79
          80           2.008684782   80    0
        80
          81           2.003921013   81    0
        81
          82           2.000985188   82    0
        82
          83           1.932468564   83    0
        83
          84           1.829578451   84    0
        84
          85           1.733969402   85    0
        85
          86           1.640179642   86    0
        86
          87           1.551879187   87    0
        87
          88           1.469338091   88    0
        88
          89           1.392958214   89    0
        89
          90           1.324514099   90    0
        90
          91           1.259880273   91    0
        91
          92           1.203525613   92    0
        92
          93           1.153978022   93    0
        93
          94           1.111115695   94    0
        94
          95           1.074720595   95    0
        95
          96           1.044613967   96    0
        96
          97           1.020371939   97    0
        97
          98           1.001822321   98    0
        98
          99           0.988731302   99    0
        99
         100           0.980938568  100    0
       100
         101           0.913962639  101    0
       101
         102           0.849994319  102    0
       102
         103           0.664178103  103    0
       103
         104           0.663430617  104    0
       104
         105           0.662168694  105    0
       105
         106           0.660425505  106    0
       106
         107           0.658409436  107    0
       107
         108           0.654607037  108    0
       108
         109           0.649999899  109    0
       109
         110           0.646443331  110    0
       110
         111           0.642234675  111    0
       111
         112           0.637559115  112    0
       112
         113           0.631537976  113    0
       113
         114           0.628147638  114    0
       114
         115           0.621677916  115    0
       115
         116           0.615681657  116    0
       116
         117           0.609472341  117    0
       117
         118           0.603243250  118    0
       118
         119           0.597092378  119    0
       119
         120           0.587949316  120    0
       120
         121           0.580827995  121    0
       121
         122           0.573368451  122    0
       122
         123           0.565917088  123    0
       123
         124           0.556425402  124    0
       124
         125           0.545029886  125    0
       125
         126           0.537692193  126    0
       126
         127           0.529133487  127    0
       127
         128           0.520282822  128    0
       128
         129           0.511833210  129    0
       129
         130           0.494630952  130    0
       130
         131           0.487432754  131    0
       131
         132           0.477875074  132    0
       132
         133           0.467668158  133    0
       133
         134           0.457180169  134    0
       134
         135           0.446804152  135    0
       135
         136           0.435310290  136    0
       136
         137           0.424537263  137    0
       137
         138           0.413702568  138    0
       138
         139           0.402941278  139    0
       139
         140           0.392344936  140    0
       140
         141           0.381958985  141    0
       141
         142           0.372004277  142    0
       142
         143           0.362681807  143    0
       143
         144           0.358526629  144    0
       144
         145           0.353000897  145    0
       145
         146           0.344781978  146    0
       146
         147           0.337193656  147    0
       147
         148           0.330588790  148    0
       148
         149           0.324923439  149    0
       149
         150           0.320388259  150    0
       150
         151           0.317073798  151    0
       151
         152           0.315053225  152    0
       152
         153           0.297655533  153    0
       153
         154           0.172523303  154    0
       154
         155           0.171370036  155    0
       155
         156           0.169073412  156    0
       156
         157           0.167530624  157    0
       157
         158           0.165264149  158    0
       158
         159           0.163817155  159    0
       159
         160           0.161392513  160    0
       160
         161           0.156508272  161    0
       161
         162           0.148896995  162    0
       162
         163           0.147027704  163    0
       163
         164           0.140746854  164    0
       164
         165           0.138670947  165    0
       165
         166           0.132366579  166    0
       166
         167           0.126865462  167    0
       167
         168           0.122169586  168    0
       168
         169           0.116433795  169    0
       169
         170           0.110937987  170    0
       170
         171           0.107238731  171    0
       171
         172           0.096040092  172    0
       172
         173           0.093889891  173    0
       173
         174           0.083809242  174    0
       174
         175           0.080555746  175    0
       175
         176           0.074241575  176    0
       176
         177           0.066025001  177    0
       177
         178           0.063980938  178    0
       178
         179           0.055694166  179    0
       179
         180           0.050097070  180    0
       180
         181           0.047308133  181    0
       181
         182           0.039336003  182    0
       182
         183           0.036166521  183    0
       183
         184           0.032072907  184    0
       184
         185           0.025656285  185    0
       185
         186           0.023915409  186    0
       186
         187           0.020033519  187    0
       187
         188           0.015408148  188    0
       188
         189           0.013815300  189    0
       189
         190           0.011090688  190    0
       190
         191           0.007827761  191    0
       191
         192           0.006345673  192    0
       192
         193           0.005225318  193    0
       193
         194           0.003335949  194    0
       194
         195           0.002085405  195    0
       195
         196           0.001539285  196    0
       196
         197           0.001022269  197    0
       197
         198           0.000485824  198    0
       198
         199           0.000184269  199    0
       199
         200           0.000049144  200    0
       200
         201           0.000006588  201    0
       201
$end
