$coord
    1.35766587225652     -0.21857527964946      0.00000000000000  c
    2.43762529405033     -2.51225217538727      0.00000000000000  c
   -1.35749732451175      0.21843526897338      0.00000000000000  c
   -2.43747561579428      2.51199230070126      0.00000000000000  c
 1.57065836835 -0.67094039392 -0.25 h
 1.57065836835 -0.67094039392 0.25 h
 0.859409943467 -0.176849634944 -0.25 h
 0.859409943467 -0.176849634944 0.25 h
 1.64292930496 0.192064189916 -0.25 h
 1.64292930496 0.192064189916 0.25 h
 2.22463279796 -2.05988706112 -0.25 h
 2.22463279796 -2.05988706112 0.25 h
 2.93588122284 -2.55397782009 -0.25 h
 2.93588122284 -2.55397782009 0.25 h
 2.15236186135 -2.92289164495 -0.25 h
 2.15236186135 -2.92289164495 0.25 h
 -1.57050197804 0.670794658813 -0.25 h
 -1.57050197804 0.670794658813 0.25 h
 -0.859240274507 0.176723015131 -0.25 h
 -0.859240274507 0.176723015131 0.25 h
 -1.64274972099 -0.192211867024 -0.25 h
 -1.64274972099 -0.192211867024 0.25 h
 -2.22447096227 2.05963291086 -0.25 h
 -2.22447096227 2.05963291086 0.25 h
 -2.9357326658 2.55370455454 -0.25 h
 -2.9357326658 2.55370455454 0.25 h
 -2.15222321932 2.9226394367 -0.25 h
 -2.15222321932 2.9226394367 0.25 h
$end
