$coord
    3.51854838727426      0.51814889614271      0.00000000000000  c
    5.81885037284553     -0.66324724357839      0.00000000000000  c
    1.14843824556943     -0.76005403368771      0.00000000000000  c
   -1.15051120669952      0.42403872310459      0.00000000000000  c
   -3.52218998030837     -0.85135505543265      0.00000000000000  c
    8.18747933813971      0.61767269132042      0.00000000000000  c
   10.48910796876247     -0.56114745609270      0.00000000000000  c
   12.85638276952701      0.72234677920064      0.00000000000000  c
   15.15928485802526     -0.45407013856964      0.00000000000000  c
   17.52537865698559      0.83175481981411      0.00000000000000  c
   19.82957090423628     -0.34251282160535      0.00000000000000  c
   22.19455327779333      0.94547679993497      0.00000000000000  c
   24.49997943521784     -0.22684661974862      0.00000000000000  c
   26.86396099588165      1.06307824637021      0.00000000000000  c
   29.17030812813563     -0.10748290934905      0.00000000000000  c
   31.53338441192403      1.18414219746157      0.00000000000000  c
   33.84030235431252      0.01515677361813      0.00000000000000  c
   -5.81977464030069      0.33550083050116      0.00000000000000  c
   -8.19300785292337     -0.93707482767743      0.00000000000000  c
  -10.48939878210040      0.25252866867101      0.00000000000000  c
  -12.86419007886268     -1.01720943562290      0.00000000000000  c
  -15.15937707406596      0.17513805641550      0.00000000000000  c
  -17.53563992085684     -1.09188263005031      0.00000000000000  c
  -19.82952243395885      0.10301047323560      0.00000000000000  c
  -22.20712274164358     -1.16147654419018      0.00000000000000  c
  -24.49961367175618      0.03571684625028      0.00000000000000  c
   36.20259023458318      1.30822669438004      0.00000000000000  c
   38.50990748891976      0.14062426645198      0.00000000000000  c
   40.87151614052279      1.43494923708296      0.00000000000000  c
   43.17920299489816      0.26834496159682      0.00000000000000  c
   45.54033190992225      1.56355384692134      0.00000000000000  c
   47.84828130501446      0.39769880212965      0.00000000000000  c
   50.20917099278824      1.69356360985027      0.00000000000000  c
   52.51728858563663      0.52821690020579      0.00000000000000  c
   54.87818672539463      1.82454334118231      0.00000000000000  c
   57.18636917036446      0.65952430325371      0.00000000000000  c
   59.54737534544435      1.95622733359081      0.00000000000000  c
   61.85565434488580      0.79147826032262      0.00000000000000  c
   64.21692539074002      2.08845751602958      0.00000000000000  c
   66.52505683664818      0.92391476562920      0.00000000000000  c
   68.88669404188289      2.22128244373577      0.00000000000000  c
   71.19436628080895      1.05714527511204      0.00000000000000  c
   73.55648756381188      2.35520276352559      0.00000000000000  c
   75.86342977429179      1.19184738262711      0.00000000000000  c
  -26.87840946151703     -1.22645487857667      0.00000000000000  c
  -29.16960057714977     -0.02726872674428      0.00000000000000  c
  -31.54941720332499     -1.28745837540208      0.00000000000000  c
  -33.83954514944255     -0.08638283165911      0.00000000000000  c
  -36.22025813341427     -1.34472375551246      0.00000000000000  c
  -38.50947894373235     -0.14202169432679      0.00000000000000  c
  -40.89096878295700     -1.39881070866568      0.00000000000000  c
  -43.17947851695751     -0.19477533964749      0.00000000000000  c
  -45.56163594980404     -1.45034032396823      0.00000000000000  c
  -47.84964731437638     -0.24528252864778      0.00000000000000  c
  -50.23238022262002     -1.49996879195678      0.00000000000000  c
  -52.52020040583202     -0.29422282394631      0.00000000000000  c
  -54.90328162726026     -1.54838991433628      0.00000000000000  c
  -57.19119009592256     -0.34225968314508      0.00000000000000  c
  -59.57441132295154     -1.59628707047136      0.00000000000000  c
  -61.86240871506815     -0.39017975914801      0.00000000000000  c
  -64.24554371036285     -1.64443569343462      0.00000000000000  c
  -66.53356230184936     -0.43874000857814      0.00000000000000  c
  -68.91641432973945     -1.69354318909274      0.00000000000000  c
  -71.20444854882410     -0.48854953889394      0.00000000000000  c
  -73.58689823454709     -1.74417217442749      0.00000000000000  c
  -75.87524611209486     -0.54006240784707      0.00000000000000  c
  -78.25713072836278     -1.79669998391979      0.00000000000000  c
  -80.54591048008180     -0.59367624517849      0.00000000000000  c
  -82.92723590293329     -1.85153185870317      0.00000000000000  c
  -85.21655655461285     -0.64974159416704      0.00000000000000  c
  -87.59738837373784     -1.90898505299176      0.00000000000000  c
  -89.88732137020570     -0.70856154437393      0.00000000000000  c
  -92.26773700765510     -1.96924083899145      0.00000000000000  c
  -94.55835375981405     -0.77020586900845      0.00000000000000  c
  -96.93830892939120     -2.03255804498611      0.00000000000000  c
  -99.22955443736289     -0.83512927131747      0.00000000000000  c
 -101.60909798073754     -2.09935715129228      0.00000000000000  c
 -103.90065131189905     -0.90378437016583      0.00000000000000  c
 -106.27989644434810     -2.17017767350336      0.00000000000000  c
 -108.57141800493001     -0.97679267236931      0.00000000000000  c
 -110.95064009377533     -2.24580077385706      0.00000000000000  c
 -113.24199004680105     -1.05496822814619      0.00000000000000  c
 -115.62168973988082     -2.32739720151321      0.00000000000000  c
 -117.91245754849469     -1.14010882583716      0.00000000000000  c
 -120.29356267398610     -2.41767858130551      0.00000000000000  c
 -122.58277490731047     -1.23584204655835      0.00000000000000  c
 -124.96726421802718     -2.52240577435622      0.00000000000000  c
 -127.25309099852376     -1.35191331599602      0.00000000000000  c
 -129.64715099635077     -2.66163182986835      0.00000000000000  c
 -131.91897871673709     -1.51852413646484      0.00000000000000  c
   78.22625596635142      2.49115395595089      0.00000000000000  c
   80.53242223216780      1.32922781507526      0.00000000000000  c
   82.89628395228864      2.63090532636413      0.00000000000000  c
   85.20128330276361      1.47145345408864      0.00000000000000  c
   87.56699207766955      2.77731619375084      0.00000000000000  c
   89.86994983784668      1.62249573425985      0.00000000000000  c
   92.23928569906423      2.93672899528334      0.00000000000000  c
   94.53848269344313      1.79273699999832      0.00000000000000  c
   96.91731263444227      3.12991712898648      0.00000000000000  c
   99.20213678555707      2.01298946805906      0.00000000000000  c
 3.96331932554 0.289722075308 -0.25 h
 3.96331932554 0.289722075308 0.25 h
 3.09833948839 0.247179375159 -0.25 h
 3.09833948839 0.247179375159 0.25 h
 3.49398634789 1.01754523796 -0.25 h
 3.49398634789 1.01754523796 0.25 h
 5.37407943458 -0.434820422744 -0.25 h
 5.37407943458 -0.434820422744 0.25 h
 6.23905927173 -0.392277722595 -0.25 h
 6.23905927173 -0.392277722595 0.25 h
 5.84341241223 -1.1626435854 -0.25 h
 5.84341241223 -1.1626435854 0.25 h
 0.703934081201 -0.531108520826 -0.25 h
 0.703934081201 -0.531108520826 0.25 h
 1.56896295797 -0.489574891688 -0.25 h
 1.56896295797 -0.489574891688 0.25 h
 1.17241769753 -1.25947868855 -0.25 h
 1.17241769753 -1.25947868855 0.25 h
 -0.706007042331 0.195093210243 -0.25 h
 -0.706007042331 0.195093210243 0.25 h
 -1.5710359191 0.153559581105 -0.25 h
 -1.5710359191 0.153559581105 0.25 h
 -1.17449065866 0.923463377966 -0.25 h
 -1.17449065866 0.923463377966 0.25 h
 -3.96642102967 -0.621880057263 -0.25 h
 -3.96642102967 -0.621880057263 0.25 h
 -3.10134327768 -0.581377180623 -0.25 h
 -3.10134327768 -0.581377180623 0.25 h
 -3.49880563358 -1.35080792841 -0.25 h
 -3.49880563358 -1.35080792841 0.25 h
 8.63250594807 0.389744377024 -0.25 h
 8.63250594807 0.389744377024 0.25 h
 7.76757432275 0.346232498913 -0.25 h
 7.76757432275 0.346232498913 0.25 h
 8.1623577436 1.11704119802 -0.25 h
 8.1623577436 1.11704119802 0.25 h
 10.0440813588 -0.333219141796 -0.25 h
 10.0440813588 -0.333219141796 0.25 h
 10.9090129841 -0.289707263686 -0.25 h
 10.9090129841 -0.289707263686 0.25 h
 10.5142295633 -1.0605159628 -0.25 h
 10.5142295633 -1.0605159628 0.25 h
 13.3016488312 0.494886597343 -0.25 h
 13.3016488312 0.494886597343 0.25 h
 12.4367634429 0.450465149286 -0.25 h
 12.4367634429 0.450465149286 0.25 h
 12.8307360345 1.22168859097 -0.25 h
 12.8307360345 1.22168859097 0.25 h
 14.7140187964 -0.226609956712 -0.25 h
 14.7140187964 -0.226609956712 0.25 h
 15.5789041847 -0.182188508655 -0.25 h
 15.5789041847 -0.182188508655 0.25 h
 15.184931593 -0.953411950342 -0.25 h
 15.184931593 -0.953411950342 0.25 h
 17.9708644737 0.604725334777 -0.25 h
 17.9708644737 0.604725334777 0.25 h
 17.1060224472 0.559467528003 -0.25 h
 17.1060224472 0.559467528003 0.25 h
 17.4992490501 1.33107159666 -0.25 h
 17.4992490501 1.33107159666 0.25 h
 19.3840850875 -0.115483336569 -0.25 h
 19.3840850875 -0.115483336569 0.25 h
 20.2489271141 -0.070225529794 -0.25 h
 20.2489271141 -0.070225529794 0.25 h
 19.8557005112 -0.841829598453 -0.25 h
 19.8557005112 -0.841829598453 0.25 h
 22.6402401543 0.718842274483 -0.25 h
 22.6402401543 0.718842274483 0.25 h
 21.7754385831 0.672817905489 -0.25 h
 21.7754385831 0.672817905489 0.25 h
 22.167981096 1.44477021983 -0.25 h
 22.167981096 1.44477021983 0.25 h
 24.0542925587 -0.000212094296846 -0.25 h
 24.0542925587 -0.000212094296846 0.25 h
 24.9190941299 0.0458122746971 -0.25 h
 24.9190941299 0.0458122746971 0.25 h
 24.526551617 -0.726140039646 -0.25 h
 24.526551617 -0.726140039646 0.25 h
 27.3098219653 0.836786408359 -0.25 h
 27.3098219653 0.836786408359 0.25 h
 26.4450560308 0.790097239305 -0.25 h
 26.4450560308 0.790097239305 0.25 h
 26.8370049916 1.56235109145 -0.25 h
 26.8370049916 1.56235109145 0.25 h
 28.7244471587 0.118808928663 -0.25 h
 28.7244471587 0.118808928663 0.25 h
 29.5892130932 0.165498097716 -0.25 h
 29.5892130932 0.165498097716 0.25 h
 29.1972641325 -0.606755754426 -0.25 h
 29.1972641325 -0.606755754426 0.25 h
 31.9793908413 0.958137186503 -0.25 h
 31.9793908413 0.958137186503 0.25 h
 31.1146551164 0.910891804873 -0.25 h
 31.1146551164 0.910891804873 0.25 h
 31.5061072781 1.68339760101 -0.25 h
 31.5061072781 1.68339760101 0.25 h
 33.394295925 0.241161784577 -0.25 h
 33.394295925 0.241161784577 0.25 h
 34.2590316499 0.288407166207 -0.25 h
 34.2590316499 0.288407166207 0.25 h
 33.8675794881 -0.48409862993 -0.25 h
 33.8675794881 -0.48409862993 0.25 h
 -5.37554359094 0.106025832331 -0.25 h
 -5.37554359094 0.106025832331 0.25 h
 -6.24062134293 0.065522955691 -0.25 h
 -6.24062134293 0.065522955691 0.25 h
 -5.84315898703 0.834953703481 -0.25 h
 -5.84315898703 0.834953703481 0.25 h
 -8.63697339172 -0.707086566316 -0.25 h
 -8.63697339172 -0.707086566316 0.25 h
 -7.77184940662 -0.667583523358 -0.25 h
 -7.77184940662 -0.667583523358 0.25 h
 -8.17020076044 -1.43655439336 -0.25 h
 -8.17020076044 -1.43655439336 0.25 h
 -10.0454332433 0.0225404073099 -0.25 h
 -10.0454332433 0.0225404073099 0.25 h
 -10.9105572284 -0.0169626356484 -0.25 h
 -10.9105572284 -0.0169626356484 0.25 h
 -10.5122058746 0.752008234351 -0.25 h
 -10.5122058746 0.752008234351 0.25 h
 -13.3078894227 -0.786708042488 -0.25 h
 -13.3078894227 -0.786708042488 0.25 h
 -12.4427203449 -0.748205228744 -0.25 h
 -12.4427203449 -0.748205228744 0.25 h
 -12.841960469 -1.51671503564 -0.25 h
 -12.841960469 -1.51671503564 0.25 h
 -14.7156777302 -0.0553633367192 -0.25 h
 -14.7156777302 -0.0553633367192 0.25 h
 -15.5808468081 -0.0938661504631 -0.25 h
 -15.5808468081 -0.0938661504631 0.25 h
 -15.1816066839 0.674643656429 -0.25 h
 -15.1816066839 0.674643656429 0.25 h
 -17.979084082 -0.860890690916 -0.25 h
 -17.979084082 -0.860890690916 0.25 h
 -17.1138729529 -0.823344690904 -0.25 h
 -17.1138729529 -0.823344690904 0.25 h
 -17.5139627276 -1.59141250833 -0.25 h
 -17.5139627276 -1.59141250833 0.25 h
 -19.3860782728 -0.127981465898 -0.25 h
 -19.3860782728 -0.127981465898 0.25 h
 -20.2512894019 -0.16552746591 -0.25 h
 -20.2512894019 -0.16552746591 0.25 h
 -19.8511996272 0.602540351516 -0.25 h
 -19.8511996272 0.602540351516 0.25 h
 -22.6503270339 -0.930024701855 -0.25 h
 -22.6503270339 -0.930024701855 0.25 h
 -21.7850774203 -0.893376289192 -0.25 h
 -21.7850774203 -0.893376289192 0.25 h
 -22.1859637707 -1.66102864152 -0.25 h
 -22.1859637707 -1.66102864152 0.25 h
 -24.0564093795 -0.195734996085 -0.25 h
 -24.0564093795 -0.195734996085 0.25 h
 -24.9216589931 -0.232383408748 -0.25 h
 -24.9216589931 -0.232383408748 0.25 h
 -24.5207726427 0.535268943583 -0.25 h
 -24.5207726427 0.535268943583 0.25 h
 36.6487201907 1.08246562101 -0.25 h
 36.6487201907 1.08246562101 0.25 h
 35.7840104318 1.03474735567 -0.25 h
 35.7840104318 1.03474735567 0.25 h
 36.1750400812 1.80746710646 -0.25 h
 36.1750400812 1.80746710646 0.25 h
 38.0637775328 0.366385339821 -0.25 h
 38.0637775328 0.366385339821 0.25 h
 38.9284872917 0.41410360516 -0.25 h
 38.9284872917 0.41410360516 0.25 h
 38.5374576423 -0.358616145625 -0.25 h
 38.5374576423 -0.358616145625 0.25 h
 41.3177383869 1.2093706325 -0.25 h
 41.3177383869 1.2093706325 0.25 h
 40.4530482152 1.16129873829 -0.25 h
 40.4530482152 1.16129873829 0.25 h
 40.8437618195 1.93417834046 -0.25 h
 40.8437618195 1.93417834046 0.25 h
 42.7329807485 0.493923566182 -0.25 h
 42.7329807485 0.493923566182 0.25 h
 43.5976709202 0.541995460392 -0.25 h
 43.5976709202 0.541995460392 0.25 h
 43.206957316 -0.230884141784 -0.25 h
 43.206957316 -0.230884141784 0.25 h
 45.9866228023 1.33811108398 -0.25 h
 45.9866228023 1.33811108398 0.25 h
 45.1219473039 1.28977597809 -0.25 h
 45.1219473039 1.28977597809 0.25 h
 45.5124256235 2.06277447869 -0.25 h
 45.5124256235 2.06277447869 0.25 h
 47.4019904126 0.623141565067 -0.25 h
 47.4019904126 0.623141565067 0.25 h
 48.266665911 0.671476670957 -0.25 h
 48.266665911 0.671476670957 0.25 h
 47.8761875914 -0.101521829635 -0.25 h
 47.8761875914 -0.101521829635 0.25 h
 50.6555080494 1.46821225776 -0.25 h
 50.6555080494 1.46821225776 0.25 h
 49.7908424688 1.41970005621 -0.25 h
 49.7908424688 1.41970005621 0.25 h
 50.1811624602 2.19277851558 -0.25 h
 50.1811624602 2.19277851558 0.25 h
 52.070951529 0.753568252293 -0.25 h
 52.070951529 0.753568252293 0.25 h
 52.9356171096 0.802080453846 -0.25 h
 52.9356171096 0.802080453846 0.25 h
 52.5452971183 0.0290019944786 -0.25 h
 52.5452971183 0.0290019944786 0.25 h
 55.3245518204 1.59924753121 -0.25 h
 55.3245518204 1.59924753121 0.25 h
 54.4598922831 1.55062773456 -0.25 h
 54.4598922831 1.55062773456 0.25 h
 54.8501160727 2.32375475778 -0.25 h
 54.8501160727 2.32375475778 0.25 h
 56.7400040754 0.884820113228 -0.25 h
 56.7400040754 0.884820113228 0.25 h
 57.6046636127 0.933439909874 -0.25 h
 57.6046636127 0.933439909874 0.25 h
 57.214439823 0.160312886659 -0.25 h
 57.214439823 0.160312886659 0.25 h
 59.9937652296 1.73098064372 -0.25 h
 59.9937652296 1.73098064372 0.25 h
 59.1291110478 1.68226569883 -0.25 h
 59.1291110478 1.68226569883 0.25 h
 59.5192497589 2.45543565822 -0.25 h
 59.5192497589 2.45543565822 0.25 h
 61.4092644607 1.01672495019 -0.25 h
 61.4092644607 1.01672495019 0.25 h
 62.2739186425 1.06543989508 -0.25 h
 62.2739186425 1.06543989508 0.25 h
 61.8837799314 0.292269935691 -0.25 h
 61.8837799314 0.292269935691 0.25 h
 64.6633255318 1.86323115425 -0.25 h
 64.6633255318 1.86323115425 0.25 h
 63.7986735693 1.81447683449 -0.25 h
 63.7986735693 1.81447683449 0.25 h
 64.1887770711 2.58766455935 -0.25 h
 64.1887770711 2.58766455935 0.25 h
 66.0786566956 1.14914112741 -0.25 h
 66.0786566956 1.14914112741 0.25 h
 66.9433086581 1.19789544717 -0.25 h
 66.9433086581 1.19789544717 0.25 h
 66.5532051563 0.424707722308 -0.25 h
 66.5532051563 0.424707722308 0.25 h
 69.3331077107 1.99608289603 -0.25 h
 69.3331077107 1.99608289603 0.25 h
 68.4684586782 1.94727663979 -0.25 h
 68.4684586782 1.94727663979 0.25 h
 68.8585157367 2.72048779539 -0.25 h
 68.8585157367 2.72048779539 0.25 h
 70.747952612 1.28234482282 -0.25 h
 70.747952612 1.28234482282 0.25 h
 71.6126016445 1.33115107906 -0.25 h
 71.6126016445 1.33115107906 0.25 h
 71.222544586 0.557939923461 -0.25 h
 71.222544586 0.557939923461 0.25 h
 74.0029334082 2.13006700892 -0.25 h
 74.0029334082 2.13006700892 0.25 h
 73.1382913588 2.08113719815 -0.25 h
 73.1382913588 2.08113719815 0.25 h
 73.5282379244 2.85440408351 -0.25 h
 73.5282379244 2.85440408351 0.25 h
 75.4169839299 1.41698313723 -0.25 h
 75.4169839299 1.41698313723 0.25 h
 76.2816259793 1.46591294801 -0.25 h
 76.2816259793 1.46591294801 0.25 h
 75.8916794137 0.692646062644 -0.25 h
 75.8916794137 0.692646062644 0.25 h
 -27.3214016228 -0.994597282087 -0.25 h
 -27.3214016228 -0.994597282087 0.25 h
 -26.4561188123 -0.958741211481 -0.25 h
 -26.4561188123 -0.958741211481 0.25 h
 -26.8577079495 -1.72602614216 -0.25 h
 -26.8577079495 -1.72602614216 0.25 h
 -28.7266084159 -0.259126323234 -0.25 h
 -28.7266084159 -0.259126323234 0.25 h
 -29.5918912264 -0.29498239384 -0.25 h
 -29.5918912264 -0.29498239384 0.25 h
 -29.1903020892 0.472302536841 -0.25 h
 -29.1903020892 0.472302536841 0.25 h
 -31.9922149185 -1.05522964451 -0.25 h
 -31.9922149185 -1.05522964451 0.25 h
 -31.1269023653 -1.02009867078 -0.25 h
 -31.1269023653 -1.02009867078 0.25 h
 -31.5291343262 -1.78704681091 -0.25 h
 -31.5291343262 -1.78704681091 0.25 h
 -33.3967474343 -0.318611562549 -0.25 h
 -33.3967474343 -0.318611562549 0.25 h
 -34.2620599875 -0.353742536279 -0.25 h
 -34.2620599875 -0.353742536279 0.25 h
 -33.8598280266 0.41320560385 -0.25 h
 -33.8598280266 0.41320560385 0.25 h
 -36.6628885386 -1.11217628858 -0.25 h
 -36.6628885386 -1.11217628858 0.25 h
 -35.7975509169 -1.07766831358 -0.25 h
 -35.7975509169 -1.07766831358 0.25 h
 -36.2003349448 -1.84432666438 -0.25 h
 -36.2003349448 -1.84432666438 0.25 h
 -38.0668485385 -0.374569161263 -0.25 h
 -38.0668485385 -0.374569161263 0.25 h
 -38.9321861603 -0.409077136263 -0.25 h
 -38.9321861603 -0.409077136263 0.25 h
 -38.5294021324 0.357581214546 -0.25 h
 -38.5294021324 0.357581214546 0.25 h
 -41.333463227 -1.16600463698 -0.25 h
 -41.333463227 -1.16600463698 0.25 h
 -40.4681055887 -1.13200231496 -0.25 h
 -40.4681055887 -1.13200231496 0.25 h
 -40.8713375332 -1.89842517406 -0.25 h
 -40.8713375332 -1.89842517406 0.25 h
 -42.7369840729 -0.427581411335 -0.25 h
 -42.7369840729 -0.427581411335 0.25 h
 -43.6023417112 -0.461583733356 -0.25 h
 -43.6023417112 -0.461583733356 0.25 h
 -43.1991097667 0.304839125748 -0.25 h
 -43.1991097667 0.304839125748 0.25 h
 -46.0040280008 -1.21733973759 -0.25 h
 -46.0040280008 -1.21733973759 0.25 h
 -45.1386554974 -1.1837178626 -0.25 h
 -45.1386554974 -1.1837178626 0.25 h
 -45.5422243512 -1.94996337172 -0.25 h
 -45.5422243512 -1.94996337172 0.25 h
 -47.4072552634 -0.478283115028 -0.25 h
 -47.4072552634 -0.478283115028 0.25 h
 -48.2726277668 -0.511904990016 -0.25 h
 -48.2726277668 -0.511904990016 0.25 h
 -47.869058913 0.2543405191 -0.25 h
 -47.869058913 0.2543405191 0.25 h
 -50.674709372 -1.26684881502 -0.25 h
 -50.674709372 -1.26684881502 0.25 h
 -49.8093278258 -1.23346050027 -0.25 h
 -49.8093278258 -1.23346050027 0.25 h
 -50.2131034701 -1.99959706059 -0.25 h
 -50.2131034701 -1.99959706059 0.25 h
 -52.0778712565 -0.527342800883 -0.25 h
 -52.0778712565 -0.527342800883 0.25 h
 -52.9432528027 -0.560731115638 -0.25 h
 -52.9432528027 -0.560731115638 0.25 h
 -52.5394771583 0.205405444682 -0.25 h
 -52.5394771583 0.205405444682 0.25 h
 -55.3455838434 -1.31521884063 -0.25 h
 -55.3455838434 -1.31521884063 0.25 h
 -54.4801984459 -1.28193049588 -0.25 h
 -54.4801984459 -1.28193049588 0.25 h
 -54.8840625925 -2.0480204065 -0.25 h
 -54.8840625925 -2.0480204065 0.25 h
 -56.7488878798 -0.575430756854 -0.25 h
 -56.7488878798 -0.575430756854 0.25 h
 -57.6142732772 -0.608719101601 -0.25 h
 -57.6142732772 -0.608719101601 0.25 h
 -57.2104091307 0.15737080902 -0.25 h
 -57.2104091307 0.15737080902 0.25 h
 -60.0167191052 -1.36312655555 -0.25 h
 -60.0167191052 -1.36312655555 0.25 h
 -59.1513345027 -1.32981755217 -0.25 h
 -59.1513345027 -1.32981755217 0.25 h
 -59.5551803609 -2.09591710369 -0.25 h
 -59.5551803609 -2.09591710369 0.25 h
 -61.4201009328 -0.62334027407 -0.25 h
 -61.4201009328 -0.62334027407 0.25 h
 -62.2854855353 -0.656649277449 -0.25 h
 -62.2854855353 -0.656649277449 0.25 h
 -61.8816396771 0.109450274075 -0.25 h
 -61.8816396771 0.109450274075 0.25 h
 -64.687885207 -1.41133914618 -0.25 h
 -64.687885207 -1.41133914618 0.25 h
 -63.8225054306 -1.37790499382 -0.25 h
 -63.8225054306 -1.37790499382 0.25 h
 -64.2262404935 -2.14406294031 -0.25 h
 -64.2262404935 -2.14406294031 0.25 h
 -66.0912208052 -0.671836555837 -0.25 h
 -66.0912208052 -0.671836555837 0.25 h
 -66.9566005816 -0.705270708193 -0.25 h
 -66.9566005816 -0.705270708193 0.25 h
 -66.5528655187 0.0608872382957 -0.25 h
 -66.5528655187 0.0608872382957 0.25 h
 -69.3588124539 -1.46055413411 -0.25 h
 -69.3588124539 -1.46055413411 0.25 h
 -68.4934408272 -1.42690970248 -0.25 h
 -68.4934408272 -1.42690970248 0.25 h
 -68.8969897081 -2.19316573069 -0.25 h
 -68.8969897081 -2.19316573069 0.25 h
 -70.7620504247 -0.721538593876 -0.25 h
 -70.7620504247 -0.721538593876 0.25 h
 -71.6274220513 -0.755183025511 -0.25 h
 -71.6274220513 -0.755183025511 0.25 h
 -71.2238731705 0.0110730027045 -0.25 h
 -71.2238731705 0.0110730027045 0.25 h
 -74.0293799651 -1.5113419398 -0.25 h
 -74.0293799651 -1.5113419398 0.25 h
 -73.1640204713 -1.47738687241 -0.25 h
 -73.1640204713 -1.47738687241 0.25 h
 -73.5672942672 -2.24378771108 -0.25 h
 -73.5672942672 -2.24378771108 0.25 h
 -75.4327643816 -0.772892642479 -0.25 h
 -75.4327643816 -0.772892642479 0.25 h
 -76.2981238753 -0.806847709869 -0.25 h
 -76.2981238753 -0.806847709869 0.25 h
 -75.8948500794 -0.040446871193 -0.25 h
 -75.8948500794 -0.040446871193 0.25 h
 -78.6997170655 -1.56406865726 -0.25 h
 -78.6997170655 -1.56406865726 0.25 h
 -77.8343729212 -1.52972463588 -0.25 h
 -77.8343729212 -1.52972463588 0.25 h
 -78.2373021984 -2.29630665861 -0.25 h
 -78.2373021984 -2.29630665861 0.25 h
 -80.1033241429 -0.826307571836 -0.25 h
 -80.1033241429 -0.826307571836 0.25 h
 -80.9686682873 -0.860651593215 -0.25 h
 -80.9686682873 -0.860651593215 0.25 h
 -80.5657390101 -0.0940695704848 -0.25 h
 -80.5657390101 -0.0940695704848 0.25 h
 -83.3699430578 -1.61913053547 -0.25 h
 -83.3699430578 -1.61913053547 0.25 h
 -82.5046168757 -1.58433687778 -0.25 h
 -82.5046168757 -1.58433687778 0.25 h
 -82.9071477753 -2.35112816286 -0.25 h
 -82.9071477753 -2.35112816286 0.25 h
 -84.7738493998 -0.882142917397 -0.25 h
 -84.7738493998 -0.882142917397 0.25 h
 -85.6391755818 -0.916936575095 -0.25 h
 -85.6391755818 -0.916936575095 0.25 h
 -85.2366446823 -0.150145290009 -0.25 h
 -85.2366446823 -0.150145290009 0.25 h
 -88.0402298137 -1.67683971254 -0.25 h
 -88.0402298137 -1.67683971254 0.25 h
 -87.1749238916 -1.6415457864 -0.25 h
 -87.1749238916 -1.6415457864 0.25 h
 -87.577011416 -2.40856966003 -0.25 h
 -87.577011416 -2.40856966003 0.25 h
 -89.4444799303 -0.940706884822 -0.25 h
 -89.4444799303 -0.940706884822 0.25 h
 -90.3097858524 -0.976000810967 -0.25 h
 -90.3097858524 -0.976000810967 0.25 h
 -89.907698328 -0.208976937333 -0.25 h
 -89.907698328 -0.208976937333 0.25 h
 -92.7107172954 -1.73736055806 -0.25 h
 -92.7107172954 -1.73736055806 0.25 h
 -91.8454326499 -1.70154879691 -0.25 h
 -91.8454326499 -1.70154879691 0.25 h
 -92.2470610777 -2.468813162 -0.25 h
 -92.2470610777 -2.468813162 0.25 h
 -94.1153734721 -1.00208614994 -0.25 h
 -94.1153734721 -1.00208614994 0.25 h
 -94.9806581176 -1.03789791109 -0.25 h
 -94.9806581176 -1.03789791109 0.25 h
 -94.5790296898 -0.270633545995 -0.25 h
 -94.5790296898 -0.270633545995 0.25 h
 -97.3814429085 -1.80097161072 -0.25 h
 -97.3814429085 -1.80097161072 0.25 h
 -96.5161822046 -1.7645859789 -0.25 h
 -96.5161822046 -1.7645859789 0.25 h
 -96.9173016751 -2.53211654533 -0.25 h
 -96.9173016751 -2.53211654533 0.25 h
 -98.7864204582 -1.06671570558 -0.25 h
 -98.7864204582 -1.06671570558 0.25 h
 -99.6516811622 -1.1031013374 -0.25 h
 -99.6516811622 -1.1031013374 0.25 h
 -99.2505616917 -0.335570770974 -0.25 h
 -99.2505616917 -0.335570770974 0.25 h
 -102.052392011 -1.86807722878 -0.25 h
 -102.052392011 -1.86807722878 0.25 h
 -101.187156677 -1.83109322082 -0.25 h
 -101.187156677 -1.83109322082 0.25 h
 -101.587745254 -2.59890100427 -0.25 h
 -101.587745254 -2.59890100427 0.25 h
 -103.457357281 -1.13506429268 -0.25 h
 -103.457357281 -1.13506429268 0.25 h
 -104.322592615 -1.17204830064 -0.25 h
 -104.322592615 -1.17204830064 0.25 h
 -103.922004039 -0.404240517184 -0.25 h
 -103.922004039 -0.404240517184 0.25 h
 -106.723362668 -1.93922809426 -0.25 h
 -106.723362668 -1.93922809426 0.25 h
 -105.85815513 -1.90159944741 -0.25 h
 -105.85815513 -1.90159944741 0.25 h
 -106.258171535 -2.66970547885 -0.25 h
 -106.258171535 -2.66970547885 0.25 h
 -108.127951781 -1.20774225162 -0.25 h
 -108.127951781 -1.20774225162 0.25 h
 -108.99315932 -1.24537089847 -0.25 h
 -108.99315932 -1.24537089847 0.25 h
 -108.593142914 -0.477264867025 -0.25 h
 -108.593142914 -0.477264867025 0.25 h
 -111.394301538 -2.01522644093 -0.25 h
 -111.394301538 -2.01522644093 0.25 h
 -110.529126142 -1.97686585904 -0.25 h
 -110.529126142 -1.97686585904 0.25 h
 -110.928492601 -2.74531002161 -0.25 h
 -110.928492601 -2.74531002161 0.25 h
 -112.798328603 -1.28554256108 -0.25 h
 -112.798328603 -1.28554256108 0.25 h
 -113.663503999 -1.32390314296 -0.25 h
 -113.663503999 -1.32390314296 0.25 h
 -113.264137539 -0.555458980398 -0.25 h
 -113.264137539 -0.555458980398 0.25 h
 -116.065607952 -2.09731760494 -0.25 h
 -116.065607952 -2.09731760494 0.25 h
 -115.200475858 -2.05799255072 -0.25 h
 -115.200475858 -2.05799255072 0.25 h
 -115.598985409 -2.82688144888 -0.25 h
 -115.598985409 -2.82688144888 0.25 h
 -117.468539336 -1.37018842241 -0.25 h
 -117.468539336 -1.37018842241 0.25 h
 -118.33367143 -1.40951347663 -0.25 h
 -118.33367143 -1.40951347663 0.25 h
 -117.935161879 -0.640624578468 -0.25 h
 -117.935161879 -0.640624578468 0.25 h
 -120.737848666 -2.1883099759 -0.25 h
 -120.737848666 -2.1883099759 0.25 h
 -119.872780639 -2.14759992823 -0.25 h
 -119.872780639 -2.14759992823 0.25 h
 -120.270058717 -2.91712583979 -0.25 h
 -120.270058717 -2.91712583979 0.25 h
 -122.138488915 -1.46521065197 -0.25 h
 -122.138488915 -1.46521065197 0.25 h
 -123.003556943 -1.50592069963 -0.25 h
 -123.003556943 -1.50592069963 0.25 h
 -122.606278864 -0.736394788075 -0.25 h
 -122.606278864 -0.736394788075 0.25 h
 -125.41230935 -2.29451362815 -0.25 h
 -125.41230935 -2.29451362815 0.25 h
 -124.547381264 -2.25093145714 -0.25 h
 -124.547381264 -2.25093145714 0.25 h
 -124.94210204 -3.02177223778 -0.25 h
 -124.94210204 -3.02177223778 0.25 h
 -126.808045866 -1.57980546221 -0.25 h
 -126.808045866 -1.57980546221 0.25 h
 -127.672973953 -1.62338763321 -0.25 h
 -127.672973953 -1.62338763321 0.25 h
 -127.278253177 -0.852546852574 -0.25 h
 -127.278253177 -0.852546852574 0.25 h
 -130.093797431 -2.43689428875 -0.25 h
 -130.093797431 -2.43689428875 0.25 h
 -129.229199359 -2.38719344148 -0.25 h
 -129.229199359 -2.38719344148 0.25 h
 -129.618456199 -3.16080775937 -0.25 h
 -129.618456199 -3.16080775937 0.25 h
 -131.472332282 -1.74326167758 -0.25 h
 -131.472332282 -1.74326167758 0.25 h
 -132.336930354 -1.79296252485 -0.25 h
 -132.336930354 -1.79296252485 0.25 h
 -131.947673514 -1.01934820696 -0.25 h
 -131.947673514 -1.01934820696 0.25 h
 78.6727825806 2.26617843995 -0.25 h
 78.6727825806 2.26617843995 0.25 h
 77.8081581472 2.21693832258 -0.25 h
 77.8081581472 2.21693832258 0.25 h
 78.1978271713 2.99034510533 -0.25 h
 78.1978271713 2.99034510533 0.25 h
 80.085895618 1.55420333108 -0.25 h
 80.085895618 1.55420333108 0.25 h
 80.9505200514 1.60344344844 -0.25 h
 80.9505200514 1.60344344844 0.25 h
 80.5608510272 0.830036665701 -0.25 h
 80.5608510272 0.830036665701 0.25 h
 83.3429573575 2.40622139493 -0.25 h
 83.3429573575 2.40622139493 0.25 h
 82.4783652572 2.35641677594 -0.25 h
 82.4783652572 2.35641677594 0.25 h
 82.8675292421 3.13007780822 -0.25 h
 82.8675292421 3.13007780822 0.25 h
 84.7546098975 1.69613738552 -0.25 h
 84.7546098975 1.69613738552 0.25 h
 85.6192019978 1.74594200451 -0.25 h
 85.6192019978 1.74594200451 0.25 h
 85.2300380129 0.972280972233 -0.25 h
 85.2300380129 0.972280972233 0.25 h
 88.0139459611 2.55319072432 -0.25 h
 88.0139459611 2.55319072432 0.25 h
 87.1494167858 2.50230551106 -0.25 h
 87.1494167858 2.50230551106 0.25 h
 87.5376134861 3.27645234587 -0.25 h
 87.5376134861 3.27645234587 0.25 h
 89.4229959544 1.84662120369 -0.25 h
 89.4229959544 1.84662120369 0.25 h
 90.2875251297 1.89750641695 -0.25 h
 90.2875251297 1.89750641695 0.25 h
 89.8993284294 1.12335958214 -0.25 h
 89.8993284294 1.12335958214 0.25 h
 92.6869350722 2.71399588422 -0.25 h
 92.6869350722 2.71399588422 0.25 h
 91.8225684801 2.66041982173 -0.25 h
 91.8225684801 2.66041982173 0.25 h
 92.208353545 3.43577127991 -0.25 h
 92.208353545 3.43577127991 0.25 h
 94.0908333203 2.01547011107 -0.25 h
 94.0908333203 2.01547011107 0.25 h
 94.9551999124 2.06904617355 -0.25 h
 94.9551999124 2.06904617355 0.25 h
 94.5694148475 1.29369471537 -0.25 h
 94.5694148475 1.29369471537 0.25 h
 97.3665123766 2.91032753078 -0.25 h
 97.3665123766 2.91032753078 0.25 h
 96.5025425929 2.85069354 -0.25 h
 96.5025425929 2.85069354 0.25 h
 96.8828829338 3.62873031618 -0.25 h
 96.8828829338 3.62873031618 0.25 h
 98.7529370434 2.23257906626 -0.25 h
 98.7529370434 2.23257906626 0.25 h
 99.6169068271 2.29221305705 -0.25 h
 99.6169068271 2.29221305705 0.25 h
 99.2365664862 1.51417628087 -0.25 h
 99.2365664862 1.51417628087 0.25 h
$end
