$coord
   -6.95578291078250     -1.35129657247682      0.00000000000000      c
   -4.70617991672558     -2.67175672927897      0.00000000000000      c
   -2.32675720180730     -1.37347959748683      0.00000000000000      c
   -2.32674278859107      1.37348229995464      0.00000000000000      c
   -4.70615561435883      2.67175216292556      0.00000000000000      c
   -6.95576199346696      1.35131304929453      0.00000000000000      c
    0.00000301270002     -2.66653350602872      0.00000000000000      c
   -0.00000302086705      2.66653424075147      0.00000000000000      c
    2.32674352364244      1.37349414510718      0.00000000000000      c
    2.32675640453364     -1.37346773456016      0.00000000000000      c
    4.70617353822883     -2.67175271434853      0.00000000000000      c
    6.95578051662116     -1.35130061237883      0.00000000000000      c
    6.95576445460871      1.35130901189684      0.00000000000000      c
    4.70616194388446      2.67175609661540      0.00000000000000      c
   -6.52457845043000     -1.60440270313000      0.25000000000000      h
   -6.52457845043000     -1.60440270313000     -0.25000000000000      h
   -6.95218880196000     -0.85130949026200      0.25000000000000      h
   -6.95218880196000     -0.85130949026200     -0.25000000000000      h
   -7.39058147996000     -1.59817752404000      0.25000000000000      h
   -7.39058147996000     -1.59817752404000     -0.25000000000000      h
   -5.13738437708000     -2.41865059863000     -0.25000000000000      h
   -5.13738437708000     -2.41865059863000      0.25000000000000      h
   -4.27138134755000     -2.42487577772000     -0.25000000000000      h
   -4.27138134755000     -2.42487577772000      0.25000000000000      h
   -4.70977402555000     -3.17174381149000     -0.25000000000000      h
   -4.70977402555000     -3.17174381149000      0.25000000000000      h
   -1.88971120931000     -1.61635981578000     -0.25000000000000      h
   -1.88971120931000     -1.61635981578000      0.25000000000000      h
   -2.75562063718000     -1.63053242047000     -0.25000000000000      h
   -2.75562063718000     -1.63053242047000      0.25000000000000      h
   -2.33493975894000     -0.87354655621200     -0.25000000000000      h
   -2.33493975894000     -0.87354655621200      0.25000000000000      h
   -1.88969754540000      1.61636386658000      0.25000000000000      h
   -1.88969754540000      1.61636386658000     -0.25000000000000      h
   -2.75560701700000      1.63053379984000      0.25000000000000      h
   -2.75560701700000      1.63053379984000     -0.25000000000000      h
   -2.33492380337000      0.87354923343800      0.25000000000000      h
   -2.33492380337000      0.87354923343800     -0.25000000000000      h
   -5.13736200187000      2.41864931551000      0.25000000000000      h
   -5.13736200187000      2.41864931551000     -0.25000000000000      h
   -4.27135892497000      2.42486790077000      0.25000000000000      h
   -4.27135892497000      2.42486790077000     -0.25000000000000      h
   -4.70974591624000      3.17173927249000      0.25000000000000      h
   -4.70974591624000      3.17173927249000     -0.25000000000000      h
   -6.52455560596000      1.60441589671000     -0.25000000000000      h
   -6.52455560596000      1.60441589671000      0.25000000000000      h
   -6.95217169159000      0.85132593972800     -0.25000000000000      h
   -6.95217169159000      0.85132593972800      0.25000000000000      h
   -7.39055868285000      1.59819731145000     -0.25000000000000      h
   -7.39055868285000      1.59819731145000      0.25000000000000      h
    0.43704775668000     -2.42365104112000      0.25000000000000      h
    0.43704775668000     -2.42365104112000     -0.25000000000000      h
   -0.42886174403400     -2.40948288761000      0.25000000000000      h
   -0.42886174403400     -2.40948288761000     -0.25000000000000      h
   -0.00817697454617     -3.16646658936000      0.25000000000000      h
   -0.00817697454617     -3.16646658936000     -0.25000000000000      h
   -0.43704826405400      2.42365267412000      0.25000000000000      h
   -0.43704826405400      2.42365267412000     -0.25000000000000      h
    0.42886120753700      2.40948274086000      0.25000000000000      h
    0.42886120753700      2.40948274086000     -0.25000000000000      h
    0.00817799391620      3.16646730727000      0.25000000000000      h
    0.00817799391620      3.16646730727000     -0.25000000000000      h
    1.88969703538000      1.61637347131000     -0.25000000000000      h
    1.88969703538000      1.61637347131000      0.25000000000000      h
    2.75560643432000      1.63054784347000     -0.25000000000000      h
    2.75560643432000      1.63054784347000      0.25000000000000      h
    2.33492710122000      0.87356112053500     -0.25000000000000      h
    2.33492710122000      0.87356112053500      0.25000000000000      h
    1.88971166055000     -1.61635019947000      0.25000000000000      h
    1.88971166055000     -1.61635019947000     -0.25000000000000      h
    2.75562116127000     -1.63051835298000      0.25000000000000      h
    2.75562116127000     -1.63051835298000     -0.25000000000000      h
    2.33493639178000     -0.87353465122900      0.25000000000000      h
    2.33493639178000     -0.87353465122900     -0.25000000000000      h
    5.13737886831000     -2.41864806542000      0.25000000000000      h
    5.13737886831000     -2.41864806542000     -0.25000000000000      h
    4.27137581740000     -2.42487026871000      0.25000000000000      h
    4.27137581740000     -2.42487026871000     -0.25000000000000      h
    4.70976592897000     -3.17173980891000      0.25000000000000      h
    4.70976592897000     -3.17173980891000     -0.25000000000000      h
    6.52457518654000     -1.60440526131000     -0.25000000000000      h
    6.52457518654000     -1.60440526131000      0.25000000000000      h
    6.95218812588000     -0.85131351781700     -0.25000000000000      h
    6.95218812588000     -0.85131351781700      0.25000000000000      h
    7.39057823745000     -1.59818305801000     -0.25000000000000      h
    7.39057823745000     -1.59818305801000      0.25000000000000      h
    6.52455892412000      1.60441331940000      0.25000000000000      h
    6.52455892412000      1.60441331940000     -0.25000000000000      h
    6.95217245974000      0.85132191449000      0.25000000000000      h
    6.95217245974000      0.85132191449000     -0.25000000000000      h
    7.39056197996000      1.59819180180000      0.25000000000000      h
    7.39056197996000      1.59819180180000     -0.25000000000000      h
    5.13736747437000      2.41865178911000     -0.25000000000000      h
    5.13736747437000      2.41865178911000      0.25000000000000      h
    4.27136441853000      2.42487330672000     -0.25000000000000      h
    4.27136441853000      2.42487330672000      0.25000000000000      h
    4.70975393875000      3.17174319402000     -0.25000000000000      h
    4.70975393875000      3.17174319402000      0.25000000000000      h
$user-defined bonds
$redundant
     number_of_atoms            24
     degrees_of_freedom         45
     internal_coordinates       45
     frozen_coordinates          0
# definitions of redundant internals
   1 k  1.0000000000000 stre  11   12           val=   2.07462
   2 k  1.0000000000000 stre   1   17           val=   2.07369
   3 k  1.0000000000000 stre   5   19           val=   2.07459
   4 k  1.0000000000000 stre   6   20           val=   2.07368
   5 k  1.0000000000000 stre  13   22           val=   2.07369
   6 k  1.0000000000000 stre  14   23           val=   2.07368
   7 k  1.0000000000000 stre  15   24           val=   2.07459
   8 k  1.0000000000000 stre   2    1           val=   2.60851
   9 k  1.0000000000000 stre   1    6           val=   2.70261
  10 k  1.0000000000000 stre   6    5           val=   2.60850
  11 k  1.0000000000000 stre  13   11           val=   2.60851
  12 k  1.0000000000000 stre  11   10           val=   2.71057
  13 k  1.0000000000000 stre   3    4           val=   2.74696
  14 k  1.0000000000000 stre   4    8           val=   2.66190
  15 k  1.0000000000000 stre   8    9           val=   2.66190
  16 k  1.0000000000000 stre   9   10           val=   2.74696
  17 k  1.0000000000000 stre   7    3           val=   2.66192
  18 k  1.0000000000000 stre  14   13           val=   2.70261
  19 k  1.0000000000000 stre   3    2           val=   2.71057
  20 k  1.0000000000000 stre   7   16           val=   2.07561
  21 k  1.0000000000000 stre   2   18           val=   2.07461
  22 k  1.0000000000000 stre   8   21           val=   2.07557
  23 k  1.0000000000000 stre   5    4           val=   2.71056
  24 k  1.0000000000000 stre   9   15           val=   2.71056
  25 k  1.0000000000000 stre  10    7           val=   2.66192
  26 k  1.0000000000000 stre  15   14           val=   2.60850
  27 k -0.4082482904639 bend   4    2    3      val=  -0.00011
        0.4082482904639 bend   3    1    2
       -0.4082482904639 bend   2    6    1
        0.4082482904639 bend   1    5    6
       -0.4082482904639 bend   6    4    5
        0.4082482904639 bend   5    3    4
  28 k -0.4082482904639 bend  10   15    9      val=   0.00014
        0.4082482904639 bend   9   14   15
       -0.4082482904639 bend  15   13   14
        0.4082482904639 bend  14   11   13
       -0.4082482904639 bend  13   10   11
        0.4082482904639 bend  11    9   10
  29 k -0.4082482904639 bend   3    8    4      val=  -0.00011
        0.4082482904639 bend   4    9    8
       -0.4082482904639 bend   8   10    9
        0.4082482904639 bend   9    7   10
       -0.4082482904639 bend  10    3    7
        0.4082482904639 bend   7    4    3
  30 k -0.7071067811865 bend  13   12   11      val=  -0.96764
        0.7071067811865 bend  10   12   11
  31 k -0.7071067811865 bend  14   24   15      val=  -0.96741
        0.7071067811865 bend   9   24   15
  32 k  0.7071067811865 bend   6   19    5      val=   0.96741
       -0.7071067811865 bend   4   19    5
  33 k  0.7071067811865 bend   1   18    2      val=   0.96764
       -0.7071067811865 bend   3   18    2
  34 k -0.7071067811865 bend   2   17    1      val=  -0.32811
        0.7071067811865 bend   6   17    1
  35 k -0.7071067811865 bend  11   22   13      val=  -0.32805
        0.7071067811865 bend  14   22   13
  36 k  0.7071067811865 bend  15   23   14      val=   0.32851
       -0.7071067811865 bend  13   23   14
  37 k -0.7071067811865 bend   5   20    6      val=  -0.32846
        0.7071067811865 bend   1   20    6
  38 k -0.7071067811865 bend   4   21    8      val=   0.00001
        0.7071067811865 bend   9   21    8
  39 k -0.7071067811865 bend  10   16    7      val=   0.00001
        0.7071067811865 bend   3   16    7
  40 k  0.5000000000000 bend   4    2    3      val=  -0.72759
       -0.5000000000000 bend   3    1    2
        0.5000000000000 bend   1    5    6
       -0.5000000000000 bend   6    4    5
  41 k  0.5000000000000 bend  10   15    9      val=  -0.72793
       -0.5000000000000 bend   9   14   15
        0.5000000000000 bend  14   11   13
       -0.5000000000000 bend  13   10   11
  42 k -0.2886751345948 bend  10   15    9      val=  -0.36356
       -0.2886751345948 bend   9   14   15
        0.5773502691896 bend  15   13   14
       -0.2886751345948 bend  14   11   13
       -0.2886751345948 bend  13   10   11
        0.5773502691896 bend  11    9   10
  43 k -0.2886751345948 bend   4    2    3      val=  -0.36407
       -0.2886751345948 bend   3    1    2
        0.5773502691896 bend   2    6    1
       -0.2886751345948 bend   1    5    6
       -0.2886751345948 bend   6    4    5
        0.5773502691896 bend   5    3    4
  44 k -0.2886751345948 bend   3    8    4      val=  -0.70333
       -0.2886751345948 bend   4    9    8
        0.5773502691896 bend   8   10    9
       -0.2886751345948 bend   9    7   10
       -0.2886751345948 bend  10    3    7
        0.5773502691896 bend   7    4    3
  45 k  0.5000000000000 bend   3    8    4      val=  -1.40633
       -0.5000000000000 bend   4    9    8
        0.5000000000000 bend   9    7   10
       -0.5000000000000 bend  10    3    7
        45 non zero eigenvalues  of BmBt
           1           4.973642787    1    0
         1
           2           4.465667983    2    0
         2
           3           4.243820647    3    0
         3
           4           4.177127787    4    0
         4
           5           3.836655499    5    0
         5
           6           3.804485348    6    0
         6
           7           3.617301266    7    0
         7
           8           3.512687140    8    0
         8
           9           3.335553192    9    0
         9
          10           3.220752260   10    0
        10
          11           3.200744180   11    0
        11
          12           3.200031150   12    0
        12
          13           2.957589463   13    0
        13
          14           2.843911679   14    0
        14
          15           2.713755742   15    0
        15
          16           2.320905869   16    0
        16
          17           2.209809598   17    0
        17
          18           2.070670959   18    0
        18
          19           1.866228538   19    0
        19
          20           1.771357233   20    0
        20
          21           1.752403872   21    0
        21
          22           1.744293058   22    0
        22
          23           1.729268846   23    0
        23
          24           1.235715199   24    0
        24
          25           1.153985167   25    0
        25
          26           1.068163805   26    0
        26
          27           1.040870962   27    0
        27
          28           0.723184013   28    0
        28
          29           0.462511519   29    0
        29
          30           0.449165641   30    0
        30
          31           0.392507794   31    0
        31
          32           0.391424093   32    0
        32
          33           0.350964510   33    0
        33
          34           0.334831434   34    0
        34
          35           0.326619822   35    0
        35
          36           0.323512209   36    0
        36
          37           0.318882453   37    0
        37
          38           0.281804016   38    0
        38
          39           0.280412570   39    0
        39
          40           0.258427297   40    0
        40
          41           0.189051516   41    0
        41
          42           0.183637366   42    0
        42
          43           0.071607592   43    0
        43
          44           0.060216139   44    0
        44
          45           0.017116471   45    0
        45
$end
