$coord
  -17.57601081249842     -0.52755566060601      0.00000000000000  c
  -17.38456224222166     -2.60793230802888      0.00000000000000  h
  -19.88801317951526      0.59746643362660      0.00000000000000  c
  -19.99174770399519      2.68786328370619      0.00000000000000  h
  -22.26785330031327     -0.73244578353605      0.00000000000000  c
  -22.19177567433835     -2.82399068681814      0.00000000000000  h
  -24.59921359389825      0.42575166512855      0.00000000000000  c
  -24.66359212968071      2.51838023754600      0.00000000000000  h
  -26.96675712650401     -0.87611640800379      0.00000000000000  c
  -29.30404516291811      0.29662959032782      0.00000000000000  c
  -26.90928964416453     -2.96816355077489      0.00000000000000  h
  -31.66642722821144     -0.99397549450875      0.00000000000000  c
  -29.35684464339639      2.38926031532627      0.00000000000000  h
  -34.00724757105029      0.18573950026214      0.00000000000000  c
  -31.61689737573641     -3.08634045809735      0.00000000000000  h
  -36.36668522479894     -1.09868317982465      0.00000000000000  c
  -34.05405489932500      2.27842972560221      0.00000000000000  h
  -38.70973393419295      0.08522942804594      0.00000000000000  c
  -36.32181110281120     -3.19121229583912      0.00000000000000  h
  -41.06721083853135     -1.19540274185606      0.00000000000000  c
  -38.75295010670585      2.17795794553360      0.00000000000000  h
  -43.41182259419070     -0.00880868745648      0.00000000000000  c
  -41.02523046078723     -3.28802373268760      0.00000000000000  h
  -45.76788677635895     -1.28700108589389      0.00000000000000  c
  -43.45272990947787      2.08394293939320      0.00000000000000  h
  -48.11365796780541     -0.09866996470310      0.00000000000000  c
  -45.72776001653112     -3.37967918785919      0.00000000000000  h
  -50.46867679146151     -1.37522956149104      0.00000000000000  c
  -48.15314370331137      1.99409923345160      0.00000000000000  h
  -52.81532440414821     -0.18571437031244      0.00000000000000  c
  -50.42976837533594     -3.46794761248905      0.00000000000000  h
  -55.16954255856497     -1.46117911896929      0.00000000000000  c
  -52.85378797389532      1.90706509187871      0.00000000000000  h
  -57.51687207322396     -0.27088427783036      0.00000000000000  c
  -55.13143693075894     -3.55392129987304      0.00000000000000  h
  -57.55467654439911      1.82190091634735      0.00000000000000  h
  -59.87048059084840     -1.54562727782368      0.00000000000000  c
  -59.83291092635606     -3.63838608514064      0.00000000000000  h
  -62.21831119949273     -0.35482084907055      0.00000000000000  c
  -62.25567550848051      1.73796675759202      0.00000000000000  h
  -64.57147920609845     -1.62909483069730      0.00000000000000  c
  -64.53426235482740     -3.72186487297994      0.00000000000000  h
  -66.91965148846423     -0.43796655234119      0.00000000000000  c
  -66.95672179157565      1.65482178308876      0.00000000000000  h
  -69.27253004468119     -1.71196504931749      0.00000000000000  c
  -71.62090754219948     -0.52065007451089      0.00000000000000  c
  -69.23547445875630     -3.80473961187486      0.00000000000000  h
  -73.97364558714611     -1.79450012921143      0.00000000000000  c
  -71.65778668271230      1.57213261236076      0.00000000000000  h
  -76.32209100633419     -0.60309062442019      0.00000000000000  c
  -73.93682599997670     -3.88727863653452      0.00000000000000  h
  -78.67483642470687     -1.87691804426308      0.00000000000000  c
  -76.35891240867755      1.48968832537723      0.00000000000000  h
  -78.63800169887878     -3.96970111739353      0.00000000000000  h
  -81.02320687056965     -0.68554832828981      0.00000000000000  c
  -81.06008845173426      1.40722550243421      0.00000000000000  h
  -83.37610367778849     -1.95948492762556      0.00000000000000  c
  -83.33915163706334     -4.05226976574534      0.00000000000000  h
  -85.72425667201577     -0.76826383087820      0.00000000000000  c
  -85.76130925578262      1.32450142747443      0.00000000000000  h
  -88.07745410607005     -2.04245942639388      0.00000000000000  c
  -88.04024451412390     -4.13524521389463      0.00000000000000  h
  -90.42523524756284     -0.85154884102494      0.00000000000000  c
  -92.77890027535064     -2.12617484793540      0.00000000000000  c
  -90.46273165003892      1.24120795586695      0.00000000000000  h
  -95.12615057110348     -0.93573405827490      0.00000000000000  c
  -92.74125061802057     -4.21896280362999      0.00000000000000  h
  -97.48045685441583     -2.21103280431880      0.00000000000000  c
  -95.16411495401621      1.15700911254366      0.00000000000000  h
  -99.82701399287460     -1.02133429261509      0.00000000000000  c
  -97.44214976005756     -4.30381556360833      0.00000000000000  h
  -99.86577738477318      1.07138542004108      0.00000000000000  h
 -102.18215152406727     -2.29768408136338      0.00000000000000  c
 -102.14286385142761     -4.39045790368265      0.00000000000000  h
 -104.52780242193455     -1.10912364399462      0.00000000000000  c
 -104.56777120990625      0.98355989517005      0.00000000000000  h
 -106.88401628656266     -2.38706524586594      0.00000000000000  c
 -106.84325406552433     -4.47982347419687      0.00000000000000  h
 -109.22847351440403     -1.20022083811255      0.00000000000000  c
 -109.27025623399143      0.89240683632114      0.00000000000000  h
 -111.58611065941609     -2.48058341943683      0.00000000000000  c
 -113.92900402327192     -1.29640187984953      0.00000000000000  c
 -111.54308864031019     -4.57331769606158      0.00000000000000  h
 -116.28859886826079     -2.58054176826496      0.00000000000000  c
 -113.97364820055348      0.79613256628043      0.00000000000000  h
 -118.62927058778298     -1.40053407823891      0.00000000000000  c
 -116.24205381462026     -4.67323748548726      0.00000000000000  h
 -120.99181812413232     -2.69083485858368      0.00000000000000  c
 -118.67855538044589      0.69183729156615      0.00000000000000  h
 -120.93930103447914     -4.78347333449967      0.00000000000000  h
 -123.32896803210242     -1.51779124846971      0.00000000000000  c
 -123.38621906665215      0.57426259832313      0.00000000000000  h
 -125.69666689785426     -2.81934746115220      0.00000000000000  c
 -125.63256513868436     -4.91198774542148      0.00000000000000  h
 -128.02789429606932     -1.66085631404587      0.00000000000000  c
 -128.10368700730069      0.43070435606583      0.00000000000000  h
 -130.40788962564795     -2.99044990556406      0.00000000000000  c
 -130.30433298333176     -5.08086051875695      0.00000000000000  h
 -132.71977595278992     -1.86513228446089      0.00000000000000  c
 -132.91072955373716      0.21528260039068      0.00000000000000  h
 -134.47717404121892     -2.98649314737893      0.00000000000000  h
  -15.81866940588949      0.59390167607573      0.00000000000000  h
$user-defined bonds
$redundant
     number_of_atoms           102
     degrees_of_freedom        201
     internal_coordinates      201
     frozen_coordinates          0
# definitions of redundant internals
   1 k  1.0000000000000 stre  68   71           val=   2.09313
   2 k  1.0000000000000 stre  63   64           val=   2.67664
   3 k  1.0000000000000 stre  41   39           val=   2.67604
   4 k  1.0000000000000 stre  16   19           val=   2.09301
   5 k  1.0000000000000 stre  22   25           val=   2.09315
   6 k  1.0000000000000 stre  32   35           val=   2.09309
   7 k  1.0000000000000 stre  34   36           val=   2.09313
   8 k  1.0000000000000 stre  45   47           val=   2.09310
   9 k  1.0000000000000 stre  48   51           val=   2.09310
  10 k  1.0000000000000 stre  50   53           val=   2.09310
  11 k  1.0000000000000 stre  52   54           val=   2.09311
  12 k  1.0000000000000 stre  59   60           val=   2.09309
  13 k  1.0000000000000 stre  61   62           val=   2.09312
  14 k  1.0000000000000 stre  63   65           val=   2.09309
  15 k  1.0000000000000 stre  64   67           val=   2.09313
  16 k  1.0000000000000 stre  66   69           val=   2.09309
  17 k  1.0000000000000 stre   1  102           val=   2.08469
  18 k  1.0000000000000 stre  70   72           val=   2.09308
  19 k  1.0000000000000 stre  75   76           val=   2.09307
  20 k  1.0000000000000 stre  79   80           val=   2.09304
  21 k  1.0000000000000 stre  88   90           val=   2.09330
  22 k  1.0000000000000 stre  91   92           val=   2.09284
  23 k  1.0000000000000 stre  93   94           val=   2.09362
  24 k  1.0000000000000 stre  95   96           val=   2.09293
  25 k  1.0000000000000 stre  97   98           val=   2.09297
  26 k  1.0000000000000 stre  99  101           val=   2.08468
  27 k  1.0000000000000 stre   3    1           val=   2.57119
  28 k  1.0000000000000 stre  97   99           val=   2.57122
  29 k  1.0000000000000 stre  95   97           val=   2.72621
  30 k  1.0000000000000 stre  93   95           val=   2.60321
  31 k  1.0000000000000 stre   9    7           val=   2.70187
  32 k  1.0000000000000 stre  91   93           val=   2.70186
  33 k  1.0000000000000 stre  10    9           val=   2.61500
  34 k  1.0000000000000 stre  12   10           val=   2.69193
  35 k  1.0000000000000 stre  84   86           val=   2.62129
  36 k  1.0000000000000 stre  18   16           val=   2.62517
  37 k  1.0000000000000 stre  81   82           val=   2.62515
  38 k  1.0000000000000 stre  20   18           val=   2.68286
  39 k  1.0000000000000 stre  79   81           val=   2.68287
  40 k  1.0000000000000 stre  22   20           val=   2.62778
  41 k  1.0000000000000 stre  24   22           val=   2.68045
  42 k  1.0000000000000 stre  75   77           val=   2.68046
  43 k  1.0000000000000 stre  73   75           val=   2.62959
  44 k  1.0000000000000 stre  28   26           val=   2.67875
  45 k  1.0000000000000 stre  30   28           val=   2.63091
  46 k  1.0000000000000 stre  32   30           val=   2.67753
  47 k  1.0000000000000 stre  66   68           val=   2.67753
  48 k  1.0000000000000 stre  64   66           val=   2.63187
  49 k  1.0000000000000 stre  37   34           val=   2.67665
  50 k  1.0000000000000 stre   7    8           val=   2.09362
  51 k  1.0000000000000 stre  39   37           val=   2.63255
  52 k  1.0000000000000 stre  10   13           val=   2.09330
  53 k  1.0000000000000 stre  59   61           val=   2.67603
  54 k  1.0000000000000 stre  45   43           val=   2.67565
  55 k  1.0000000000000 stre  55   57           val=   2.67564
  56 k  1.0000000000000 stre  46   45           val=   2.63327
  57 k  1.0000000000000 stre  48   46           val=   2.67546
  58 k  1.0000000000000 stre  50   52           val=   2.67545
  59 k  1.0000000000000 stre  48   50           val=   2.63337
  60 k  1.0000000000000 stre  28   31           val=   2.09308
  61 k  1.0000000000000 stre  88   91           val=   2.61501
  62 k  1.0000000000000 stre  30   33           val=   2.09313
  63 k  1.0000000000000 stre  86   88           val=   2.69193
  64 k  1.0000000000000 stre  14   12           val=   2.62129
  65 k  1.0000000000000 stre   9   11           val=   2.09284
  66 k  1.0000000000000 stre  16   14           val=   2.68639
  67 k  1.0000000000000 stre  82   84           val=   2.68639
  68 k  1.0000000000000 stre   3    4           val=   2.09297
  69 k  1.0000000000000 stre  73   74           val=   2.09314
  70 k  1.0000000000000 stre  37   38           val=   2.09310
  71 k  1.0000000000000 stre  77   78           val=   2.09316
  72 k  1.0000000000000 stre  39   40           val=   2.09312
  73 k  1.0000000000000 stre  77   79           val=   2.62775
  74 k  1.0000000000000 stre  81   83           val=   2.09318
  75 k  1.0000000000000 stre  82   85           val=   2.09301
  76 k  1.0000000000000 stre  26   24           val=   2.62960
  77 k  1.0000000000000 stre  84   87           val=   2.09321
  78 k  1.0000000000000 stre  86   89           val=   2.09295
  79 k  1.0000000000000 stre  70   73           val=   2.67876
  80 k  1.0000000000000 stre  41   42           val=   2.09310
  81 k  1.0000000000000 stre  68   70           val=   2.63091
  82 k  1.0000000000000 stre  43   44           val=   2.09312
  83 k  1.0000000000000 stre  14   17           val=   2.09321
  84 k  1.0000000000000 stre  34   32           val=   2.63187
  85 k  1.0000000000000 stre  46   49           val=   2.09311
  86 k  1.0000000000000 stre   5    6           val=   2.09293
  87 k  1.0000000000000 stre  99  100           val=   2.08916
  88 k  1.0000000000000 stre  18   21           val=   2.09317
  89 k  1.0000000000000 stre  61   63           val=   2.63255
  90 k  1.0000000000000 stre  20   23           val=   2.09304
  91 k  1.0000000000000 stre  55   56           val=   2.09310
  92 k  1.0000000000000 stre  43   41           val=   2.63300
  93 k  1.0000000000000 stre  57   59           val=   2.63303
  94 k  1.0000000000000 stre   5    3           val=   2.72623
  95 k  1.0000000000000 stre  57   58           val=   2.09311
  96 k  1.0000000000000 stre   7    5           val=   2.60320
  97 k  1.0000000000000 stre  52   55           val=   2.63329
  98 k  1.0000000000000 stre   1    2           val=   2.08917
  99 k  1.0000000000000 stre  24   27           val=   2.09306
 100 k  1.0000000000000 stre  26   29           val=   2.09314
 101 k  1.0000000000000 stre  12   15           val=   2.09295
 102 k -0.8164965809099 bend 101  100   99      val=   2.02735
        0.4082529677796 bend  97  100   99
        0.4082436131302 bend  97  101   99
 103 k  0.7071067811865 bend  10   11    9      val=   0.49342
       -0.7071067811865 bend   7   11    9
 104 k -0.7071067811865 bend  79   83   81      val=   0.33200
        0.7071067811865 bend  82   83   81
 105 k -0.7071067811865 bend  61   65   63      val=  -0.25579
        0.7071067811865 bend  64   65   63
 106 k -0.7071067811865 bend  24   29   26      val=  -0.28379
        0.7071067811865 bend  28   29   26
 107 k -0.7071067811865 bend  43   47   45      val=   0.24660
        0.7071067811865 bend  46   47   45
 108 k -0.7588196990446 bend 102    2    1      val=   1.98319
        0.6404548614579 bend   3    2    1
        0.1183648375867 bend   3  102    1
 109 k -0.7071067811865 bend  88   92   91      val=  -0.49478
        0.7071067811865 bend  93   92   91
 110 k -0.7071067811865 bend  70   74   73      val=   0.28376
        0.7071067811865 bend  75   74   73
 111 k -0.7071067811865 bend  52   56   55      val=  -0.24308
        0.7071067811865 bend  57   56   55
 112 k  0.7071067811865 bend  48   53   50      val=   0.24171
       -0.7071067811865 bend  52   53   50
 113 k  0.7071067811865 bend  84   89   86      val=   0.40586
       -0.7071067811865 bend  88   89   86
 114 k  0.7071067811865 bend  66   71   68      val=  -0.26916
       -0.7071067811865 bend  70   71   68
 115 k  0.7071067811865 bend  93   96   95      val=   0.69272
       -0.7071067811865 bend  97   96   95
 116 k  0.7071067811865 bend  75   78   77      val=  -0.30384
       -0.7071067811865 bend  79   78   77
 117 k  0.7071067811865 bend  57   60   59      val=   0.24649
       -0.7071067811865 bend  61   60   59
 118 k -0.7071067811865 bend  45   49   46      val=  -0.24245
        0.7071067811865 bend  48   49   46
 119 k  0.7071067811865 bend  63   67   64      val=  -0.25802
       -0.7071067811865 bend  66   67   64
 120 k  0.7071067811865 bend  81   85   82      val=   0.35108
       -0.7071067811865 bend  84   85   82
 121 k -0.7071067811865 bend  34   38   37      val=   0.25515
        0.7071067811865 bend  39   38   37
 122 k -0.7071067811865 bend  30   35   32      val=   0.26365
        0.7071067811865 bend  34   35   32
 123 k -0.7071067811865 bend  16   21   18      val=  -0.33059
        0.7071067811865 bend  20   21   18
 124 k  0.7071067811865 bend  45   44   43      val=  -0.24620
       -0.7071067811865 bend  41   44   43
 125 k -0.7071067811865 bend  12   17   14      val=  -0.37339
        0.7071067811865 bend  16   17   14
 126 k -0.7071067811865 bend   5    4    3      val=   1.21597
        0.7071067811865 bend   1    4    3
 127 k  0.7071067811865 bend   9    8    7      val=  -0.56820
       -0.7071067811865 bend   5    8    7
 128 k -0.7071067811865 bend  26   31   28      val=   0.27520
        0.7071067811865 bend  30   31   28
 129 k -0.7071067811865 bend   9   13   10      val=  -0.44383
        0.7071067811865 bend  12   13   10
 130 k -0.7071067811865 bend  20   25   22      val=  -0.30150
        0.7071067811865 bend  24   25   22
 131 k  0.7071067811865 bend  39   42   41      val=  -0.24910
       -0.7071067811865 bend  43   42   41
 132 k -0.7071067811865 bend  26   27   24      val=  -0.29136
        0.7071067811865 bend  22   27   24
 133 k  0.7071067811865 bend  63   62   61      val=   0.24960
       -0.7071067811865 bend  59   62   61
 134 k  0.7071067811865 bend  81   80   79      val=  -0.31636
       -0.7071067811865 bend  77   80   79
 135 k -0.7071067811865 bend   3    6    5      val=   0.69327
        0.7071067811865 bend   7    6    5
 136 k -0.7071067811865 bend  14   15   12      val=  -0.40529
        0.7071067811865 bend  10   15   12
 137 k -0.7071067811865 bend  41   40   39      val=   0.25169
        0.7071067811865 bend  37   40   39
 138 k -0.7071067811865 bend  22   23   20      val=  -0.31523
        0.7071067811865 bend  18   23   20
 139 k -0.7071067811865 bend  99   98   97      val=  -1.21833
        0.7071067811865 bend  95   98   97
 140 k  0.7071067811865 bend  18   19   16      val=   0.35054
       -0.7071067811865 bend  14   19   16
 141 k  0.7071067811865 bend  32   33   30      val=  -0.26921
       -0.7071067811865 bend  28   33   30
 142 k  0.7071067811865 bend  37   36   34      val=  -0.25907
       -0.7071067811865 bend  32   36   34
 143 k -0.7071067811865 bend  86   87   84      val=  -0.37324
        0.7071067811865 bend  82   87   84
 144 k  0.7071067811865 bend  68   69   66      val=  -0.26360
       -0.7071067811865 bend  64   69   66
 145 k  0.7071067811865 bend  59   58   57      val=   0.24464
       -0.7071067811865 bend  55   58   57
 146 k -0.7071067811865 bend  50   51   48      val=  -0.24141
        0.7071067811865 bend  46   51   48
 147 k -0.7071067811865 bend  95   94   93      val=  -0.56786
        0.7071067811865 bend  91   94   93
 148 k  0.7071067811865 bend  77   76   75      val=  -0.29297
       -0.7071067811865 bend  73   76   75
 149 k  0.7071067811865 bend  91   90   88      val=   0.44337
       -0.7071067811865 bend  86   90   88
 150 k -0.7071067811865 bend  55   54   52      val=  -0.24205
        0.7071067811865 bend  50   54   52
 151 k  0.7071067811865 bend  73   72   70      val=  -0.27603
       -0.7071067811865 bend  68   72   70
 152 k -0.0000054009093 bend 101  100   99      val=   0.15267
       -0.7071040807164 bend  97  100   99
        0.7071094816257 bend  97  101   99
 153 k -0.3014288158232 bend 102    2    1      val=   0.88251
       -0.5064427283530 bend   3    2    1
        0.8078715441763 bend   3  102    1
 154 k  1.0000000000000 bend  46   43   45      val= 124.66771
 155 k  1.0000000000000 bend  61   64   63      val= 124.66589
 156 k  1.0000000000000 bend  79   82   81      val= 124.68128
 157 k  1.0000000000000 bend  10    7    9      val= 124.54899
 158 k  1.0000000000000 bend  28   24   26      val= 124.67362
 159 k  1.0000000000000 bend  86   91   88      val= 124.70630
 160 k  1.0000000000000 bend  68   73   70      val= 124.65995
 161 k  1.0000000000000 bend  50   55   52      val= 124.66844
 162 k  1.0000000000000 bend  73   77   75      val= 124.65418
 163 k  1.0000000000000 bend  55   59   57      val= 124.66867
 164 k  1.0000000000000 bend  91   95   93      val= 124.77697
 165 k  1.0000000000000 bend  82   86   84      val= 124.68992
 166 k  1.0000000000000 bend  64   68   66      val= 124.66366
 167 k  1.0000000000000 bend  50   46   48      val= 124.66791
 168 k  1.0000000000000 bend  95   99   97      val= 124.85528
 169 k  1.0000000000000 bend  77   81   79      val= 124.64484
 170 k  1.0000000000000 bend  59   63   61      val= 124.66923
 171 k  1.0000000000000 bend  37   32   34      val= 124.67062
 172 k  1.0000000000000 bend  41   37   39      val= 124.66996
 173 k  1.0000000000000 bend  18   14   16      val= 124.63027
 174 k  1.0000000000000 bend  22   18   20      val= 124.64454
 175 k  1.0000000000000 bend  32   28   30      val= 124.67168
 176 k  1.0000000000000 bend   7    3    5      val= 124.38474
 177 k  1.0000000000000 bend  14   10   12      val= 124.60459
 178 k  1.0000000000000 bend  12    9   10      val= 124.70611
 179 k  1.0000000000000 bend   9    5    7      val= 124.77668
 180 k  1.0000000000000 bend  45   41   43      val= 124.66931
 181 k  1.0000000000000 bend  43   39   41      val= 124.66707
 182 k  1.0000000000000 bend  26   22   24      val= 124.65359
 183 k  1.0000000000000 bend  24   20   22      val= 124.67595
 184 k  1.0000000000000 bend   5    1    3      val= 124.85490
 185 k  1.0000000000000 bend  16   12   14      val= 124.69020
 186 k  1.0000000000000 bend  30   26   28      val= 124.65925
 187 k  1.0000000000000 bend  39   34   37      val= 124.66562
 188 k  1.0000000000000 bend  20   16   18      val= 124.68135
 189 k  1.0000000000000 bend  34   30   32      val= 124.66325
 190 k  1.0000000000000 bend  81   84   82      val= 124.63041
 191 k  1.0000000000000 bend  93   97   95      val= 124.38509
 192 k  1.0000000000000 bend  63   66   64      val= 124.66978
 193 k  1.0000000000000 bend  48   45   46      val= 124.66907
 194 k  1.0000000000000 bend  57   61   59      val= 124.66686
 195 k  1.0000000000000 bend  75   79   77      val= 124.67580
 196 k  1.0000000000000 bend  48   52   50      val= 124.66841
 197 k  1.0000000000000 bend  84   88   86      val= 124.60479
 198 k  1.0000000000000 bend  66   70   68      val= 124.67125
 199 k  1.0000000000000 bend  88   93   91      val= 124.54918
 200 k  1.0000000000000 bend  70   75   73      val= 124.67314
 201 k  1.0000000000000 bend  52   57   55      val= 124.66793
       201 non zero eigenvalues  of BmBt
           1           4.684261370    1    0
         1
           2           4.674173579    2    0
         2
           3           4.657382344    3    0
         3
           4           4.633918958    4    0
         4
           5           4.603812530    5    0
         5
           6           4.568095185    6    0
         6
           7           4.524425401    7    0
         7
           8           4.475065409    8    0
         8
           9           4.419590362    9    0
         9
          10           4.358145844   10    0
        10
          11           4.290485009   11    0
        11
          12           4.220177288   12    0
        12
          13           4.143055229   13    0
        13
          14           4.063911320   14    0
        14
          15           3.995963231   15    0
        15
          16           3.975011616   16    0
        16
          17           3.956436261   17    0
        17
          18           3.952658955   18    0
        18
          19           3.923204482   19    0
        19
          20           3.915118100   20    0
        20
          21           3.897010725   21    0
        21
          22           3.867110978   22    0
        22
          23           3.834237223   23    0
        23
          24           3.805621831   24    0
        24
          25           3.780901709   25    0
        25
          26           3.764968337   26    0
        26
          27           3.720925319   27    0
        27
          28           3.694132942   28    0
        28
          29           3.665629418   29    0
        29
          30           3.607999154   30    0
        30
          31           3.586957978   31    0
        31
          32           3.538709151   32    0
        32
          33           3.506982291   33    0
        33
          34           3.465505637   34    0
        34
          35           3.427622182   35    0
        35
          36           3.389988376   36    0
        36
          37           3.354730872   37    0
        37
          38           3.307995008   38    0
        38
          39           3.250921454   39    0
        39
          40           3.208237319   40    0
        40
          41           3.183086399   41    0
        41
          42           3.119732313   42    0
        42
          43           3.113899667   43    0
        43
          44           3.055432993   44    0
        44
          45           2.998159906   45    0
        45
          46           2.988984821   46    0
        46
          47           2.939320485   47    0
        47
          48           2.889642180   48    0
        48
          49           2.857311773   49    0
        49
          50           2.814375426   50    0
        50
          51           2.812558421   51    0
        51
          52           2.649945099   52    0
        52
          53           2.636682072   53    0
        53
          54           2.597101038   54    0
        54
          55           2.570347033   55    0
        55
          56           2.530083251   56    0
        56
          57           2.489669671   57    0
        57
          58           2.460799194   58    0
        58
          59           2.437419776   59    0
        59
          60           2.393033869   60    0
        60
          61           2.382759183   61    0
        61
          62           2.342737257   62    0
        62
          63           2.312946074   63    0
        63
          64           2.275157912   64    0
        64
          65           2.253822875   65    0
        65
          66           2.234893398   66    0
        66
          67           2.205068799   67    0
        67
          68           2.175805656   68    0
        68
          69           2.151318999   69    0
        69
          70           2.142168198   70    0
        70
          71           2.124546350   71    0
        71
          72           2.101321020   72    0
        72
          73           2.081719738   73    0
        73
          74           2.064351613   74    0
        74
          75           2.050306597   75    0
        75
          76           2.037842426   76    0
        76
          77           2.035087524   77    0
        77
          78           2.024027021   78    0
        78
          79           2.015780671   79    0
        79
          80           2.008684782   80    0
        80
          81           2.003921013   81    0
        81
          82           2.000985188   82    0
        82
          83           1.932468564   83    0
        83
          84           1.829578451   84    0
        84
          85           1.733969402   85    0
        85
          86           1.640179642   86    0
        86
          87           1.551879187   87    0
        87
          88           1.469338091   88    0
        88
          89           1.392958214   89    0
        89
          90           1.324514099   90    0
        90
          91           1.259880273   91    0
        91
          92           1.203525613   92    0
        92
          93           1.153978022   93    0
        93
          94           1.111115695   94    0
        94
          95           1.074720595   95    0
        95
          96           1.044613967   96    0
        96
          97           1.020371939   97    0
        97
          98           1.001822321   98    0
        98
          99           0.988731302   99    0
        99
         100           0.980938568  100    0
       100
         101           0.913962639  101    0
       101
         102           0.849994319  102    0
       102
         103           0.664178103  103    0
       103
         104           0.663430617  104    0
       104
         105           0.662168694  105    0
       105
         106           0.660425505  106    0
       106
         107           0.658409436  107    0
       107
         108           0.654607037  108    0
       108
         109           0.649999899  109    0
       109
         110           0.646443331  110    0
       110
         111           0.642234675  111    0
       111
         112           0.637559115  112    0
       112
         113           0.631537976  113    0
       113
         114           0.628147638  114    0
       114
         115           0.621677916  115    0
       115
         116           0.615681657  116    0
       116
         117           0.609472341  117    0
       117
         118           0.603243250  118    0
       118
         119           0.597092378  119    0
       119
         120           0.587949316  120    0
       120
         121           0.580827995  121    0
       121
         122           0.573368451  122    0
       122
         123           0.565917088  123    0
       123
         124           0.556425402  124    0
       124
         125           0.545029886  125    0
       125
         126           0.537692193  126    0
       126
         127           0.529133487  127    0
       127
         128           0.520282822  128    0
       128
         129           0.511833210  129    0
       129
         130           0.494630952  130    0
       130
         131           0.487432754  131    0
       131
         132           0.477875074  132    0
       132
         133           0.467668158  133    0
       133
         134           0.457180169  134    0
       134
         135           0.446804152  135    0
       135
         136           0.435310290  136    0
       136
         137           0.424537263  137    0
       137
         138           0.413702568  138    0
       138
         139           0.402941278  139    0
       139
         140           0.392344936  140    0
       140
         141           0.381958985  141    0
       141
         142           0.372004277  142    0
       142
         143           0.362681807  143    0
       143
         144           0.358526629  144    0
       144
         145           0.353000897  145    0
       145
         146           0.344781978  146    0
       146
         147           0.337193656  147    0
       147
         148           0.330588790  148    0
       148
         149           0.324923439  149    0
       149
         150           0.320388259  150    0
       150
         151           0.317073798  151    0
       151
         152           0.315053225  152    0
       152
         153           0.297655533  153    0
       153
         154           0.172523303  154    0
       154
         155           0.171370036  155    0
       155
         156           0.169073412  156    0
       156
         157           0.167530624  157    0
       157
         158           0.165264149  158    0
       158
         159           0.163817155  159    0
       159
         160           0.161392513  160    0
       160
         161           0.156508272  161    0
       161
         162           0.148896995  162    0
       162
         163           0.147027704  163    0
       163
         164           0.140746854  164    0
       164
         165           0.138670947  165    0
       165
         166           0.132366579  166    0
       166
         167           0.126865462  167    0
       167
         168           0.122169586  168    0
       168
         169           0.116433795  169    0
       169
         170           0.110937987  170    0
       170
         171           0.107238731  171    0
       171
         172           0.096040092  172    0
       172
         173           0.093889891  173    0
       173
         174           0.083809242  174    0
       174
         175           0.080555746  175    0
       175
         176           0.074241575  176    0
       176
         177           0.066025001  177    0
       177
         178           0.063980938  178    0
       178
         179           0.055694166  179    0
       179
         180           0.050097070  180    0
       180
         181           0.047308133  181    0
       181
         182           0.039336003  182    0
       182
         183           0.036166521  183    0
       183
         184           0.032072907  184    0
       184
         185           0.025656285  185    0
       185
         186           0.023915409  186    0
       186
         187           0.020033519  187    0
       187
         188           0.015408148  188    0
       188
         189           0.013815300  189    0
       189
         190           0.011090688  190    0
       190
         191           0.007827761  191    0
       191
         192           0.006345673  192    0
       192
         193           0.005225318  193    0
       193
         194           0.003335949  194    0
       194
         195           0.002085405  195    0
       195
         196           0.001539285  196    0
       196
         197           0.001022269  197    0
       197
         198           0.000485824  198    0
       198
         199           0.000184269  199    0
       199
         200           0.000049144  200    0
       200
         201           0.000006588  201    0
       201
$end
