$coord
  -41.12371127421370     -1.19423986304984      0.00000000000000  c
  -43.41633845406788     -0.04039728025991      0.00000000000000  c
  -45.81545488181460     -1.34286496015666      0.00000000000000  c
  -48.12616666820620     -0.15330321199103      0.00000000000000  c
  -50.51124199382028     -1.43006308337800      0.00000000000000  c
  -52.83103556665046     -0.23284728856589      0.00000000000000  c
  -55.20528269662905     -1.50892378593180      0.00000000000000  c
  -57.53427534358308     -0.31617005778705      0.00000000000000  c
  -59.90045834054073     -1.59582385499463      0.00000000000000  c
  -62.23456085920550     -0.40487092635217      0.00000000000000  c
  -64.59729228822704     -1.68347641405615      0.00000000000000  c
  -66.93353029757446     -0.49092774796469      0.00000000000000  c
  -69.29444217429109     -1.76789282375056      0.00000000000000  c
  -71.63215793845089     -0.57465466154043      0.00000000000000  c
  -73.99178290154698     -1.85095288568834      0.00000000000000  c
  -76.33056550273537     -0.65759837990927      0.00000000000000  c
  -78.68933178491947     -1.93361575561881      0.00000000000000  c
  -81.02883221447738     -0.73989567547270      0.00000000000000  c
  -83.38705905046393     -2.01577388713701      0.00000000000000  c
  -85.72673702109314     -0.82165315986715      0.00000000000000  c
  -88.08489029533611     -2.09735474628024      0.00000000000000  c
  -90.42445764566756     -0.90300285713107      0.00000000000000  c
  -92.78291550786730     -2.17843155537040      0.00000000000000  c
  -95.12209685687894     -0.98404786377648      0.00000000000000  c
  -97.48131304083265     -2.25921737180935      0.00000000000000  c
  -99.81957231101251     -1.06484858566138      0.00000000000000  c
 -102.17986408309916     -2.33996598767706      0.00000000000000  c
 -104.51686645702091     -1.14542966728745      0.00000000000000  c
 -106.87860103259712     -2.42093873854534      0.00000000000000  c
 -109.21403118039191     -1.22680701767074      0.00000000000000  c
 -111.57764746909544     -2.50372102027053      0.00000000000000  c
 -113.91090958433327     -1.31090281398967      0.00000000000000  c
 -116.27805891094646     -2.58864294782188      0.00000000000000  c
 -118.60610046695254     -1.39386697712706      0.00000000000000  c
 -120.98149133828115     -2.66778625761145      0.00000000000000  c
 -123.30010016753961     -1.46851401571634      0.00000000000000  c
 -125.68651920568286     -2.74287728599908      0.00000000000000  c
 -127.99589695570106     -1.55121688778392      0.00000000000000  c
 -130.39639599417274     -2.85118962298398      0.00000000000000  c
 -132.68784500363296     -1.69507425944312      0.00000000000000  c
 -41.5703366429 -0.969460459981 -0.25 h
 -41.5703366429 -0.969460459981 0.25 h
 -40.7057339166 -0.919840649326 -0.25 h
 -40.7057339166 -0.919840649326 0.25 h
 -41.0950632632 -1.69341847984 -0.25 h
 -41.0950632632 -1.69341847984 0.25 h
 -42.9697130854 -0.265176683329 -0.25 h
 -42.9697130854 -0.265176683329 0.25 h
 -43.8343158117 -0.314796493984 -0.25 h
 -43.8343158117 -0.314796493984 0.25 h
 -43.4449864651 0.458781336533 -0.25 h
 -43.4449864651 0.458781336533 0.25 h
 -46.2600051876 -1.11400905436 -0.25 h
 -46.2600051876 -1.11400905436 0.25 h
 -45.3949847007 -1.07230105498 -0.25 h
 -45.3949847007 -1.07230105498 0.25 h
 -45.7913747571 -1.84228477113 -0.25 h
 -45.7913747571 -1.84228477113 0.25 h
 -47.6816163624 -0.382159117787 -0.25 h
 -47.6816163624 -0.382159117787 0.25 h
 -48.5466368493 -0.423867117171 -0.25 h
 -48.5466368493 -0.423867117171 0.25 h
 -48.1502467929 0.346116598985 -0.25 h
 -48.1502467929 0.346116598985 0.25 h
 -50.9555598954 -1.20075629682 -0.25 h
 -50.9555598954 -1.20075629682 0.25 h
 -50.0904975406 -1.15992588655 -0.25 h
 -50.0904975406 -1.15992588655 0.25 h
 -50.4876685455 -1.92950706676 -0.25 h
 -50.4876685455 -1.92950706676 0.25 h
 -52.3867176651 -0.462154075121 -0.25 h
 -52.3867176651 -0.462154075121 0.25 h
 -53.2517800198 -0.502984485389 -0.25 h
 -53.2517800198 -0.502984485389 0.25 h
 -52.854609015 0.266596694812 -0.25 h
 -52.854609015 0.266596694812 0.25 h
 -55.6503156164 -1.28100779191 -0.25 h
 -55.6503156164 -1.28100779191 0.25 h
 -54.785385196 -1.23747196891 -0.25 h
 -54.785385196 -1.23747196891 0.25 h
 -55.1801472775 -2.00829159697 -0.25 h
 -55.1801472775 -2.00829159697 0.25 h
 -57.0892424238 -0.544086051805 -0.25 h
 -57.0892424238 -0.544086051805 0.25 h
 -57.9541728442 -0.587621874811 -0.25 h
 -57.9541728442 -0.587621874811 0.25 h
 -57.5594107627 0.183197753255 -0.25 h
 -57.5594107627 0.183197753255 0.25 h
 -60.3458327637 -1.36857592165 -0.25 h
 -60.3458327637 -1.36857592165 0.25 h
 -59.4809686457 -1.32374225703 -0.25 h
 -59.4809686457 -1.32374225703 0.25 h
 -59.8745736122 -2.09515338631 -0.25 h
 -59.8745736122 -2.09515338631 0.25 h
 -61.7891864361 -0.632118859698 -0.25 h
 -61.7891864361 -0.632118859698 0.25 h
 -62.654050554 -0.676952524317 -0.25 h
 -62.654050554 -0.676952524317 0.25 h
 -62.2604455875 0.0944586049585 -0.25 h
 -62.2604455875 0.0944586049585 0.25 h
 -65.0426276466 -1.45615193537 -0.25 h
 -65.0426276466 -1.45615193537 0.25 h
 -64.1777558356 -1.41146691987 -0.25 h
 -64.1777558356 -1.41146691987 0.25 h
 -64.5714933825 -2.18281038693 -0.25 h
 -64.5714933825 -2.18281038693 0.25 h
 -66.4881949392 -0.718252226648 -0.25 h
 -66.4881949392 -0.718252226648 0.25 h
 -67.3530667502 -0.762937242152 -0.25 h
 -67.3530667502 -0.762937242152 0.25 h
 -66.9593292033 0.00840622490633 -0.25 h
 -66.9593292033 0.00840622490633 0.25 h
 -69.739782534 -1.54057814311 -0.25 h
 -69.739782534 -1.54057814311 0.25 h
 -68.8749117064 -1.49587409925 -0.25 h
 -68.8749117064 -1.49587409925 0.25 h
 -69.2686322825 -2.26722622889 -0.25 h
 -69.2686322825 -2.26722622889 0.25 h
 -71.1868175788 -0.801969342178 -0.25 h
 -71.1868175788 -0.801969342178 0.25 h
 -72.0516884064 -0.846673386042 -0.25 h
 -72.0516884064 -0.846673386042 0.25 h
 -71.6579678302 -0.0753212564017 -0.25 h
 -71.6579678302 -0.0753212564017 0.25 h
 -74.4371562754 -1.62370289583 -0.25 h
 -74.4371562754 -1.62370289583 0.25 h
 -73.5722919504 -1.57887322472 -0.25 h
 -73.5722919504 -1.57887322472 0.25 h
 -73.9659004789 -2.35028253652 -0.25 h
 -73.9659004789 -2.35028253652 0.25 h
 -75.8851921289 -0.884848369769 -0.25 h
 -75.8851921289 -0.884848369769 0.25 h
 -76.7500564539 -0.929678040878 -0.25 h
 -76.7500564539 -0.929678040878 0.25 h
 -76.3564479254 -0.158268729081 -0.25 h
 -76.3564479254 -0.158268729081 0.25 h
 -79.1347052123 -1.70636587069 -0.25 h
 -79.1347052123 -1.70636587069 0.25 h
 -78.2698408979 -1.66153599582 -0.25 h
 -78.2698408979 -1.66153599582 0.25 h
 -78.6634492446 -2.43294540035 -0.25 h
 -78.6634492446 -2.43294540035 0.25 h
 -80.5834587871 -0.967145560401 -0.25 h
 -80.5834587871 -0.967145560401 0.25 h
 -81.4483231015 -1.01197543527 -0.25 h
 -81.4483231015 -1.01197543527 0.25 h
 -81.0547147548 -0.240566030743 -0.25 h
 -81.0547147548 -0.240566030743 0.25 h
 -83.8324085821 -1.78847717652 -0.25 h
 -83.8324085821 -1.78847717652 0.25 h
 -82.967539559 -1.74373823447 -0.25 h
 -82.967539559 -1.74373823447 0.25 h
 -83.3612290102 -2.51510625042 -0.25 h
 -83.3612290102 -2.51510625042 0.25 h
 -85.2813874894 -1.04894987048 -0.25 h
 -85.2813874894 -1.04894987048 0.25 h
 -86.1462565125 -1.09368881253 -0.25 h
 -86.1462565125 -1.09368881253 0.25 h
 -85.7525670613 -0.322320796585 -0.25 h
 -85.7525670613 -0.322320796585 0.25 h
 -88.5302176573 -1.87001460323 -0.25 h
 -88.5302176573 -1.87001460323 0.25 h
 -87.6653442751 -1.8253600093 -0.25 h
 -87.6653442751 -1.8253600093 0.25 h
 -88.0591089535 -2.59668962631 -0.25 h
 -88.0591089535 -2.59668962631 0.25 h
 -89.9791302837 -1.13034300018 -0.25 h
 -89.9791302837 -1.13034300018 0.25 h
 -90.8440036659 -1.17499759411 -0.25 h
 -90.8440036659 -1.17499759411 0.25 h
 -90.4502389875 -0.403667977102 -0.25 h
 -90.4502389875 -0.403667977102 0.25 h
 -93.2282252253 -1.95105685247 -0.25 h
 -93.2282252253 -1.95105685247 0.25 h
 -92.3633483802 -1.90646937893 -0.25 h
 -92.3633483802 -1.90646937893 0.25 h
 -92.757172918 -2.67776843471 -0.25 h
 -92.757172918 -2.67776843471 0.25 h
 -94.6767871394 -1.21142256668 -0.25 h
 -94.6767871394 -1.21142256668 0.25 h
 -95.5416639845 -1.25601004021 -0.25 h
 -95.5416639845 -1.25601004021 0.25 h
 -95.1478394467 -0.484710984438 -0.25 h
 -95.1478394467 -0.484710984438 0.25 h
 -97.9265875908 -2.03177380705 -0.25 h
 -97.9265875908 -2.03177380705 0.25 h
 -97.0617038608 -1.98732008226 -0.25 h
 -97.0617038608 -1.98732008226 0.25 h
 -97.4556476709 -2.75855822612 -0.25 h
 -97.4556476709 -2.75855822612 0.25 h
 -99.374297761 -1.29229215042 -0.25 h
 -99.374297761 -1.29229215042 0.25 h
 -100.239181491 -1.33674587521 -0.25 h
 -100.239181491 -1.33674587521 0.25 h
 -99.845237681 -0.56550773135 -0.25 h
 -99.845237681 -0.56550773135 0.25 h
 -102.62507614 -2.11240012013 -0.25 h
 -102.62507614 -2.11240012013 0.25 h
 -101.760180232 -2.06818396979 -0.25 h
 -101.760180232 -2.06818396979 0.25 h
 -102.154335877 -2.83931387311 -0.25 h
 -102.154335877 -2.83931387311 0.25 h
 -104.0716544 -1.37299553483 -0.25 h
 -104.0716544 -1.37299553483 0.25 h
 -104.936550308 -1.41721168517 -0.25 h
 -104.936550308 -1.41721168517 0.25 h
 -104.542394663 -0.646081781858 -0.25 h
 -104.542394663 -0.646081781858 0.25 h
 -107.32378226 -2.19331256605 -0.25 h
 -107.32378226 -2.19331256605 0.25 h
 -106.458880371 -2.14921357222 -0.25 h
 -106.458880371 -2.14921357222 0.25 h
 -106.853140467 -2.92029007736 -0.25 h
 -106.853140467 -2.92029007736 0.25 h
 -108.768849953 -1.45443319016 -0.25 h
 -108.768849953 -1.45443319016 0.25 h
 -109.633751842 -1.498532184 -0.25 h
 -109.633751842 -1.498532184 0.25 h
 -109.239491746 -0.727455678851 -0.25 h
 -109.239491746 -0.727455678851 0.25 h
 -112.022844549 -2.27612585275 -0.25 h
 -112.022844549 -2.27612585275 0.25 h
 -111.157945732 -2.23196662337 -0.25 h
 -111.157945732 -2.23196662337 0.25 h
 -111.552152126 -3.00307058469 -0.25 h
 -111.552152126 -3.00307058469 0.25 h
 -113.465712505 -1.53849798151 -0.25 h
 -113.465712505 -1.53849798151 0.25 h
 -114.330611321 -1.58265721089 -0.25 h
 -114.330611321 -1.58265721089 0.25 h
 -113.936404927 -0.811553249569 -0.25 h
 -113.936404927 -0.811553249569 0.25 h
 -116.722897135 -2.36034718608 -0.25 h
 -116.722897135 -2.36034718608 0.25 h
 -115.85792987 -2.31754962649 -0.25 h
 -115.85792987 -2.31754962649 0.25 h
 -116.253349728 -3.0880320309 -0.25 h
 -116.253349728 -3.0880320309 0.25 h
 -118.161262243 -1.62216273887 -0.25 h
 -118.161262243 -1.62216273887 0.25 h
 -119.026229508 -1.66496029846 -0.25 h
 -119.026229508 -1.66496029846 0.25 h
 -118.63080965 -0.894477894049 -0.25 h
 -118.63080965 -0.894477894049 0.25 h
 -121.4256008 -2.43807603534 -0.25 h
 -121.4256008 -2.43807603534 0.25 h
 -120.56050172 -2.39803129304 -0.25 h
 -120.56050172 -2.39803129304 0.25 h
 -120.958371496 -3.16725144446 -0.25 h
 -120.958371496 -3.16725144446 0.25 h
 -122.855990706 -1.69822423799 -0.25 h
 -122.855990706 -1.69822423799 0.25 h
 -123.721089786 -1.73826898029 -0.25 h
 -123.721089786 -1.73826898029 0.25 h
 -123.32322001 -0.96904882887 -0.25 h
 -123.32322001 -0.96904882887 0.25 h
 -126.130851215 -2.51359783673 -0.25 h
 -126.130851215 -2.51359783673 0.25 h
 -125.265791374 -2.4727142032 -0.25 h
 -125.265791374 -2.4727142032 0.25 h
 -125.662915029 -3.24231981807 -0.25 h
 -125.662915029 -3.24231981807 0.25 h
 -127.551564947 -1.78049633705 -0.25 h
 -127.551564947 -1.78049633705 0.25 h
 -128.416624788 -1.82137997058 -0.25 h
 -128.416624788 -1.82137997058 0.25 h
 -128.019501133 -1.05177435572 -0.25 h
 -128.019501133 -1.05177435572 0.25 h
 -130.842796954 -2.62596488298 -0.25 h
 -130.842796954 -2.62596488298 0.25 h
 -129.978145168 -2.57720742193 -0.25 h
 -129.978145168 -2.57720742193 0.25 h
 -130.368245861 -3.35039656404 -0.25 h
 -130.368245861 -3.35039656404 0.25 h
 -132.241444044 -1.92029899944 -0.25 h
 -132.241444044 -1.92029899944 0.25 h
 -133.10609583 -1.9690564605 -0.25 h
 -133.10609583 -1.9690564605 0.25 h
 -132.715995137 -1.19586731839 -0.25 h
 -132.715995137 -1.19586731839 0.25 h
$end
