$energy      SCF               SCFKIN            SCFPOT
     1 -310.1672950503      307.2644085772     -617.4317036275
     2 -310.1699581791      307.0475466904     -617.2175048694
     3 -310.1701069832      307.0016270387     -617.1717340218
     4 -310.1701225293      306.9933018848     -617.1634244141
     5 -310.1701239580      306.9934099062     -617.1635338642
     6 -310.1701241337      306.9939503861     -617.1640745198
     7 -310.1701241919      306.9942398137     -617.1643640055
     8 -310.1701241116      306.9940743928     -617.1641985045
     9 -310.5906488512      307.3139604694     -617.9046093206
    10 -310.5908315582      307.2321919969     -617.8230235551
    11 -310.5908463549      307.2228980931     -617.8137444479
    12 -310.5908490937      307.2231850035     -617.8140340971
    13 -310.5908497767      307.2245565944     -617.8154063711
    14 -310.5908498411      307.2244433926     -617.8152932337
$end
