$hessapprox internal
  0.460982066393D+00 -0.681194175214D-02  0.455236526907D+00 -0.491480712857D-02
 -0.718286371719D-02  0.460588801787D+00 -0.614590878544D-02 -0.920948251066D-02
 -0.653007463449D-02  0.457778939006D+00  0.340836188159D-02  0.568521238770D-02
  0.370812561861D-02  0.467195587944D-02  0.461118852551D+00  0.311049853175D-02
  0.186885119620D-02  0.268413082116D-02  0.329641755052D-02 -0.169845014496D-03
  0.688021749300D+00  0.956954617274D-03 -0.269088958858D-02  0.357123889649D-03
 -0.671334445846D-03  0.447767302278D-02  0.124869282914D-01  0.375225055163D+00
  0.594038347583D-02  0.419341103765D-03  0.485209814476D-02  0.406901138985D-02
  0.239186878962D-02  0.130665606190D-01  0.114138516758D-01  0.378721457785D+00
 -0.254742055139D-03 -0.904768128062D-03 -0.391581716047D-03 -0.444454493681D-03
 -0.917859438018D-03  0.143412683052D-02  0.706764071354D-03  0.128430669062D-02
  0.464492011750D+00 -0.441353491102D-02 -0.607302769203D-02 -0.457155521143D-02
 -0.554378210346D-02  0.300054763503D-02  0.264380948350D-02  0.169064675461D-02
  0.538765486141D-02 -0.267577073117D-03  0.461727468757D+00  0.385389524184D-02
  0.649509569973D-02  0.413979818528D-02  0.552418729395D-02 -0.523059772600D-02
  0.781104659245D-03  0.579731433326D-02  0.481742817956D-02 -0.615822034594D-03
  0.335448258043D-02  0.459855718326D+00  0.181717096435D-02 -0.365762113812D-03
  0.145202694798D-02  0.869024202490D-03  0.161072936946D-02 -0.247312326337D-01
  0.879161200839D-02  0.610082938369D-02  0.582007945581D-03  0.161606197972D-02
  0.239834671561D-02  0.683141349513D+00  0.157912385302D-02 -0.186598820528D-02
  0.905051496388D-03  0.395469695083D-03  0.385711154567D-02  0.138129239978D-01
  0.166013942740D-01  0.145754885565D-01  0.106435403529D-02  0.218828563974D-02
  0.535736236162D-02  0.951537629988D-02  0.378632285950D+00  0.300337918602D-03
  0.124900008847D-03  0.149919519215D-03  0.625682165026D-03 -0.174892998212D-02
  0.261826783797D-02  0.237603750334D-02  0.432269848696D-02 -0.825372027027D-03
  0.173052603109D-03 -0.140575652751D-02  0.158773842434D-02  0.294527994863D-02
  0.465294127883D+00  0.451242828109D-03  0.362980161979D-02  0.132095531537D-02
  0.707630023151D-03 -0.549730816009D-05 -0.426791936688D-01  0.212992134061D-01
  0.255242434109D-01  0.715846006221D-03  0.246773465265D-03 -0.193807232460D-02
 -0.371730000513D-01  0.189197949009D-01 -0.171493143016D-02  0.650013353920D+00
  0.115687791387D-02  0.487367334760D-02  0.199772082338D-02  0.204161705033D-02
 -0.100077512036D-02 -0.411732675078D-01  0.233413372796D-01  0.293336129266D-01
  0.118606780433D-02  0.808016592314D-03 -0.285463845775D-02 -0.359727045537D-01
  0.212728959589D-01 -0.116013394653D-02 -0.630087981337D-01  0.644126631549D+00
 -0.464066140113D-02 -0.649657655647D-02 -0.479351285215D-02 -0.598259539356D-02
  0.334262699707D-02  0.216076689927D-02  0.100445727738D-02  0.414143837919D-02
 -0.423748104708D-03 -0.415067502872D-02  0.368060243041D-02  0.120346460393D-02
  0.141676030248D-02  0.123610901798D-05  0.124606327527D-02  0.177408631168D-02
  0.461373136724D+00  0.131326904801D-02  0.135067484555D-02  0.114659911258D-02
  0.191353743526D-02 -0.599460874531D-02  0.132733571096D-01 -0.676241858576D-04
 -0.446593738567D-03 -0.498905501205D-02  0.207472899150D-02 -0.563165515648D-02
  0.122760052040D-01  0.295041727541D-03 -0.452725321576D-02 -0.203053833786D-02
 -0.147379174882D-02  0.188491312348D-02  0.234520502044D+00 -0.137508488139D-02
 -0.148670094651D-02 -0.121111489199D-02 -0.204016939832D-02  0.610949960518D-02
 -0.134300697254D-01 -0.129596997877D-03  0.128539461075D-03  0.494160482509D-02
 -0.212663151248D-02  0.575182950053D-02 -0.124437450569D-01 -0.496535960986D-03
  0.448718480307D-02  0.227759718555D-02  0.172770705541D-02 -0.193993681594D-02
  0.109364761743D+00  0.234650056905D+00  0.595092063142D-02  0.647233381632D-02
  0.554206882104D-02  0.782002869847D-02 -0.436291675098D-02 -0.469050052022D-04
  0.952622063777D-02  0.113114618971D-01 -0.808825959110D-03  0.591398347724D-02
 -0.340048064309D-02 -0.308661547858D-02  0.114791448723D-01  0.350676723990D-03
 -0.664865479875D-02 -0.505085669126D-02  0.544208899404D-02 -0.234028268029D-02
  0.229937490332D-02  0.277009047746D+00 -0.851835942102D-03 -0.281450579229D-03
 -0.845104482579D-03 -0.290687256671D-03  0.544157401896D-03 -0.254316730365D-04
  0.118148986412D-01  0.162830046237D-01 -0.888727368658D-03 -0.829905672341D-03
  0.500960690441D-03  0.246718974785D-03  0.114000405545D-01 -0.919915174884D-03
 -0.152987329621D-01 -0.154087283958D-01 -0.818173333732D-03  0.171487949409D-02
 -0.177507043385D-02  0.556899006709D-02  0.314075423029D+00  0.996168567497D-03
  0.198387147629D-02  0.122345439701D-02  0.120127043665D-02 -0.136928081593D-02
  0.135541612974D-02 -0.901213225581D-02 -0.133157981019D-01  0.178481150889D-02
  0.846568543481D-03 -0.183270074810D-02  0.245638506381D-02 -0.904723343982D-02
  0.116739598705D-02  0.135970465067D-01  0.129374941248D-01  0.110214684618D-02
  0.257378874122D-02 -0.242469788649D-02 -0.241227132819D-03  0.489430782552D-01
  0.310011384608D+00 -0.598183017009D-02 -0.652379487000D-02 -0.557138881320D-02
 -0.787659124336D-02  0.440488422208D-02 -0.341876383065D-04 -0.960410703258D-02
 -0.114555527549D-01  0.788504235090D-03 -0.594037811227D-02  0.343841207701D-02
  0.301987079436D-02 -0.115696034886D-01 -0.375558342868D-03  0.675026966550D-02
  0.514519989538D-02 -0.546666951075D-02  0.231496766248D-02 -0.227401821798D-02
  0.849342843752D-01 -0.558313917183D-02  0.285796345559D-03  0.277108461149D+00
 -0.749471359998D-03 -0.611935554081D-04 -0.739465906825D-03 -0.820999923644D-04
  0.360353038016D-03  0.214302225684D-03  0.121467730810D-01  0.168345968365D-01
 -0.811664433132D-03 -0.746340690163D-03  0.311345454497D-03  0.494821572390D-03
  0.117464581343D-01 -0.851633212274D-03 -0.157391803189D-01 -0.158554741578D-01
 -0.730834636674D-03  0.181773217086D-02 -0.187574400849D-02  0.568302568345D-02
 -0.478544601465D-01  0.487360815141D-01 -0.569734242304D-02  0.314197793557D+00
  0.115722703276D-02  0.230951761283D-02  0.138601622693D-02  0.152073639077D-02
 -0.163932714395D-02  0.173881139697D-02 -0.851876913266D-02 -0.124730118406D-01
  0.190182559896D-02  0.979099816429D-03 -0.210364738466D-02  0.282866661793D-02
 -0.851869252442D-02  0.128081640459D-02  0.129377881707D-01  0.122814621595D-01
  0.123643185405D-02  0.272678855289D-02 -0.257517087117D-02 -0.324371972580D-04
  0.490283701696D-01 -0.522754388014D-01  0.762638939954D-04  0.488174519942D-01
  0.309419847213D+00 -0.197098255474D-02 -0.712515520469D-02 -0.279417320475D-02
 -0.436306846306D-02  0.461267330029D-02 -0.609360215516D-03 -0.215684298616D-02
 -0.482625814365D-02 -0.319153276894D-02 -0.125021695869D-02  0.644478372891D-02
 -0.585234706493D-02  0.169350408316D-03 -0.891878087675D-03  0.104189874028D-01
  0.132874941489D-01 -0.219453034101D-02  0.243383362947D-02 -0.266435106087D-02
 -0.220283874394D-01 -0.961458740082D-02  0.168337182095D-01  0.219291291118D-01
 -0.920346588392D-02  0.174535161419D-01  0.361549430440D+00 -0.196178151005D-02
 -0.711715281032D-02 -0.278659692897D-02 -0.434966220101D-02  0.460626441815D-02
 -0.575007935234D-03 -0.214809663797D-02 -0.480331908320D-02 -0.318677742386D-02
 -0.124104211884D-02  0.644209386471D-02 -0.582923546410D-02  0.184479858467D-03
 -0.882570329726D-03  0.104154081965D-01  0.132899571148D-01 -0.218720839695D-02
  0.243949628072D-02 -0.267046166686D-02 -0.220175091241D-01 -0.960323776428D-02
  0.168199941225D-01  0.219179603417D-01 -0.919137425276D-02  0.174410472347D-01
 -0.213688074616D-01  0.361563793364D+00  0.889176123531D-03  0.588593967803D-02
  0.199032533745D-02  0.223134181143D-02 -0.636112553393D-02  0.575780914486D-02
  0.922609227952D-02  0.129478710117D-01  0.701199210949D-03 -0.107493109336D-03
 -0.889769967142D-02  0.134815428948D-01  0.482887803274D-02 -0.240515795470D-02
 -0.585968507666D-03 -0.470185971067D-02  0.116184770934D-02  0.389971553197D-02
 -0.372691360555D-02  0.164164729883D-01 -0.444312498969D-02 -0.203167002397D-02
 -0.162931945401D-01 -0.483333291045D-02 -0.267366094204D-02  0.516412662390D-02
  0.515287888773D-02  0.416264979661D+00 -0.843512109786D-02 -0.185920001154D-01
 -0.107223263081D-01 -0.109373942172D-01  0.388320396413D-02  0.870828450953D-02
  0.438317585319D-02  0.323367050840D-02 -0.752173175314D-02 -0.661929665004D-02
  0.901546564203D-02 -0.621605248086D-02  0.115376169233D-01 -0.112332296440D-02
  0.130953728216D-01  0.212127921565D-01 -0.924134867019D-02 -0.138727415908D-02
  0.774535501902D-03 -0.665364771964D-03  0.896218234008D-02  0.182320391075D-02
  0.367783231999D-03  0.100565201756D-01  0.351723036442D-02 -0.222159995919D-01
 -0.221685384745D-01 -0.186978985899D-01  0.390252785818D+00  0.135232623415D-02
  0.332788946220D-02  0.168556264737D-02  0.222371330877D-02 -0.564653529994D-02
  0.936044270209D-02  0.109277045275D-01  0.148517179585D-01 -0.135644261436D-02
  0.689423258294D-03 -0.641810173225D-02  0.117277857212D-01  0.955400052483D-02
 -0.229931553376D-02  0.754919681773D-02  0.629369513129D-02  0.107498887593D-02
  0.573940273193D-03 -0.537221039287D-03  0.553610737959D-02 -0.777932757105D-03
 -0.162629879007D-02 -0.550569532668D-02 -0.881384536010D-03 -0.179657659246D-02
  0.551697149647D-03  0.554819478625D-03  0.169143070676D-02 -0.122826680729D-01
  0.400660844351D+00  0.698521901804D-03  0.565243006312D-02  0.182524862090D-02
  0.191409339123D-02 -0.618589773994D-02  0.531409034552D-02  0.881914321399D-02
  0.120504118535D-01  0.594786378394D-03 -0.264989627854D-03 -0.878384391772D-02
  0.132382123415D-01  0.427891069608D-02 -0.258421437105D-02  0.515832217245D-04
 -0.416863092806D-02  0.103370996257D-02  0.379164236233D-02 -0.361618754133D-02
  0.158512882902D-01 -0.435445758077D-02 -0.200074520515D-02 -0.157236973083D-01
 -0.475113235336D-02 -0.265644146952D-02  0.453156272216D-02  0.451824828381D-02
  0.138448531328D-01 -0.207303861442D-01  0.205635147895D-02  0.418756181566D+00
  0.117348797269D-02  0.310049559467D-02  0.152864995083D-02  0.192447391772D-02
 -0.547133567329D-02  0.890849899783D-02  0.105562638578D-01  0.140553492158D-01
 -0.145885003337D-02  0.537411616628D-03 -0.629538229697D-02  0.114466086048D-01
  0.906151907036D-02 -0.246391437205D-02  0.808926467027D-02  0.674468248106D-02
  0.948106957200D-03  0.463027770699D-03 -0.423583390594D-03  0.508782067850D-02
 -0.759712573266D-03 -0.152718068433D-02 -0.505353100450D-02 -0.869143211605D-03
 -0.170989555867D-02  0.116861835045D-04  0.128694999628D-04  0.265310543251D-02
 -0.140450955745D-01 -0.271613234026D-02  0.305672824962D-02  0.401226936152D+00
 -0.850290453665D-02 -0.187506908618D-01 -0.107933149235D-01 -0.110845021333D-01
  0.401031389394D-02  0.862763022281D-02  0.410207047477D-02  0.274261171489D-02
 -0.757361904936D-02 -0.666468288715D-02  0.914793731027D-02 -0.630231968615D-02
  0.112381882363D-01 -0.116680356629D-02  0.135476959916D-01  0.216703749330D-01
 -0.929034570137D-02 -0.144898753344D-02  0.833067176546D-03 -0.861804268410D-03
  0.902996739068D-02  0.186581069709D-02  0.563992113275D-03  0.101288004214D-01
  0.356526542179D-02 -0.226320437379D-01 -0.225849496048D-01 -0.181112521683D-01
 -0.144398428222D-01 -0.120739396788D-01 -0.201372051830D-01 -0.138315832571D-01
  0.388151214501D+00
$end
