$coord
  -88.29349581189366     -2.08448353519155      0.00000000000000  c
  -90.51690661345845     -0.91748426211247      0.00000000000000  c
  -92.96268861106293     -2.20974712940584      0.00000000000000  c
  -95.19017123976653     -1.02220455683443      0.00000000000000  c
  -97.63222863962035     -2.30096751292357      0.00000000000000  c
  -99.85979755290460     -1.10752894965438      0.00000000000000  c
 -102.30139806726041     -2.38239326283867      0.00000000000000  c
 -104.52894769893672     -1.18715028173820      0.00000000000000  c
 -106.97057056268943     -2.46058752922666      0.00000000000000  c
 -109.19800731049354     -1.26465854986186      0.00000000000000  c
 -111.63971286796587     -2.53763839371742      0.00000000000000  c
 -113.86708214616171     -1.34155825650240      0.00000000000000  c
 -116.30889798811127     -2.61470564807010      0.00000000000000  c
 -118.53619536274874     -1.41898063828287      0.00000000000000  c
 -120.97819646867806     -2.69315009755433      0.00000000000000  c
 -123.20530396269018     -1.49882739557020      0.00000000000000  c
 -125.64800212465964     -2.77642298972721      0.00000000000000  c
 -127.87481440458059     -1.58754833222164      0.00000000000000  c
 -130.32149219778057     -2.87817355538742      0.00000000000000  c
 -132.54407070280038     -1.70956325466328      0.00000000000000  c
 -88.736218641 -1.85211207267 -0.25 h
 -88.736218641 -1.85211207267 0.25 h
 -87.8708948077 -1.81726004961 -0.25 h
 -87.8708948077 -1.81726004961 0.25 h
 -88.273373987 -2.58407848329 -0.25 h
 -88.273373987 -2.58407848329 0.25 h
 -90.0741837844 -1.14985572463 -0.25 h
 -90.0741837844 -1.14985572463 0.25 h
 -90.9395076177 -1.18470774769 -0.25 h
 -90.9395076177 -1.18470774769 0.25 h
 -90.5370284384 -0.417889314017 -0.25 h
 -90.5370284384 -0.417889314017 0.25 h
 -93.4039019361 -1.97452212685 -0.25 h
 -93.4039019361 -1.97452212685 0.25 h
 -92.5383711207 -1.94525768274 -0.25 h
 -92.5383711207 -1.94525768274 0.25 h
 -92.9457927764 -2.70946157864 -0.25 h
 -92.9457927764 -2.70946157864 0.25 h
 -94.7489579148 -1.2574295594 -0.25 h
 -94.7489579148 -1.2574295594 0.25 h
 -95.6144887301 -1.2866940035 -0.25 h
 -95.6144887301 -1.2866940035 0.25 h
 -95.2070670745 -0.522490107603 -0.25 h
 -95.2070670745 -0.522490107603 0.25 h
 -98.0729605473 -2.06484172955 -0.25 h
 -98.0729605473 -2.06484172955 0.25 h
 -97.2073717589 -2.03734537632 -0.25 h
 -97.2073717589 -2.03734537632 0.25 h
 -97.6163536127 -2.8007154329 -0.25 h
 -97.6163536127 -2.8007154329 0.25 h
 -99.4190656452 -1.34365473303 -0.25 h
 -99.4190656452 -1.34365473303 0.25 h
 -100.284654434 -1.37115108626 -0.25 h
 -100.284654434 -1.37115108626 0.25 h
 -99.8756725798 -0.607781029679 -0.25 h
 -99.8756725798 -0.607781029679 0.25 h
 -102.741980472 -2.14598864178 -0.25 h
 -102.741980472 -2.14598864178 0.25 h
 -101.876374458 -2.11904001862 -0.25 h
 -101.876374458 -2.11904001862 0.25 h
 -102.285839272 -2.88215112811 -0.25 h
 -102.285839272 -2.88215112811 0.25 h
 -104.088365294 -1.42355490279 -0.25 h
 -104.088365294 -1.42355490279 0.25 h
 -104.953971309 -1.45050352596 -0.25 h
 -104.953971309 -1.45050352596 0.25 h
 -104.544506494 -0.687392416464 -0.25 h
 -104.544506494 -0.687392416464 0.25 h
 -107.411091438 -2.2240682738 -0.25 h
 -107.411091438 -2.2240682738 0.25 h
 -106.545478441 -2.1973448878 -0.25 h
 -106.545478441 -2.1973448878 0.25 h
 -106.955141809 -2.96034942608 -0.25 h
 -106.955141809 -2.96034942608 0.25 h
 -108.757486435 -1.50117780529 -0.25 h
 -108.757486435 -1.50117780529 0.25 h
 -109.623099432 -1.52790119129 -0.25 h
 -109.623099432 -1.52790119129 0.25 h
 -109.213436065 -0.764896653008 -0.25 h
 -109.213436065 -0.764896653008 0.25 h
 -112.080218298 -2.30109037264 -0.25 h
 -112.080218298 -2.30109037264 0.25 h
 -111.214603558 -2.27442351151 -0.25 h
 -111.214603558 -2.27442351151 0.25 h
 -111.624316749 -3.03740129701 -0.25 h
 -111.624316749 -3.03740129701 0.25 h
 -113.426576716 -1.57810627758 -0.25 h
 -113.426576716 -1.57810627758 0.25 h
 -114.292191457 -1.60477313871 -0.25 h
 -114.292191457 -1.60477313871 0.25 h
 -113.882478266 -0.841795353211 -0.25 h
 -113.882478266 -0.841795353211 0.25 h
 -116.749429508 -2.37820621952 -0.25 h
 -116.749429508 -2.37820621952 0.25 h
 -115.883817715 -2.35144387468 -0.25 h
 -115.883817715 -2.35144387468 0.25 h
 -116.293446741 -3.11446685001 -0.25 h
 -116.293446741 -3.11446685001 0.25 h
 -118.095663843 -1.65548006683 -0.25 h
 -118.095663843 -1.65548006683 0.25 h
 -118.961275636 -1.68224241168 -0.25 h
 -118.961275636 -1.68224241168 0.25 h
 -118.55164661 -0.919219436341 -0.25 h
 -118.55164661 -0.919219436341 0.25 h
 -121.418835164 -2.45685041373 -0.25 h
 -121.418835164 -2.45685041373 0.25 h
 -120.553235592 -2.42969563581 -0.25 h
 -120.553235592 -2.42969563581 0.25 h
 -120.96251865 -3.19290424312 -0.25 h
 -120.96251865 -3.19290424312 0.25 h
 -122.764665268 -1.73512707939 -0.25 h
 -122.764665268 -1.73512707939 0.25 h
 -123.630264839 -1.76228185732 -0.25 h
 -123.630264839 -1.76228185732 0.25 h
 -123.220981781 -0.999073250003 -0.25 h
 -123.220981781 -0.999073250003 0.25 h
 -126.089076451 -2.5409374514 -0.25 h
 -126.089076451 -2.5409374514 0.25 h
 -125.223528503 -2.51218418744 -0.25 h
 -125.223528503 -2.51218418744 0.25 h
 -125.63140142 -3.27614733034 -0.25 h
 -125.63140142 -3.27614733034 0.25 h
 -127.433740078 -1.82303387055 -0.25 h
 -127.433740078 -1.82303387055 0.25 h
 -128.299288026 -1.85178713451 -0.25 h
 -128.299288026 -1.85178713451 0.25 h
 -127.891415109 -1.08782399161 -0.25 h
 -127.891415109 -1.08782399161 0.25 h
 -130.764047113 -2.64548245748 -0.25 h
 -130.764047113 -2.64548245748 0.25 h
 -129.898698338 -2.61125530522 -0.25 h
 -129.898698338 -2.61125530522 0.25 h
 -130.301731142 -3.37778290346 -0.25 h
 -130.301731142 -3.37778290346 0.25 h
 -132.101515788 -1.94225435257 -0.25 h
 -132.101515788 -1.94225435257 0.25 h
 -132.966864562 -1.97648150483 -0.25 h
 -132.966864562 -1.97648150483 0.25 h
 -132.563831758 -1.20995390659 -0.25 h
 -132.563831758 -1.20995390659 0.25 h
$user-defined bonds
$end
