$coord
   -3.30177391894302     -3.48726891536798      0.00000000000000  c
   -0.69135654452365     -3.48343556059448      0.00000000000000  c
    0.68628391136378     -1.17207111954525      0.00000000000000  c
   -0.68632324219643      1.17215542089331      0.00000000000000  c
   -3.37616481098597      1.10168604365966      0.00000000000000  c
   -4.65691320896498     -1.17296119793472      0.00000000000000  c
    4.41866446833483     -2.88940029524470      0.00000000000000  h
   -4.33632513398030     -5.27837287538295      0.00000000000000  h
    0.35763304646446     -5.26734335725087      0.00000000000000  h
    3.37613416035171     -1.10168015096811      0.00000000000000  c
    0.69137619404975      3.48347116050447      0.00000000000000  c
   -4.41874103836326      2.88935585271857      0.00000000000000  h
   -6.72519182549362     -1.19867491880286      0.00000000000000  h
    3.30178702827070      3.48725802793018      0.00000000000000  c
    4.65691157031608      1.17295207253595      0.00000000000000  c
   -0.35756600889297      5.26737943914963      0.00000000000000  h
    4.33637576604238      5.27833085867534      0.00000000000000  h
    6.72518958715058      1.19861951502484      0.00000000000000  h
$user-defined bonds
$redundant
     number_of_atoms            18
     degrees_of_freedom         33
     internal_coordinates       33
     frozen_coordinates          0
# definitions of redundant internals
   1 k  1.0000000000000 stre   1    8           val=   2.06842
   2 k  1.0000000000000 stre   2    9           val=   2.06947
   3 k  1.0000000000000 stre   6   13           val=   2.06844
   4 k  1.0000000000000 stre  11   16           val=   2.06945
   5 k  1.0000000000000 stre  14   17           val=   2.06841
   6 k  1.0000000000000 stre  15   18           val=   2.06844
   7 k  1.0000000000000 stre   3    2           val=   2.69078
   8 k  1.0000000000000 stre   2    1           val=   2.61042
   9 k  1.0000000000000 stre   3   10           val=   2.69077
  10 k  1.0000000000000 stre  10   15           val=   2.61043
  11 k  1.0000000000000 stre  15   14           val=   2.68186
  12 k  1.0000000000000 stre  14   11           val=   2.61041
  13 k  1.0000000000000 stre  11    4           val=   2.69077
  14 k  1.0000000000000 stre   1    6           val=   2.68187
  15 k  1.0000000000000 stre   6    5           val=   2.61043
  16 k  1.0000000000000 stre   5    4           val=   2.69076
  17 k  1.0000000000000 stre   5   12           val=   2.06948
  18 k  1.0000000000000 stre   3    4           val=   2.71651
  19 k  1.0000000000000 stre  10    7           val=   2.06950
  20 k -0.4082482904639 bend   4    2    3      val=  -0.00106
        0.4082482904639 bend   3    1    2
       -0.4082482904639 bend   2    6    1
        0.4082482904639 bend   1    5    6
       -0.4082482904639 bend   6    4    5
        0.4082482904639 bend   5    3    4
  21 k -0.4082482904639 bend   4   10    3      val=   0.00046
        0.4082482904639 bend   3   15   10
       -0.4082482904639 bend  10   14   15
        0.4082482904639 bend  15   11   14
       -0.4082482904639 bend  14    4   11
        0.4082482904639 bend  11    3    4
  22 k -0.7071067811865 bend  10   18   15      val=  -0.22689
        0.7071067811865 bend  14   18   15
  23 k -0.7071067811865 bend   5   13    6      val=  -0.22769
        0.7071067811865 bend   1   13    6
  24 k  0.7071067811865 bend  11   17   14      val=   0.22924
       -0.7071067811865 bend  15   17   14
  25 k -0.7071067811865 bend   2    8    1      val=  -0.22855
        0.7071067811865 bend   6    8    1
  26 k -0.7071067811865 bend   6   12    5      val=  -0.80852
        0.7071067811865 bend   4   12    5
  27 k  0.7071067811865 bend  15    7   10      val=   0.80913
       -0.7071067811865 bend   3    7   10
  28 k -0.7071067811865 bend   1    9    2      val=  -0.81278
        0.7071067811865 bend   3    9    2
  29 k  0.7071067811865 bend  14   16   11      val=   0.81296
       -0.7071067811865 bend   4   16   11
  30 k  0.5000000000000 bend   4   10    3      val=  -0.66094
       -0.5000000000000 bend   3   15   10
        0.5000000000000 bend  15   11   14
       -0.5000000000000 bend  14    4   11
  31 k  0.5000000000000 bend   4    2    3      val=  -0.66051
       -0.5000000000000 bend   3    1    2
        0.5000000000000 bend   1    5    6
       -0.5000000000000 bend   6    4    5
  32 k -0.2886751345948 bend   4    2    3      val=  -0.33139
       -0.2886751345948 bend   3    1    2
        0.5773502691896 bend   2    6    1
       -0.2886751345948 bend   1    5    6
       -0.2886751345948 bend   6    4    5
        0.5773502691896 bend   5    3    4
  33 k -0.2886751345948 bend   4   10    3      val=  -0.33047
       -0.2886751345948 bend   3   15   10
        0.5773502691896 bend  10   14   15
       -0.2886751345948 bend  15   11   14
       -0.2886751345948 bend  14    4   11
        0.5773502691896 bend  11    3    4
        33 non zero eigenvalues  of BmBt
           1           4.755863014    1    0
         1
           2           4.227214833    2    0
         2
           3           4.022153874    3    0
         3
           4           3.965877952    4    0
         4
           5           3.727973769    5    0
         5
           6           3.308729080    6    0
         6
           7           3.284467571    7    0
         7
           8           3.237240425    8    0
         8
           9           3.059103078    9    0
         9
          10           3.052652160   10    0
        10
          11           2.665834925   11    0
        11
          12           2.141935283   12    0
        12
          13           2.095453934   13    0
        13
          14           1.901770256   14    0
        14
          15           1.727378802   15    0
        15
          16           1.701385752   16    0
        16
          17           1.679599793   17    0
        17
          18           1.391589479   18    0
        18
          19           1.033450304   19    0
        19
          20           0.908163585   20    0
        20
          21           0.463974987   21    0
        21
          22           0.415565723   22    0
        22
          23           0.376780811   23    0
        23
          24           0.374677791   24    0
        24
          25           0.335105570   25    0
        25
          26           0.331027936   26    0
        26
          27           0.313568760   27    0
        27
          28           0.311485825   28    0
        28
          29           0.290499341   29    0
        29
          30           0.242885645   30    0
        30
          31           0.197958548   31    0
        31
          32           0.119493414   32    0
        32
          33           0.036961259   33    0
        33
$end
