$coord
  -64.71667008558238     -1.37370108332129      0.00000000000000  c
  -67.01030747853416     -0.24717431750886      0.00000000000000  c
  -69.39538046222069     -1.57769931854876      0.00000000000000  c
  -71.70514573487216     -0.41878500197313      0.00000000000000  c
  -74.07946366554853     -1.72279800963552      0.00000000000000  c
  -76.39376552692902     -0.55043214727861      0.00000000000000  c
  -78.76403952273610     -1.84369367787149      0.00000000000000  c
  -81.08063610839982     -0.66465645733485      0.00000000000000  c
  -83.44905642246768     -1.95180074297459      0.00000000000000  c
  -85.76668798214891     -0.76849264452515      0.00000000000000  c
  -88.13430953664741     -2.05166164597960      0.00000000000000  c
  -90.45230720882327     -0.86544123392501      0.00000000000000  c
  -92.81977254624597     -2.14585319024930      0.00000000000000  c
  -95.13768453824886     -0.95755023230902      0.00000000000000  c
  -97.50537696759388     -2.23616095339505      0.00000000000000  c
  -99.82289463213483     -1.04655821320572      0.00000000000000  c
 -102.19112026184025     -2.32421793900705      0.00000000000000  c
 -104.50804602562546     -1.13405702868357      0.00000000000000  c
 -106.87703992390608     -2.41164506213143      0.00000000000000  c
 -109.19315971565332     -1.22175641386316      0.00000000000000  c
 -111.56327172702434     -2.50033108606149      0.00000000000000  c
 -113.87825009439730     -1.31184788959035      0.00000000000000  c
 -116.24993226724263     -2.59295448983453      0.00000000000000  c
 -118.56317240015309     -1.40735089334576      0.00000000000000  c
 -120.93740662624380     -2.69330335709439      0.00000000000000  c
 -123.24782612383211     -1.51331115681694      0.00000000000000  c
 -125.62667910183370     -2.80904975830277      0.00000000000000  c
 -127.93222858429533     -1.64178757144326      0.00000000000000  c
 -130.32217141731584     -2.96350087039472      0.00000000000000  c
 -132.61152934029954     -1.82831445624959      0.00000000000000  c
 -65.1654605899 -1.15327630434 -0.25 h
 -65.1654605899 -1.15327630434 0.25 h
 -64.3013813752 -1.09524949505 -0.25 h
 -64.3013813752 -1.09524949505 0.25 h
 -64.6831682916 -1.87257745057 -0.25 h
 -64.6831682916 -1.87257745057 0.25 h
 -66.5615169742 -0.467599096493 -0.25 h
 -66.5615169742 -0.467599096493 0.25 h
 -67.4255961889 -0.525625905775 -0.25 h
 -67.4255961889 -0.525625905775 0.25 h
 -67.0438092725 0.251702049742 -0.25 h
 -67.0438092725 0.251702049742 0.25 h
 -69.8422815971 -1.35346868808 -0.25 h
 -69.8422815971 -1.35346868808 0.25 h
 -68.9777404725 -1.30278689799 -0.25 h
 -68.9777404725 -1.30278689799 0.25 h
 -69.3661193171 -2.07684236957 -0.25 h
 -69.3661193171 -2.07684236957 0.25 h
 -71.2582446 -0.643015632438 -0.25 h
 -71.2582446 -0.643015632438 0.25 h
 -72.1227857246 -0.693697422531 -0.25 h
 -72.1227857246 -0.693697422531 0.25 h
 -71.73440688 0.0803580490496 -0.25 h
 -71.73440688 0.0803580490496 0.25 h
 -74.5254981611 -1.49684839402 -0.25 h
 -74.5254981611 -1.49684839402 0.25 h
 -73.6607683107 -1.44949561335 -0.25 h
 -73.6607683107 -1.44949561335 0.25 h
 -74.0521245249 -2.22205002154 -0.25 h
 -74.0521245249 -2.22205002154 0.25 h
 -75.9477310314 -0.776381762893 -0.25 h
 -75.9477310314 -0.776381762893 0.25 h
 -76.8124608818 -0.823734543566 -0.25 h
 -76.8124608818 -0.823734543566 0.25 h
 -76.4211046676 -0.0511801353773 -0.25 h
 -76.4211046676 -0.0511801353773 0.25 h
 -79.2096460451 -1.61690120184 -0.25 h
 -79.2096460451 -1.61690120184 0.25 h
 -78.3448282159 -1.57118334739 -0.25 h
 -78.3448282159 -1.57118334739 0.25 h
 -78.7376443072 -2.34299648439 -0.25 h
 -78.7376443072 -2.34299648439 0.25 h
 -80.635029586 -0.891448933369 -0.25 h
 -80.635029586 -0.891448933369 0.25 h
 -81.4998474152 -0.937166787817 -0.25 h
 -81.4998474152 -0.937166787817 0.25 h
 -81.107031324 -0.165353650819 -0.25 h
 -81.107031324 -0.165353650819 0.25 h
 -83.8943717655 -1.72443705801 -0.25 h
 -83.8943717655 -1.72443705801 0.25 h
 -83.0294960239 -1.67982818568 -0.25 h
 -83.0294960239 -1.67982818568 0.25 h
 -83.423301478 -2.45113698524 -0.25 h
 -83.423301478 -2.45113698524 0.25 h
 -85.3213726391 -0.99585632949 -0.25 h
 -85.3213726391 -0.99585632949 0.25 h
 -86.1862483808 -1.04046520182 -0.25 h
 -86.1862483808 -1.04046520182 0.25 h
 -85.7924429266 -0.269156402263 -0.25 h
 -85.7924429266 -0.269156402263 0.25 h
 -88.5794127404 -1.82388294193 -0.25 h
 -88.5794127404 -1.82388294193 0.25 h
 -87.7144957906 -1.78008031626 -0.25 h
 -87.7144957906 -1.78008031626 0.25 h
 -88.1090200789 -2.55102167975 -0.25 h
 -88.1090200789 -2.55102167975 0.25 h
 -90.0072040051 -1.09321993797 -0.25 h
 -90.0072040051 -1.09321993797 0.25 h
 -90.8721209548 -1.13702256365 -0.25 h
 -90.8721209548 -1.13702256365 0.25 h
 -90.4775966665 -0.366081200154 -0.25 h
 -90.4775966665 -0.366081200154 0.25 h
 -93.2647101015 -1.91775108163 -0.25 h
 -93.2647101015 -1.91775108163 0.25 h
 -92.3997615479 -1.87457701864 -0.25 h
 -92.3997615479 -1.87457701864 0.25 h
 -92.7948459894 -2.64523147048 -0.25 h
 -92.7948459894 -2.64523147048 0.25 h
 -94.692746983 -1.18565234093 -0.25 h
 -94.692746983 -1.18565234093 0.25 h
 -95.5576955366 -1.22882640392 -0.25 h
 -95.5576955366 -1.22882640392 0.25 h
 -95.1626110951 -0.458171952083 -0.25 h
 -95.1626110951 -0.458171952083 0.25 h
 -97.9501974329 -2.00783059263 -0.25 h
 -97.9501974329 -2.00783059263 0.25 h
 -97.0852268421 -1.9651003107 -0.25 h
 -97.0852268421 -1.9651003107 0.25 h
 -97.4807066278 -2.73555195685 -0.25 h
 -97.4807066278 -2.73555195685 0.25 h
 -99.3780741668 -1.27488857397 -0.25 h
 -99.3780741668 -1.27488857397 0.25 h
 -100.243044758 -1.3176188559 -0.25 h
 -100.243044758 -1.3176188559 0.25 h
 -99.8475649719 -0.547167209747 -0.25 h
 -99.8475649719 -0.547167209747 0.25 h
 -102.635873484 -2.09575662689 -0.25 h
 -102.635873484 -2.09575662689 0.25 h
 -101.770890351 -2.05328100603 -0.25 h
 -101.770890351 -2.05328100603 0.25 h
 -102.166596951 -2.82361618411 -0.25 h
 -102.166596951 -2.82361618411 0.25 h
 -104.063292803 -1.3625183408 -0.25 h
 -104.063292803 -1.3625183408 0.25 h
 -104.928275937 -1.40499396167 -0.25 h
 -104.928275937 -1.40499396167 0.25 h
 -104.532569337 -0.634658783582 -0.25 h
 -104.532569337 -0.634658783582 0.25 h
 -107.321782083 -2.18316221403 -0.25 h
 -107.321782083 -2.18316221403 0.25 h
 -106.456796894 -2.14072847823 -0.25 h
 -106.456796894 -2.14072847823 0.25 h
 -106.852540795 -2.91104449414 -0.25 h
 -106.852540795 -2.91104449414 0.25 h
 -108.748417557 -1.45023926197 -0.25 h
 -108.748417557 -1.45023926197 0.25 h
 -109.613402746 -1.49267299776 -0.25 h
 -109.613402746 -1.49267299776 0.25 h
 -109.217658844 -0.722356981856 -0.25 h
 -109.217658844 -0.722356981856 0.25 h
 -112.008077836 -2.27197275938 -0.25 h
 -112.008077836 -2.27197275938 0.25 h
 -111.14310456 -2.22929685922 -0.25 h
 -111.14310456 -2.22929685922 0.25 h
 -111.538632785 -2.99972363959 -0.25 h
 -111.538632785 -2.99972363959 0.25 h
 -113.433443985 -1.54020621627 -0.25 h
 -113.433443985 -1.54020621627 0.25 h
 -114.298417261 -1.58288211643 -0.25 h
 -114.298417261 -1.58288211643 0.25 h
 -113.902889037 -0.812455336066 -0.25 h
 -113.902889037 -0.812455336066 0.25 h
 -116.694893581 -2.36489873094 -0.25 h
 -116.694893581 -2.36489873094 0.25 h
 -115.82994953 -2.32163456777 -0.25 h
 -115.82994953 -2.32163456777 0.25 h
 -116.224953691 -3.09233017079 -0.25 h
 -116.224953691 -3.09233017079 0.25 h
 -118.118211086 -1.63540665224 -0.25 h
 -118.118211086 -1.63540665224 0.25 h
 -118.983155138 -1.67867081541 -0.25 h
 -118.983155138 -1.67867081541 0.25 h
 -118.588150976 -0.907975212392 -0.25 h
 -118.588150976 -0.907975212392 0.25 h
 -121.382693371 -2.46588366737 -0.25 h
 -121.382693371 -2.46588366737 0.25 h
 -120.517812025 -2.42138356935 -0.25 h
 -120.517812025 -2.42138356935 0.25 h
 -120.911714483 -3.19264283456 -0.25 h
 -120.911714483 -3.19264283456 0.25 h
 -122.802539379 -1.74073084654 -0.25 h
 -122.802539379 -1.74073084654 0.25 h
 -123.667420725 -1.78523094457 -0.25 h
 -123.667420725 -1.78523094457 0.25 h
 -123.273518267 -1.01397167935 -0.25 h
 -123.273518267 -1.01397167935 0.25 h
 -126.07276584 -2.58320330153 -0.25 h
 -126.07276584 -2.58320330153 0.25 h
 -125.208046964 -2.53565053915 -0.25 h
 -125.208046964 -2.53565053915 0.25 h
 -125.599224502 -3.30829543423 -0.25 h
 -125.599224502 -3.30829543423 0.25 h
 -127.486141846 -1.86763402821 -0.25 h
 -127.486141846 -1.86763402821 0.25 h
 -128.350860722 -1.9151867906 -0.25 h
 -128.350860722 -1.9151867906 0.25 h
 -127.959683184 -1.14254189552 -0.25 h
 -127.959683184 -1.14254189552 0.25 h
 -130.770125499 -2.74138121711 -0.25 h
 -130.770125499 -2.74138121711 0.25 h
 -129.905833114 -2.68662108226 -0.25 h
 -129.905833114 -2.68662108226 0.25 h
 -130.290555639 -3.46250031182 -0.25 h
 -130.290555639 -3.46250031182 0.25 h
 -132.163575258 -2.05043410954 -0.25 h
 -132.163575258 -2.05043410954 0.25 h
 -133.027867644 -2.10519424439 -0.25 h
 -133.027867644 -2.10519424439 0.25 h
 -132.643145119 -1.32931501482 -0.25 h
 -132.643145119 -1.32931501482 0.25 h
$user-defined bonds
$redundant
     number_of_atoms            62
     degrees_of_freedom        121
     internal_coordinates      121
     frozen_coordinates          0
# definitions of redundant internals
   1 k  1.0000000000000 stre   1   62           val=   2.06982
   2 k  1.0000000000000 stre  28   31           val=   2.07655
   3 k  1.0000000000000 stre  24   23           val=   2.69153
   4 k  1.0000000000000 stre  10   13           val=   2.07672
   5 k  1.0000000000000 stre  12   14           val=   2.07644
   6 k  1.0000000000000 stre  19   20           val=   2.07660
   7 k  1.0000000000000 stre  21   22           val=   2.07651
   8 k  1.0000000000000 stre  23   25           val=   2.07659
   9 k  1.0000000000000 stre  24   27           val=   2.07654
  10 k  1.0000000000000 stre  26   29           val=   2.07657
  11 k  1.0000000000000 stre   5    7           val=   2.07643
  12 k  1.0000000000000 stre  30   32           val=   2.07656
  13 k  1.0000000000000 stre  35   36           val=   2.07654
  14 k  1.0000000000000 stre  39   40           val=   2.07653
  15 k  1.0000000000000 stre  48   50           val=   2.07671
  16 k  1.0000000000000 stre  51   52           val=   2.07634
  17 k  1.0000000000000 stre  53   54           val=   2.07702
  18 k  1.0000000000000 stre  55   56           val=   2.07642
  19 k  1.0000000000000 stre  57   58           val=   2.07639
  20 k  1.0000000000000 stre  59   61           val=   2.06982
  21 k  1.0000000000000 stre  57   59           val=   2.55535
  22 k  1.0000000000000 stre   5    3           val=   2.73109
  23 k  1.0000000000000 stre  55   57           val=   2.73107
  24 k  1.0000000000000 stre   6    5           val=   2.58420
  25 k  1.0000000000000 stre  53   55           val=   2.58419
  26 k  1.0000000000000 stre   8    6           val=   2.70884
  27 k  1.0000000000000 stre  51   53           val=   2.70885
  28 k  1.0000000000000 stre  10    8           val=   2.59431
  29 k  1.0000000000000 stre  12   10           val=   2.70013
  30 k  1.0000000000000 stre  44   46           val=   2.59937
  31 k  1.0000000000000 stre  17   15           val=   2.69558
  32 k  1.0000000000000 stre  41   42           val=   2.60223
  33 k  1.0000000000000 stre  21   19           val=   2.69298
  34 k  1.0000000000000 stre  39   41           val=   2.69299
  35 k  1.0000000000000 stre   8   11           val=   2.07634
  36 k  1.0000000000000 stre  35   37           val=   2.69154
  37 k  1.0000000000000 stre  26   24           val=   2.60476
  38 k  1.0000000000000 stre  33   35           val=   2.60473
  39 k  1.0000000000000 stre  28   26           val=   2.69088
  40 k  1.0000000000000 stre   3    4           val=   2.07641
  41 k  1.0000000000000 stre   1    2           val=   2.07371
  42 k  1.0000000000000 stre  48   51           val=   2.59431
  43 k  1.0000000000000 stre  33   34           val=   2.07657
  44 k  1.0000000000000 stre  46   48           val=   2.70012
  45 k  1.0000000000000 stre  15   12           val=   2.59937
  46 k  1.0000000000000 stre   6    9           val=   2.07702
  47 k  1.0000000000000 stre  59   60           val=   2.07370
  48 k  1.0000000000000 stre  42   44           val=   2.69557
  49 k  1.0000000000000 stre  19   17           val=   2.60224
  50 k  1.0000000000000 stre  37   38           val=   2.07658
  51 k  1.0000000000000 stre   3    1           val=   2.55535
  52 k  1.0000000000000 stre  15   16           val=   2.07664
  53 k  1.0000000000000 stre  23   21           val=   2.60389
  54 k  1.0000000000000 stre  37   39           val=   2.60389
  55 k  1.0000000000000 stre  41   43           val=   2.07661
  56 k  1.0000000000000 stre  42   45           val=   2.07649
  57 k  1.0000000000000 stre  44   47           val=   2.07663
  58 k  1.0000000000000 stre  46   49           val=   2.07644
  59 k  1.0000000000000 stre  17   18           val=   2.07648
  60 k  1.0000000000000 stre  30   33           val=   2.69089
  61 k  1.0000000000000 stre  28   30           val=   2.60500
  62 k -0.8164965809099 bend  61   60   59      val=   2.17014
        0.4082529677796 bend  57   60   59
        0.4082436131302 bend  57   61   59
  63 k -0.7071067811865 bend  39   43   41      val=   0.53182
        0.7071067811865 bend  42   43   41
  64 k -0.7071067811865 bend  21   25   23      val=  -0.51487
        0.7071067811865 bend  24   25   23
  65 k -0.7071067811865 bend   3    7    5      val=   0.82940
        0.7071067811865 bend   6    7    5
  66 k  0.7588198963296 bend  62    2    1      val=  -2.15548
       -0.6404545299909 bend   3    2    1
       -0.1183653663387 bend   3   62    1
  67 k -0.7071067811865 bend  48   52   51      val=  -0.66164
        0.7071067811865 bend  53   52   51
  68 k -0.7071067811865 bend  30   34   33      val=   0.50502
        0.7071067811865 bend  35   34   33
  69 k -0.7071067811865 bend  12   16   15      val=  -0.56051
        0.7071067811865 bend  17   16   15
  70 k  0.7071067811865 bend   8   13   10      val=   0.61845
       -0.7071067811865 bend  12   13   10
  71 k  0.7071067811865 bend  44   49   46      val=   0.58602
       -0.7071067811865 bend  48   49   46
  72 k  0.7071067811865 bend  26   31   28      val=  -0.50293
       -0.7071067811865 bend  30   31   28
  73 k  0.7071067811865 bend  53   56   55      val=   0.82965
       -0.7071067811865 bend  57   56   55
  74 k  0.7071067811865 bend  35   38   37      val=  -0.51360
       -0.7071067811865 bend  39   38   37
  75 k  0.7071067811865 bend  17   20   19      val=   0.52788
       -0.7071067811865 bend  21   20   19
  76 k -0.7071067811865 bend   5    9    6      val=  -0.72988
        0.7071067811865 bend   8    9    6
  77 k  0.7071067811865 bend  23   27   24      val=  -0.50754
       -0.7071067811865 bend  26   27   24
  78 k  0.7071067811865 bend  41   45   42      val=   0.54343
       -0.7071067811865 bend  44   45   42
  79 k  0.7071067811865 bend   5    4    3      val=  -1.24811
       -0.7071067811865 bend   1    4    3
  80 k  0.7071067811865 bend  23   22   21      val=   0.51883
       -0.7071067811865 bend  19   22   21
  81 k  0.7071067811865 bend  41   40   39      val=  -0.52091
       -0.7071067811865 bend  37   40   39
  82 k -0.7071067811865 bend  59   58   57      val=  -1.25100
        0.7071067811865 bend  55   58   57
  83 k -0.7071067811865 bend  46   47   44      val=  -0.55954
        0.7071067811865 bend  42   47   44
  84 k  0.7071067811865 bend  28   29   26      val=  -0.50519
       -0.7071067811865 bend  24   29   26
  85 k  0.7071067811865 bend  19   18   17      val=   0.54277
       -0.7071067811865 bend  15   18   17
  86 k -0.7071067811865 bend  10   11    8      val=  -0.66167
        0.7071067811865 bend   6   11    8
  87 k -0.7071067811865 bend  55   54   53      val=  -0.72866
        0.7071067811865 bend  51   54   53
  88 k  0.7071067811865 bend  37   36   35      val=  -0.50827
       -0.7071067811865 bend  33   36   35
  89 k  0.7071067811865 bend  51   50   48      val=   0.61764
       -0.7071067811865 bend  46   50   48
  90 k -0.7071067811865 bend  15   14   12      val=  -0.58608
        0.7071067811865 bend  10   14   12
  91 k  0.7071067811865 bend  33   32   30      val=  -0.50372
       -0.7071067811865 bend  28   32   30
  92 k -0.0000054009093 bend  61   60   59      val=   0.07313
       -0.7071040807164 bend  57   60   59
        0.7071094816257 bend  57   61   59
  93 k -0.3014283191756 bend  62    2    1      val=   0.87062
       -0.5064431475307 bend   3    2    1
        0.8078714667063 bend   3   62    1
  94 k  1.0000000000000 bend   6    3    5      val= 124.19981
  95 k  1.0000000000000 bend  24   21   23      val= 124.49305
  96 k  1.0000000000000 bend  39   42   41      val= 124.47958
  97 k  1.0000000000000 bend  46   51   48      val= 124.50417
  98 k  1.0000000000000 bend  28   33   30      val= 124.48126
  99 k  1.0000000000000 bend  15   10   12      val= 124.40845
 100 k  1.0000000000000 bend  33   37   35      val= 124.47350
 101 k  1.0000000000000 bend  19   15   17      val= 124.43025
 102 k  1.0000000000000 bend  51   55   53      val= 124.57094
 103 k  1.0000000000000 bend  42   46   44      val= 124.48703
 104 k  1.0000000000000 bend  28   24   26      val= 124.48745
 105 k  1.0000000000000 bend  10    6    8      val= 124.35811
 106 k  1.0000000000000 bend  55   59   57      val= 124.68135
 107 k  1.0000000000000 bend  37   41   39      val= 124.46354
 108 k  1.0000000000000 bend  23   19   21      val= 124.44303
 109 k  1.0000000000000 bend   5    1    3      val= 124.68672
 110 k  1.0000000000000 bend  41   44   42      val= 124.44806
 111 k  1.0000000000000 bend  53   57   55      val= 124.20368
 112 k  1.0000000000000 bend  26   23   24      val= 124.45141
 113 k  1.0000000000000 bend   8    5    6      val= 124.57871
 114 k  1.0000000000000 bend  21   17   19      val= 124.49644
 115 k  1.0000000000000 bend  35   39   37      val= 124.47073
 116 k  1.0000000000000 bend  12    8   10      val= 124.51677
 117 k  1.0000000000000 bend  44   48   46      val= 124.42230
 118 k  1.0000000000000 bend  30   26   28      val= 124.45805
 119 k  1.0000000000000 bend  48   53   51      val= 124.36869
 120 k  1.0000000000000 bend  30   35   33      val= 124.46439
 121 k  1.0000000000000 bend  17   12   15      val= 124.50372
       121 non zero eigenvalues  of BmBt
           1           4.678667367    1    0
         1
           2           4.651759332    2    0
         2
           3           4.606222519    3    0
         3
           4           4.547843163    4    0
         4
           5           4.467622823    5    0
         5
           6           4.372021084    6    0
         6
           7           4.261789500    7    0
         7
           8           4.137115738    8    0
         8
           9           4.012091474    9    0
         9
          10           3.970332702   10    0
        10
          11           3.956585679   11    0
        11
          12           3.920981135   12    0
        12
          13           3.898613415   13    0
        13
          14           3.834832296   14    0
        14
          15           3.813243325   15    0
        15
          16           3.746945236   16    0
        16
          17           3.699809859   17    0
        17
          18           3.647730565   18    0
        18
          19           3.568446226   19    0
        19
          20           3.501613789   20    0
        20
          21           3.462683521   21    0
        21
          22           3.376789067   22    0
        22
          23           3.312235925   23    0
        23
          24           3.248996670   24    0
        24
          25           3.173629414   25    0
        25
          26           3.122334469   26    0
        26
          27           3.049134125   27    0
        27
          28           2.966021436   28    0
        28
          29           2.935848333   29    0
        29
          30           2.830368235   30    0
        30
          31           2.805512218   31    0
        31
          32           2.631859092   32    0
        32
          33           2.577118838   33    0
        33
          34           2.516683357   34    0
        34
          35           2.482068231   35    0
        35
          36           2.414445000   36    0
        36
          37           2.373432441   37    0
        37
          38           2.322630733   38    0
        38
          39           2.299985210   39    0
        39
          40           2.235107325   40    0
        40
          41           2.182278247   41    0
        41
          42           2.145642470   42    0
        42
          43           2.135208430   43    0
        43
          44           2.098756926   44    0
        44
          45           2.068431283   45    0
        45
          46           2.043011895   46    0
        46
          47           2.024727957   47    0
        47
          48           2.010726002   48    0
        48
          49           2.002711350   49    0
        49
          50           1.965348426   50    0
        50
          51           1.802359631   51    0
        51
          52           1.642697689   52    0
        52
          53           1.500141499   53    0
        53
          54           1.373319376   54    0
        54
          55           1.264259399   55    0
        55
          56           1.173366677   56    0
        56
          57           1.100902560   57    0
        57
          58           1.046454694   58    0
        58
          59           1.008218570   59    0
        59
          60           0.985769524   60    0
        60
          61           0.913962639   61    0
        61
          62           0.850019601   62    0
        62
          63           0.663837014   63    0
        63
          64           0.661960478   64    0
        64
          65           0.658768782   65    0
        65
          66           0.654403494   66    0
        66
          67           0.646783274   67    0
        67
          68           0.639471498   68    0
        68
          69           0.631057124   69    0
        69
          70           0.620539424   70    0
        70
          71           0.610322781   71    0
        71
          72           0.598226130   72    0
        72
          73           0.586460573   73    0
        73
          74           0.573692542   74    0
        74
          75           0.557747806   75    0
        75
          76           0.547617081   76    0
        76
          77           0.530808625   77    0
        77
          78           0.515935750   78    0
        78
          79           0.491640098   79    0
        79
          80           0.477274190   80    0
        80
          81           0.460102460   81    0
        81
          82           0.441518293   82    0
        82
          83           0.423764041   83    0
        83
          84           0.405664930   84    0
        84
          85           0.388002207   85    0
        85
          86           0.371241831   86    0
        86
          87           0.359200476   87    0
        87
          88           0.354801093   88    0
        88
          89           0.341414695   89    0
        89
          90           0.330414771   90    0
        90
          91           0.321618798   91    0
        91
          92           0.316210626   92    0
        92
          93           0.298345662   93    0
        93
          94           0.171126748   94    0
        94
          95           0.168442529   95    0
        95
          96           0.164068227   96    0
        96
          97           0.161457629   97    0
        97
          98           0.150771235   98    0
        98
          99           0.145227324   99    0
        99
         100           0.133534151  100    0
       100
         101           0.132478475  101    0
       101
         102           0.116130085  102    0
       102
         103           0.112607830  103    0
       103
         104           0.103085398  104    0
       104
         105           0.087648209  105    0
       105
         106           0.082268471  106    0
       106
         107           0.069339618  107    0
       107
         108           0.058885129  108    0
       108
         109           0.054214700  109    0
       109
         110           0.039836968  110    0
       110
         111           0.035423748  111    0
       111
         112           0.028198132  112    0
       112
         113           0.018941777  113    0
       113
         114           0.016479728  114    0
       114
         115           0.011676400  115    0
       115
         116           0.006499343  116    0
       116
         117           0.004391921  117    0
       117
         118           0.003048654  118    0
       118
         119           0.001252690  119    0
       119
         120           0.000341031  120    0
       120
         121           0.000047109  121    0
       121
$end
