$coord
  -41.43545356752352     -1.19418672440038      0.00000000000000  c
  -43.66070721350298     -0.03069530015801      0.00000000000000  c
  -46.10440480469548     -1.32692096971314      0.00000000000000  c
  -48.33388123026334     -0.14309324922895      0.00000000000000  c
  -50.77374534233467     -1.42604612055733      0.00000000000000  c
  -53.00333643863262     -0.23648362564120      0.00000000000000  c
  -55.44269490979291     -1.51555810917129      0.00000000000000  c
  -57.67230675118519     -0.32415597003745      0.00000000000000  c
  -60.11171686578363     -1.60165579792666      0.00000000000000  c
  -62.34117360550707     -0.40938050589485      0.00000000000000  c
  -64.78075150978096     -1.68609298148660      0.00000000000000  c
  -67.01000544556628     -0.49331368953808      0.00000000000000  c
  -69.44976987399585     -1.76955866595316      0.00000000000000  c
  -71.67889089492922     -0.57639043420524      0.00000000000000  c
  -74.11882238915747     -1.85226353885403      0.00000000000000  c
  -76.34780160465509     -0.65878307994289      0.00000000000000  c
  -78.78788302473352     -1.93433424755401      0.00000000000000  c
  -81.01672633613283     -0.74058740591727      0.00000000000000  c
  -83.45694927725881     -2.01585873389430      0.00000000000000  c
  -85.68566412010982     -0.82187287986773      0.00000000000000  c
  -88.12601811031165     -2.09690219819233      0.00000000000000  c
  -90.35461399112923     -0.90271677535967      0.00000000000000  c
  -92.79506302298570     -2.17754917286132      0.00000000000000  c
  -95.02355124693862     -0.98323162135387      0.00000000000000  c
  -97.46406582660670     -2.25788362850867      0.00000000000000  c
  -99.69253280831315     -1.06345902513058      0.00000000000000  c
 -102.13307618015297     -2.33805520910672      0.00000000000000  c
 -104.36153485373099     -1.14364038292565      0.00000000000000  c
 -106.80206969691351     -2.41834490520113      0.00000000000000  c
 -109.03053266968500     -1.22408529307340      0.00000000000000  c
 -111.47102754926308     -2.49910792580631      0.00000000000000  c
 -113.69958046874248     -1.30515012456221      0.00000000000000  c
 -116.14002933382623     -2.58076407378480      0.00000000000000  c
 -118.36864211438859     -1.38747730684213      0.00000000000000  c
 -120.80914248740226     -2.66443003071913      0.00000000000000  c
 -123.03767228929487     -1.47276986042634      0.00000000000000  c
 -125.47877523416975     -2.75334784849947      0.00000000000000  c
 -127.70707073931040     -1.56726729742279      0.00000000000000  c
 -130.15209371049579     -2.86098723979346      0.00000000000000  c
 -132.37616235244701     -1.69522435042601      0.00000000000000  c
 -41.8785425268 -0.962514166407 -0.25 h
 -41.8785425268 -0.962514166407 0.25 h
 -41.0132747673 -0.926296708488 -0.25 h
 -41.0132747673 -0.926296708488 0.25 h
 -41.4145434084 -1.69374929831 -0.25 h
 -41.4145434084 -1.69374929831 0.25 h
 -43.2176182542 -0.262367858151 -0.25 h
 -43.2176182542 -0.262367858151 0.25 h
 -44.0828860137 -0.298585316071 -0.25 h
 -44.0828860137 -0.298585316071 0.25 h
 -43.6816173726 0.468867273748 -0.25 h
 -43.6816173726 0.468867273748 0.25 h
 -46.5460103877 -1.09243321077 -0.25 h
 -46.5460103877 -1.09243321077 0.25 h
 -45.6805296571 -1.06172319588 -0.25 h
 -45.6805296571 -1.06172319588 0.25 h
 -46.0866743693 -1.82660650249 -0.25 h
 -46.0866743693 -1.82660650249 0.25 h
 -47.8922756473 -0.377581008167 -0.25 h
 -47.8922756473 -0.377581008167 0.25 h
 -48.7577563779 -0.408291023063 -0.25 h
 -48.7577563779 -0.408291023063 0.25 h
 -48.3516116656 0.356592283543 -0.25 h
 -48.3516116656 0.356592283543 0.25 h
 -51.2148850642 -1.19068311205 -0.25 h
 -51.2148850642 -1.19068311205 0.25 h
 -50.3493451369 -1.16168941904 -0.25 h
 -50.3493451369 -1.16168941904 0.25 h
 -50.7570058259 -1.92576583058 -0.25 h
 -50.7570058259 -1.92576583058 0.25 h
 -52.5621967167 -0.471846634151 -0.25 h
 -52.5621967167 -0.471846634151 0.25 h
 -53.4277366441 -0.500840327157 -0.25 h
 -53.4277366441 -0.500840327157 0.25 h
 -53.0200759551 0.263236084385 -0.25 h
 -53.0200759551 0.263236084385 0.25 h
 -55.8836843362 -1.27991361887 -0.25 h
 -55.8836843362 -1.27991361887 0.25 h
 -55.0181260817 -1.25147230827 -0.25 h
 -55.0181260817 -1.25147230827 0.25 h
 -55.4262743115 -2.01528840038 -0.25 h
 -55.4262743115 -2.01528840038 0.25 h
 -57.2313173248 -0.559800460341 -0.25 h
 -57.2313173248 -0.559800460341 0.25 h
 -58.0968755792 -0.588241770942 -0.25 h
 -58.0968755792 -0.588241770942 0.25 h
 -57.6887273495 0.17557432117 -0.25 h
 -57.6887273495 0.17557432117 0.25 h
 -60.5526276772 -1.36586424517 -0.25 h
 -60.5526276772 -1.36586424517 0.25 h
 -59.6870599854 -1.33771161079 -0.25 h
 -59.6870599854 -1.33771161079 0.25 h
 -60.0954629348 -2.10139153782 -0.25 h
 -60.0954629348 -2.10139153782 0.25 h
 -61.9002627941 -0.645172058656 -0.25 h
 -61.9002627941 -0.645172058656 0.25 h
 -62.7658304859 -0.673324693027 -0.25 h
 -62.7658304859 -0.673324693027 0.25 h
 -62.3574275365 0.0903552339977 -0.25 h
 -62.3574275365 0.0903552339977 0.25 h
 -65.2216119431 -1.45020724993 -0.25 h
 -65.2216119431 -1.45020724993 0.25 h
 -64.3560382572 -1.42223951251 -0.25 h
 -64.3560382572 -1.42223951251 0.25 h
 -64.7646043291 -2.18583218202 -0.25 h
 -64.7646043291 -2.18583218202 0.25 h
 -66.5691450123 -0.729199421098 -0.25 h
 -66.5691450123 -0.729199421098 0.25 h
 -67.4347186981 -0.757167158516 -0.25 h
 -67.4347186981 -0.757167158516 0.25 h
 -67.0261526263 0.00642551100013 -0.25 h
 -67.0261526263 0.00642551100013 0.25 h
 -69.890592457 -1.53360220738 -0.25 h
 -69.890592457 -1.53360220738 0.25 h
 -69.0250142952 -1.50577333983 -0.25 h
 -69.0250142952 -1.50577333983 0.25 h
 -69.4337028698 -2.26930045065 -0.25 h
 -69.4337028698 -2.26930045065 0.25 h
 -71.238068312 -0.812346892781 -0.25 h
 -71.238068312 -0.812346892781 0.25 h
 -72.1036464737 -0.840175760331 -0.25 h
 -72.1036464737 -0.840175760331 0.25 h
 -71.6949578991 -0.0766486495034 -0.25 h
 -71.6949578991 -0.0766486495034 0.25 h
 -74.5596130336 -1.61624742127 -0.25 h
 -74.5596130336 -1.61624742127 0.25 h
 -73.6940311134 -1.5885357018 -0.25 h
 -73.6940311134 -1.5885357018 0.25 h
 -74.1028230205 -2.3520074935 -0.25 h
 -74.1028230205 -2.3520074935 0.25 h
 -75.9070109602 -0.894799197531 -0.25 h
 -75.9070109602 -0.894799197531 0.25 h
 -76.7725928804 -0.922510916997 -0.25 h
 -76.7725928804 -0.922510916997 0.25 h
 -76.3638009733 -0.159039125301 -0.25 h
 -76.3638009733 -0.159039125301 0.25 h
 -79.2286457566 -1.69826600697 -0.25 h
 -79.2286457566 -1.69826600697 0.25 h
 -78.3630605654 -1.67065664502 -0.25 h
 -78.3630605654 -1.67065664502 0.25 h
 -78.7719427522 -2.43408009067 -0.25 h
 -78.7719427522 -2.43408009067 0.25 h
 -80.5759636043 -0.9766556465 -0.25 h
 -80.5759636043 -0.9766556465 0.25 h
 -81.4415487954 -1.00426500845 -0.25 h
 -81.4415487954 -1.00426500845 0.25 h
 -81.0326666087 -0.240841562802 -0.25 h
 -81.0326666087 -0.240841562802 0.25 h
 -83.8976866714 -1.77974319148 -0.25 h
 -83.8976866714 -1.77974319148 0.25 h
 -83.0320985222 -1.75222672534 -0.25 h
 -83.0320985222 -1.75222672534 0.25 h
 -83.4410626381 -2.51560628486 -0.25 h
 -83.4410626381 -2.51560628486 0.25 h
 -85.2449267259 -1.05798842228 -0.25 h
 -85.2449267259 -1.05798842228 0.25 h
 -86.1105148752 -1.08550488842 -0.25 h
 -86.1105148752 -1.08550488842 0.25 h
 -85.7015507592 -0.322125328901 -0.25 h
 -85.7015507592 -0.322125328901 0.25 h
 -88.5667338285 -1.86074619936 -0.25 h
 -88.5667338285 -1.86074619936 0.25 h
 -87.701143157 -1.83330918985 -0.25 h
 -87.701143157 -1.83330918985 0.25 h
 -88.1101773455 -2.59665120536 -0.25 h
 -88.1101773455 -2.59665120536 0.25 h
 -89.913898273 -1.13887277419 -0.25 h
 -89.913898273 -1.13887277419 0.25 h
 -90.7794889444 -1.1663097837 -0.25 h
 -90.7794889444 -1.1663097837 0.25 h
 -90.370454756 -0.402967768187 -0.25 h
 -90.370454756 -0.402967768187 0.25 h
 -93.2357631129 -1.94136401081 -0.25 h
 -93.2357631129 -1.94136401081 0.25 h
 -92.3701706277 -1.91398428059 -0.25 h
 -92.3701706277 -1.91398428059 0.25 h
 -92.7792553284 -2.67729922718 -0.25 h
 -92.7792553284 -2.67729922718 0.25 h
 -94.5828511571 -1.21941678341 -0.25 h
 -94.5828511571 -1.21941678341 0.25 h
 -95.4484436422 -1.24679651362 -0.25 h
 -95.4484436422 -1.24679651362 0.25 h
 -95.0393589415 -0.483481567036 -0.25 h
 -95.0393589415 -0.483481567036 0.25 h
 -97.9047561647 -2.0216802714 -0.25 h
 -97.9047561647 -2.0216802714 0.25 h
 -97.0391625498 -1.99433627907 -0.25 h
 -97.0391625498 -1.99433627907 0.25 h
 -97.4482787653 -2.75763433506 -0.25 h
 -97.4482787653 -2.75763433506 0.25 h
 -99.2518424702 -1.29966238224 -0.25 h
 -99.2518424702 -1.29966238224 0.25 h
 -100.117436085 -1.32700637457 -0.25 h
 -100.117436085 -1.32700637457 0.25 h
 -99.7083198696 -0.563708318583 -0.25 h
 -99.7083198696 -0.563708318583 0.25 h
 -102.573766957 -2.10185266991 -0.25 h
 -102.573766957 -2.10185266991 0.25 h
 -101.708173393 -2.07450707106 -0.25 h
 -101.708173393 -2.07450707106 0.25 h
 -102.117288191 -2.83780588635 -0.25 h
 -102.117288191 -2.83780588635 0.25 h
 -103.920844077 -1.37984292212 -0.25 h
 -103.920844077 -1.37984292212 0.25 h
 -104.786437641 -1.40718852098 -0.25 h
 -104.786437641 -1.40718852098 0.25 h
 -104.377322843 -0.64388970568 -0.25 h
 -104.377322843 -0.64388970568 0.25 h
 -107.242773443 -2.18216656553 -0.25 h
 -107.242773443 -2.18216656553 0.25 h
 -106.377181382 -2.15477343533 -0.25 h
 -106.377181382 -2.15477343533 0.25 h
 -106.786254266 -2.91809471475 -0.25 h
 -106.786254266 -2.91809471475 0.25 h
 -108.589828924 -1.46026363275 -0.25 h
 -108.589828924 -1.46026363275 0.25 h
 -109.455420985 -1.48765676294 -0.25 h
 -109.455420985 -1.48765676294 0.25 h
 -109.046348101 -0.724335483529 -0.25 h
 -109.046348101 -0.724335483529 0.25 h
 -111.911760112 -2.26298336427 -0.25 h
 -111.911760112 -2.26298336427 0.25 h
 -111.046171399 -2.23548461138 -0.25 h
 -111.046171399 -2.23548461138 0.25 h
 -111.455151137 -2.99885580177 -0.25 h
 -111.455151137 -2.99885580177 0.25 h
 -113.258847906 -1.5412746861 -0.25 h
 -113.258847906 -1.5412746861 0.25 h
 -114.124436619 -1.56877343899 -0.25 h
 -114.124436619 -1.56877343899 0.25 h
 -113.715456881 -0.805402248599 -0.25 h
 -113.715456881 -0.805402248599 0.25 h
 -116.580819772 -2.34474757017 -0.25 h
 -116.580819772 -2.34474757017 0.25 h
 -115.715237827 -2.31703660874 -0.25 h
 -115.715237827 -2.31703660874 0.25 h
 -116.124030403 -3.08050804244 -0.25 h
 -116.124030403 -3.08050804244 0.25 h
 -117.927851677 -1.62349381046 -0.25 h
 -117.927851677 -1.62349381046 0.25 h
 -118.793433621 -1.65120477188 -0.25 h
 -118.793433621 -1.65120477188 0.25 h
 -118.384641045 -0.887733338189 -0.25 h
 -118.384641045 -0.887733338189 0.25 h
 -121.250063123 -2.42865684984 -0.25 h
 -121.250063123 -2.42865684984 0.25 h
 -120.384496605 -2.4004681494 -0.25 h
 -120.384496605 -2.4004681494 0.25 h
 -120.792867734 -3.16416509292 -0.25 h
 -120.792867734 -3.16416509292 0.25 h
 -122.596751653 -1.70854304131 -0.25 h
 -122.596751653 -1.70854304131 0.25 h
 -123.462318171 -1.73673174174 -0.25 h
 -123.462318171 -1.73673174174 0.25 h
 -123.053947043 -0.973034798229 -0.25 h
 -123.053947043 -0.973034798229 0.25 h
 -125.920144317 -2.51841523566 -0.25 h
 -125.920144317 -2.51841523566 0.25 h
 -125.054633082 -2.4885773166 -0.25 h
 -125.054633082 -2.4885773166 0.25 h
 -125.461548304 -3.25305099324 -0.25 h
 -125.461548304 -3.25305099324 0.25 h
 -127.265701656 -1.80219991026 -0.25 h
 -127.265701656 -1.80219991026 0.25 h
 -128.131212892 -1.83203782933 -0.25 h
 -128.131212892 -1.83203782933 0.25 h
 -127.72429767 -1.06756415268 -0.25 h
 -127.72429767 -1.06756415268 0.25 h
 -130.594946069 -2.62886272914 -0.25 h
 -130.594946069 -2.62886272914 0.25 h
 -129.729641808 -2.59352810241 -0.25 h
 -129.729641808 -2.59352810241 0.25 h
 -130.131693254 -3.36057088783 -0.25 h
 -130.131693254 -3.36057088783 0.25 h
 -131.933309994 -1.92734886108 -0.25 h
 -131.933309994 -1.92734886108 0.25 h
 -132.798614255 -1.96268348781 -0.25 h
 -132.798614255 -1.96268348781 0.25 h
 -132.396562809 -1.19564070239 -0.25 h
 -132.396562809 -1.19564070239 0.25 h
$user-defined bonds
$end
