$coord
   -3.52128144742003      0.43702114974464      0.00000000000000  c
   -1.17321914871122     -0.69472231360266      0.00000000000000  c
   -5.87739589255409     -0.89946069023622      0.00000000000000  c
   -8.21693589471862      0.23247912265238      0.00000000000000  c
  -10.58887508576232     -1.11832602471960      0.00000000000000  c
  -12.90670330279786     -0.00840483372278      0.00000000000000  c
    1.17492441996609      0.64639600818202      0.00000000000000  c
    3.52649557506576     -0.47740113968361      0.00000000000000  c
    5.87313746179836      0.87446643481856      0.00000000000000  c
    8.22246939826092     -0.23560812576376      0.00000000000000  c
   10.57814232193543      1.14204462991696      0.00000000000000  c
   12.90916826529137      0.06189666402130      0.00000000000000  c
 -3.07087024515 0.219927278652 -0.25 h
 -3.07087024515 0.219927278652 0.25 h
 -3.93449585593 0.155500541972 -0.25 h
 -3.93449585593 0.155500541972 0.25 h
 -3.55847824119 0.935635628609 -0.25 h
 -3.55847824119 0.935635628609 0.25 h
 -1.62363035099 -0.47762844251 -0.25 h
 -1.62363035099 -0.47762844251 0.25 h
 -0.760004740202 -0.41320170583 -0.25 h
 -0.760004740202 -0.41320170583 0.25 h
 -1.13602235495 -1.19333679247 -0.25 h
 -1.13602235495 -1.19333679247 0.25 h
 -6.32748273439 -0.681695140145 -0.25 h
 -6.32748273439 -0.681695140145 0.25 h
 -5.46376197319 -0.618556826343 -0.25 h
 -5.46376197319 -0.618556826343 0.25 h
 -5.84094297008 -1.39813010422 -0.25 h
 -5.84094297008 -1.39813010422 0.25 h
 -7.76684905288 0.0147135725615 -0.25 h
 -7.76684905288 0.0147135725615 0.25 h
 -8.63056981408 -0.0484247412409 -0.25 h
 -8.63056981408 -0.0484247412409 0.25 h
 -8.25338881719 0.731148536637 -0.25 h
 -8.25338881719 0.731148536637 0.25 h
 -11.0398365261 -0.902377467656 -0.25 h
 -11.0398365261 -0.902377467656 0.25 h
 -10.1763774292 -0.835756239763 -0.25 h
 -10.1763774292 -0.835756239763 0.25 h
 -10.5504113019 -1.61684436674 -0.25 h
 -10.5504113019 -1.61684436674 0.25 h
 -12.4557418624 -0.224353390787 -0.25 h
 -12.4557418624 -0.224353390787 0.25 h
 -13.3192009593 -0.29097461868 -0.25 h
 -13.3192009593 -0.29097461868 0.25 h
 -12.9451670867 0.490113508298 -0.25 h
 -12.9451670867 0.490113508298 0.25 h
 1.62605627402 0.430803683964 -0.25 h
 1.62605627402 0.430803683964 0.25 h
 0.762650063307 0.363500524228 -0.25 h
 0.762650063307 0.363500524228 0.25 h
 1.13606692258 1.14488381635 -0.25 h
 1.13606692258 1.14488381635 0.25 h
 3.07536372102 -0.261808815465 -0.25 h
 3.07536372102 -0.261808815465 0.25 h
 3.93876993172 -0.194505655729 -0.25 h
 3.93876993172 -0.194505655729 0.25 h
 3.56535307246 -0.975888947856 -0.25 h
 3.56535307246 -0.975888947856 0.25 h
 6.32521215457 0.660858213632 -0.25 h
 6.32521215457 0.660858213632 0.25 h
 5.46210996941 0.589762377067 -0.25 h
 5.46210996941 0.589762377067 0.25 h
 5.83209026142 1.37277871376 -0.25 h
 5.83209026142 1.37277871376 0.25 h
 7.77039470549 -0.021999904577 -0.25 h
 7.77039470549 -0.021999904577 0.25 h
 8.63349689065 0.0490959319881 -0.25 h
 8.63349689065 0.0490959319881 0.25 h
 8.26351659864 -0.733920404702 -0.25 h
 8.26351659864 -0.733920404702 0.25 h
 11.0318038296 0.9318275124 -0.25 h
 11.0318038296 0.9318275124 0.25 h
 10.169258204 0.854270798351 -0.25 h
 10.169258204 0.854270798351 0.25 h
 10.5333649322 1.640035579 -0.25 h
 10.5333649322 1.640035579 0.25 h
 12.4555067577 0.272113781538 -0.25 h
 12.4555067577 0.272113781538 0.25 h
 13.3180523832 0.349670495588 -0.25 h
 13.3180523832 0.349670495588 0.25 h
 12.953945655 -0.436094285062 -0.25 h
 12.953945655 -0.436094285062 0.25 h
$end
