$coord
  -88.26116228357844     -2.07499727664893      0.00000000000000  c
  -90.52757926522132     -0.92140184425216      0.00000000000000  c
  -92.92776065389022     -2.22021488106578      0.00000000000000  c
  -95.20799605176866     -1.03967700556165      0.00000000000000  c
  -97.59841275204154     -2.31623485316881      0.00000000000000  c
  -99.88217694200981     -1.12529109903212      0.00000000000000  c
 -102.26913502031343     -2.39419737573737      0.00000000000000  c
 -104.55467691630341     -1.19920297956691      0.00000000000000  c
 -106.94017650965573     -2.46481164252109      0.00000000000000  c
 -109.22629447144152     -1.26819457454691      0.00000000000000  c
 -111.61144228912643     -2.53276376707224      0.00000000000000  c
 -113.89758158153353     -1.33607603562850      0.00000000000000  c
 -116.28318029044576     -2.60144100293596      0.00000000000000  c
 -118.56852907844176     -1.40613897525797      0.00000000000000  c
 -120.95570246642708     -2.67453156524988      0.00000000000000  c
 -123.23919536045906     -1.48306713961738      0.00000000000000  c
 -125.62995131038268     -2.75891347469914      0.00000000000000  c
 -127.90988564578721     -1.57771936773172      0.00000000000000  c
 -130.31045064052859     -2.87577735861613      0.00000000000000  c
 -132.57652276359798     -1.72149572311965      0.00000000000000  c
 -88.7067610775 -1.84818961614 -0.25 h
 -88.7067610775 -1.84818961614 0.25 h
 -87.8419416909 -1.80250123148 -0.25 h
 -87.8419416909 -1.80250123148 0.25 h
 -88.2347840824 -2.57430098233 -0.25 h
 -88.2347840824 -2.57430098233 0.25 h
 -90.0819804713 -1.14820950476 -0.25 h
 -90.0819804713 -1.14820950476 0.25 h
 -90.9467998579 -1.19389788942 -0.25 h
 -90.9467998579 -1.19389788942 0.25 h
 -90.5539574664 -0.422098138576 -0.25 h
 -90.5539574664 -0.422098138576 0.25 h
 -93.3717815768 -1.99033356378 -0.25 h
 -93.3717815768 -1.99033356378 0.25 h
 -92.5066671318 -1.95062214068 -0.25 h
 -92.5066671318 -1.95062214068 0.25 h
 -92.9048332531 -2.71968893874 -0.25 h
 -92.9048332531 -2.71968893874 0.25 h
 -94.7639751289 -1.26955832285 -0.25 h
 -94.7639751289 -1.26955832285 0.25 h
 -95.6290895738 -1.30926974595 -0.25 h
 -95.6290895738 -1.30926974595 0.25 h
 -95.2309234526 -0.540202947885 -0.25 h
 -95.2309234526 -0.540202947885 0.25 h
 -98.0417517701 -2.08504117878 -0.25 h
 -98.0417517701 -2.08504117878 0.25 h
 -97.1765236478 -2.04788883824 -0.25 h
 -97.1765236478 -2.04788883824 0.25 h
 -97.5769628382 -2.81577454248 -0.25 h
 -97.5769628382 -2.81577454248 0.25 h
 -99.438837924 -1.35648477342 -0.25 h
 -99.438837924 -1.35648477342 0.25 h
 -100.304066046 -1.39363711396 -0.25 h
 -100.304066046 -1.39363711396 0.25 h
 -99.9036268558 -0.625751409721 -0.25 h
 -99.9036268558 -0.625751409721 0.25 h
 -102.712225509 -2.16252774318 -0.25 h
 -102.712225509 -2.16252774318 0.25 h
 -101.846957989 -2.12630457245 -0.25 h
 -101.846957989 -2.12630457245 0.25 h
 -102.248221563 -2.89375981158 -0.25 h
 -102.248221563 -2.89375981158 0.25 h
 -104.111586427 -1.43087261212 -0.25 h
 -104.111586427 -1.43087261212 0.25 h
 -104.976853948 -1.46709578285 -0.25 h
 -104.976853948 -1.46709578285 0.25 h
 -104.575590374 -0.699640543729 -0.25 h
 -104.575590374 -0.699640543729 0.25 h
 -107.383161812 -2.2329409418 -0.25 h
 -107.383161812 -2.2329409418 0.25 h
 -106.517877941 -2.19711046749 -0.25 h
 -106.517877941 -2.19711046749 0.25 h
 -106.919489776 -2.96438351827 -0.25 h
 -106.919489776 -2.96438351827 0.25 h
 -108.783309169 -1.50006527526 -0.25 h
 -108.783309169 -1.50006527526 0.25 h
 -109.64859304 -1.53589574958 -0.25 h
 -109.64859304 -1.53589574958 0.25 h
 -109.246981205 -0.7686226988 -0.25 h
 -109.246981205 -0.7686226988 0.25 h
 -112.054422855 -2.30088401687 -0.25 h
 -112.054422855 -2.30088401687 0.25 h
 -111.189138252 -2.26507121903 -0.25 h
 -111.189138252 -2.26507121903 0.25 h
 -111.590765761 -3.03233606531 -0.25 h
 -111.590765761 -3.03233606531 0.25 h
 -113.454601016 -1.56795578583 -0.25 h
 -113.454601016 -1.56795578583 0.25 h
 -114.319885619 -1.60376858367 -0.25 h
 -114.319885619 -1.60376858367 0.25 h
 -113.91825811 -0.836503737387 -0.25 h
 -113.91825811 -0.836503737387 0.25 h
 -116.726238249 -2.36970916426 -0.25 h
 -116.726238249 -2.36970916426 0.25 h
 -115.860965652 -2.33360747452 -0.25 h
 -115.860965652 -2.33360747452 0.25 h
 -116.26233697 -3.10100637003 -0.25 h
 -116.26233697 -3.10100637003 0.25 h
 -118.12547112 -1.63787081393 -0.25 h
 -118.12547112 -1.63787081393 0.25 h
 -118.990743717 -1.67397250368 -0.25 h
 -118.990743717 -1.67397250368 0.25 h
 -118.589372399 -0.906573608165 -0.25 h
 -118.589372399 -0.906573608165 0.25 h
 -121.398988773 -2.44323683871 -0.25 h
 -121.398988773 -2.44323683871 0.25 h
 -120.533752204 -2.406281726 -0.25 h
 -120.533752204 -2.406281726 0.25 h
 -120.934366422 -3.17407613104 -0.25 h
 -120.934366422 -3.17407613104 0.25 h
 -122.795909054 -1.71436186616 -0.25 h
 -122.795909054 -1.71436186616 0.25 h
 -123.661145623 -1.75131697887 -0.25 h
 -123.661145623 -1.75131697887 0.25 h
 -123.260531405 -0.983522573823 -0.25 h
 -123.260531405 -0.983522573823 0.25 h
 -126.073907651 -2.52890745857 -0.25 h
 -126.073907651 -2.52890745857 0.25 h
 -125.208782087 -2.48943901345 -0.25 h
 -125.208782087 -2.48943901345 0.25 h
 -125.607164193 -3.25839395208 -0.25 h
 -125.607164193 -3.25839395208 0.25 h
 -127.465929305 -1.80772538386 -0.25 h
 -127.465929305 -1.80772538386 0.25 h
 -128.331054869 -1.84719382898 -0.25 h
 -128.331054869 -1.84719382898 0.25 h
 -127.932672763 -1.07823889036 -0.25 h
 -127.932672763 -1.07823889036 0.25 h
 -130.755980922 -2.64883514567 -0.25 h
 -130.755980922 -2.64883514567 0.25 h
 -129.891147778 -2.60340792292 -0.25 h
 -129.891147778 -2.60340792292 0.25 h
 -130.284223221 -3.37508900727 -0.25 h
 -130.284223221 -3.37508900727 0.25 h
 -132.130992482 -1.94843793607 -0.25 h
 -132.130992482 -1.94843793607 0.25 h
 -132.995825626 -1.99386515882 -0.25 h
 -132.995825626 -1.99386515882 0.25 h
 -132.602750183 -1.22218407447 -0.25 h
 -132.602750183 -1.22218407447 0.25 h
$user-defined bonds
$end
