$coord
  -88.12448740876577     -2.07134693597736      0.00000000000000  c
  -90.41897117372612     -0.92213681834251      0.00000000000000  c
  -92.81592983386666     -2.23039759789605      0.00000000000000  c
  -95.12820706386405     -1.04669099599443      0.00000000000000  c
  -97.51312095262981     -2.32793690914323      0.00000000000000  c
  -99.83058234311954     -1.13094145087472      0.00000000000000  c
 -102.21074611741236     -2.40245477748538      0.00000000000000  c
 -104.53090473787472     -1.20010578395134      0.00000000000000  c
 -106.90885079020839     -2.46752871934874      0.00000000000000  c
 -109.23030294241553     -1.26319998819978      0.00000000000000  c
 -111.60748484992023     -2.52976047826242      0.00000000000000  c
 -113.92921165153496     -1.32587883640571      0.00000000000000  c
 -116.30674253497267     -2.59410877488624      0.00000000000000  c
 -118.62753590390001     -1.39285232044158      0.00000000000000  c
 -121.00690390848966     -2.66579373320694      0.00000000000000  c
 -123.32521395131262     -1.47046970810073      0.00000000000000  c
 -125.70903465362785     -2.75363311808584      0.00000000000000  c
 -128.02225458853113     -1.57204630472735      0.00000000000000  c
 -130.41787399847982     -2.88264875380563      0.00000000000000  c
 -132.71345218416783     -1.73568123719343      0.00000000000000  c
 -88.5715475017 -1.84743339612 -0.25 h
 -88.5715475017 -1.84743339612 0.25 h
 -87.7070425485 -1.79613830843 -0.25 h
 -87.7070425485 -1.79613830843 0.25 h
 -88.0948721761 -2.57046910338 -0.25 h
 -88.0948721761 -2.57046910338 0.25 h
 -89.9719110808 -1.1460503582 -0.25 h
 -89.9719110808 -1.1460503582 0.25 h
 -90.8364160339 -1.19734544589 -0.25 h
 -90.8364160339 -1.19734544589 0.25 h
 -90.4485864064 -0.42301465094 -0.25 h
 -90.4485864064 -0.42301465094 0.25 h
 -93.2610007488 -2.0025558091 -0.25 h
 -93.2610007488 -2.0025558091 0.25 h
 -92.3960775993 -1.95887577351 -0.25 h
 -92.3960775993 -1.95887577351 0.25 h
 -92.7907111536 -2.72976121107 -0.25 h
 -92.7907111536 -2.72976121107 0.25 h
 -94.683136149 -1.27453278479 -0.25 h
 -94.683136149 -1.27453278479 0.25 h
 -95.5480592984 -1.31821282038 -0.25 h
 -95.5480592984 -1.31821282038 0.25 h
 -95.1534257442 -0.547327382819 -0.25 h
 -95.1534257442 -0.547327382819 0.25 h
 -97.9573620134 -2.09848129263 -0.25 h
 -97.9573620134 -2.09848129263 0.25 h
 -97.0922860293 -2.05794067339 -0.25 h
 -97.0922860293 -2.05794067339 0.25 h
 -97.4897148152 -2.82738876141 -0.25 h
 -97.4897148152 -2.82738876141 0.25 h
 -99.3863412824 -1.36039706738 -0.25 h
 -99.3863412824 -1.36039706738 0.25 h
 -100.251417266 -1.40093768663 -0.25 h
 -100.251417266 -1.40093768663 0.25 h
 -99.8539884806 -0.63148959861 -0.25 h
 -99.8539884806 -0.63148959861 0.25 h
 -102.654677808 -2.1724011871 -0.25 h
 -102.654677808 -2.1724011871 0.25 h
 -101.789548019 -2.13302545143 -0.25 h
 -101.789548019 -2.13302545143 0.25 h
 -102.188012526 -2.90193769392 -0.25 h
 -102.188012526 -2.90193769392 0.25 h
 -104.086973048 -1.43015937433 -0.25 h
 -104.086973048 -1.43015937433 0.25 h
 -104.952102836 -1.46953511001 -0.25 h
 -104.952102836 -1.46953511001 0.25 h
 -104.553638329 -0.700622867513 -0.25 h
 -104.553638329 -0.700622867513 0.25 h
 -107.352680169 -2.23727780821 -0.25 h
 -107.352680169 -2.23727780821 0.25 h
 -106.487532962 -2.19828665751 -0.25 h
 -106.487532962 -2.19828665751 0.25 h
 -106.886339239 -2.96702169233 -0.25 h
 -106.886339239 -2.96702169233 0.25 h
 -108.786473563 -1.49345089934 -0.25 h
 -108.786473563 -1.49345089934 0.25 h
 -109.65162077 -1.53244205004 -0.25 h
 -109.65162077 -1.53244205004 0.25 h
 -109.252814494 -0.763707015221 -0.25 h
 -109.252814494 -0.763707015221 0.25 h
 -112.051360295 -2.29959838532 -0.25 h
 -112.051360295 -2.29959838532 0.25 h
 -111.186220908 -2.26043411296 -0.25 h
 -111.186220908 -2.26043411296 0.25 h
 -111.584873347 -3.02924893651 -0.25 h
 -111.584873347 -3.02924893651 0.25 h
 -113.485336206 -1.55604092935 -0.25 h
 -113.485336206 -1.55604092935 0.25 h
 -114.350475594 -1.59520520171 -0.25 h
 -114.350475594 -1.59520520171 0.25 h
 -113.951823155 -0.826390378157 -0.25 h
 -113.951823155 -0.826390378157 0.25 h
 -116.750785278 -2.36426960925 -0.25 h
 -116.750785278 -2.36426960925 0.25 h
 -115.885674607 -2.32447606158 -0.25 h
 -115.885674607 -2.32447606158 0.25 h
 -116.28376772 -3.09358065383 -0.25 h
 -116.28376772 -3.09358065383 0.25 h
 -118.183493161 -1.62269148608 -0.25 h
 -118.183493161 -1.62269148608 0.25 h
 -119.048603832 -1.66248503375 -0.25 h
 -119.048603832 -1.66248503375 0.25 h
 -118.650510719 -0.893380441499 -0.25 h
 -118.650510719 -0.893380441499 0.25 h
 -121.451309755 -2.43665743347 -0.25 h
 -121.451309755 -2.43665743347 0.25 h
 -120.586263129 -2.39549513067 -0.25 h
 -120.586263129 -2.39549513067 0.25 h
 -120.983138842 -3.16522863548 -0.25 h
 -120.983138842 -3.16522863548 0.25 h
 -122.880808105 -1.69960600784 -0.25 h
 -122.880808105 -1.69960600784 0.25 h
 -123.745854731 -1.74076831063 -0.25 h
 -123.745854731 -1.74076831063 0.25 h
 -123.348979018 -0.971034805827 -0.25 h
 -123.348979018 -0.971034805827 0.25 h
 -126.154308582 -2.52618833674 -0.25 h
 -126.154308582 -2.52618833674 0.25 h
 -125.289424731 -2.481736975 -0.25 h
 -125.289424731 -2.481736975 0.25 h
 -125.683370648 -3.25297404252 -0.25 h
 -125.683370648 -3.25297404252 0.25 h
 -127.57698066 -1.79949108607 -0.25 h
 -127.57698066 -1.79949108607 0.25 h
 -128.441864511 -1.84394244781 -0.25 h
 -128.441864511 -1.84394244781 0.25 h
 -128.047918594 -1.07270538029 -0.25 h
 -128.047918594 -1.07270538029 0.25 h
 -130.865151607 -2.659170028 -0.25 h
 -130.865151607 -2.659170028 0.25 h
 -130.00069694 -2.60703434516 -0.25 h
 -130.00069694 -2.60703434516 0.25 h
 -130.387773448 -3.38174188826 -0.25 h
 -130.387773448 -3.38174188826 0.25 h
 -132.266174576 -1.959159963 -0.25 h
 -132.266174576 -1.959159963 0.25 h
 -133.130629242 -2.01129564584 -0.25 h
 -133.130629242 -2.01129564584 0.25 h
 -132.743552735 -1.23658810274 -0.25 h
 -132.743552735 -1.23658810274 0.25 h
$end
