$coord
   -1.32792950596258     -2.29951658341543      0.00000000000000  c
    1.32773335021947     -2.29989754738593      0.00000000000000  c
    2.65591922225150     -0.00018179304188      0.00000000000000  c
    1.32785082153758      2.29962067357591      0.00000000000000  c
   -1.32767333678351      2.30018830217754      0.00000000000000  c
   -2.65572641105783      0.00044186666529      0.00000000000000  c
 -0.827929511107 -2.29958831013 0.25 h
 -0.827929511107 -2.29958831013 -0.25 h
 -1.57786738623 -1.86646802262 0.25 h
 -1.57786738623 -1.86646802262 -0.25 h
 -1.57799162055 -2.73249341749 0.25 h
 -1.57799162055 -2.73249341749 -0.25 h
 0.827733355364 -2.29982582067 -0.25 h
 0.827733355364 -2.29982582067 0.25 h
 1.57779546481 -1.86692071331 -0.25 h
 1.57779546481 -1.86692071331 0.25 h
 1.57767123049 -2.73294610818 -0.25 h
 1.57767123049 -2.73294610818 0.25 h
 2.40585647852 -0.433158263762 -0.25 h
 2.40585647852 -0.433158263762 0.25 h
 2.40598197123 0.43286713093 -0.25 h
 2.40598197123 0.43286713093 0.25 h
 3.155919217 -0.000254246292931 -0.25 h
 3.155919217 -0.000254246292931 0.25 h
 0.82785083296 2.29972755052 0.25 h
 0.82785083296 2.29972755052 -0.25 h
 1.57775825768 1.86655454311 0.25 h
 1.57775825768 1.86655454311 -0.25 h
 1.57794337397 2.73257992711 0.25 h
 1.57794337397 2.73257992711 -0.25 h
 -0.827673348206 2.30008142524 -0.25 h
 -0.827673348206 2.30008142524 0.25 h
 -1.57776588922 1.86722904865 -0.25 h
 -1.57776588922 1.86722904865 0.25 h
 -1.57758077293 2.73325443265 -0.25 h
 -1.57758077293 2.73325443265 0.25 h
 -2.40568491827 0.433430610037 -0.25 h
 -2.40568491827 0.433430610037 0.25 h
 -2.40576790614 -0.432594789772 -0.25 h
 -2.40576790614 -0.432594789772 0.25 h
 -3.15572640876 0.000489779730866 -0.25 h
 -3.15572640876 0.000489779730866 0.25 h
$user-defined bonds
$redundant
     number_of_atoms            12
     degrees_of_freedom         21
     internal_coordinates       21
     frozen_coordinates          0
# definitions of redundant internals
   1 k  1.0000000000000 stre   2    8           val=   2.08437
   2 k  1.0000000000000 stre   3    9           val=   2.08422
   3 k  1.0000000000000 stre   6    5           val=   2.65567
   4 k  1.0000000000000 stre   3    2           val=   2.65571
   5 k  1.0000000000000 stre   2    1           val=   2.65566
   6 k  1.0000000000000 stre   1    6           val=   2.65572
   7 k  1.0000000000000 stre   4   10           val=   2.08429
   8 k  1.0000000000000 stre   5    4           val=   2.65552
   9 k  1.0000000000000 stre   4    3           val=   2.65572
  10 k  1.0000000000000 stre   5   11           val=   2.08418
  11 k  1.0000000000000 stre   6   12           val=   2.08422
  12 k  1.0000000000000 stre   1    7           val=   2.08431
  13 k -0.4082482904639 bend   1    5    6      val=  -0.00453
        0.4082482904639 bend   6    4    5
       -0.4082482904639 bend   5    3    4
        0.4082482904639 bend   4    2    3
       -0.4082482904639 bend   3    1    2
        0.4082482904639 bend   2    6    1
  14 k  0.7071067811865 bend   5   10    4      val=  -0.00467
       -0.7071067811865 bend   3   10    4
  15 k  0.7071067811865 bend   6    7    1      val=   0.00453
       -0.7071067811865 bend   2    7    1
  16 k -0.7071067811865 bend   4   11    5      val=  -0.00012
        0.7071067811865 bend   6   11    5
  17 k  0.7071067811865 bend   2    9    3      val=  -0.00446
       -0.7071067811865 bend   4    9    3
  18 k -0.7071067811865 bend   3    8    2      val=  -0.01300
        0.7071067811865 bend   1    8    2
  19 k -0.7071067811865 bend   1   12    6      val=   0.02299
        0.7071067811865 bend   5   12    6
  20 k  0.5000000000000 bend   1    5    6      val=  -0.00268
       -0.5000000000000 bend   6    4    5
        0.5000000000000 bend   4    2    3
       -0.5000000000000 bend   3    1    2
  21 k -0.2886751345948 bend   1    5    6      val=   0.00902
       -0.2886751345948 bend   6    4    5
        0.5773502691896 bend   5    3    4
       -0.2886751345948 bend   4    2    3
       -0.2886751345948 bend   3    1    2
        0.5773502691896 bend   2    6    1
        21 non zero eigenvalues  of BmBt
           1           4.381552870    1    0
         1
           2           4.381547449    2    0
         2
           3           3.551768598    3    0
         3
           4           3.504352266    4    0
         4
           5           3.504350716    5    0
         5
           6           3.195985130    6    0
         6
           7           2.618033975    7    0
         7
           8           1.989689755    8    0
         8
           9           1.890658836    9    0
         9
          10           1.890624450   10    0
        10
          11           1.576101712   11    0
        11
          12           1.576075310   12    0
        12
          13           0.544623505   13    0
        13
          14           0.403385109   14    0
        14
          15           0.381966003   15    0
        15
          16           0.357832325   16    0
        16
          17           0.357831121   17    0
        17
          18           0.280433623   18    0
        18
          19           0.280431656   19    0
        19
          20           0.259405800   20    0
        20
          21           0.259401681   21    0
        21
$end
