$coord
    3.53645019684271      0.74668453596891      0.00000000000000  c
    5.80776171716699     -0.38946445682699      0.00000000000000  c
    1.14088114148739     -0.57625923266992      0.00000000000000  c
   -1.14088114148012      0.57625923260639      0.00000000000000  c
   -3.53645019685652     -0.74668453599675      0.00000000000000  c
   -5.80776171714711      0.38946445686940      0.00000000000000  c
 3.98362494263 0.523000055665 -0.25 h
 3.98362494263 0.523000055665 0.25 h
 3.11914638157 0.471262086337 -0.25 h
 3.11914638157 0.471262086337 0.25 h
 3.50657926632 1.2457914659 -0.25 h
 3.50657926632 1.2457914659 0.25 h
 5.36058697138 -0.165779976523 -0.25 h
 5.36058697138 -0.165779976523 0.25 h
 6.22506553244 -0.114042007195 -0.25 h
 6.22506553244 -0.114042007195 0.25 h
 5.83763264769 -0.888571386763 -0.25 h
 5.83763264769 -0.888571386763 0.25 h
 0.694581730361 -0.350833334361 -0.25 h
 0.694581730361 -0.350833334361 0.25 h
 1.55925540166 -0.302465554095 -0.25 h
 1.55925540166 -0.302465554095 0.25 h
 1.16880629244 -1.07547880955 -0.25 h
 1.16880629244 -1.07547880955 0.25 h
 -0.694581730354 0.350833334298 -0.25 h
 -0.694581730354 0.350833334298 0.25 h
 -1.55925540165 0.302465554031 -0.25 h
 -1.55925540165 0.302465554031 0.25 h
 -1.16880629244 1.07547880949 -0.25 h
 -1.16880629244 1.07547880949 0.25 h
 -3.98362494264 -0.523000055679 -0.25 h
 -3.98362494264 -0.523000055679 0.25 h
 -3.11914638158 -0.471262086378 -0.25 h
 -3.11914638158 -0.471262086378 0.25 h
 -3.50657926635 -1.24579146593 -0.25 h
 -3.50657926635 -1.24579146593 0.25 h
 -5.36058697137 0.165779976552 -0.25 h
 -5.36058697137 0.165779976552 0.25 h
 -6.22506553243 0.11404200725 -0.25 h
 -6.22506553243 0.11404200725 0.25 h
 -5.83763264765 0.888571386806 -0.25 h
 -5.83763264765 0.888571386806 0.25 h
$end
