$coord
  -17.96290073511957     -0.51834807105948      0.00000000000000  c
  -20.23954198498222      0.61512378529470      0.00000000000000  c
  -22.62800839308828     -0.70467420229851      0.00000000000000  c
  -24.91883572744134      0.45592262601145      0.00000000000000  c
  -27.29759793641015     -0.84107424655417      0.00000000000000  c
  -29.59219453436032      0.33018994428819      0.00000000000000  c
  -31.96719976287426     -0.95867747927825      0.00000000000000  c
  -34.26385521025152      0.21717543633994      0.00000000000000  c
  -36.63703907017451     -1.06751937263539      0.00000000000000  c
  -38.93479994561279      0.11089681842944      0.00000000000000  c
  -41.30698233750547     -1.17137686866262      0.00000000000000  c
  -43.60535715311899      0.00865994938070      0.00000000000000  c
  -45.97699268286353     -1.27201728656555      0.00000000000000  c
  -48.27566068791439     -0.09082281429344      0.00000000000000  c
  -50.64710420565442     -1.37020353397665      0.00000000000000  c
  -52.94581255356702     -0.18801433954379      0.00000000000000  c
  -55.31722389980344     -1.46639408495548      0.00000000000000  c
  -57.61589185038805     -0.28334086328048      0.00000000000000  c
  -59.98741869738921     -1.56083109878435      0.00000000000000  c
  -62.28592149461974     -0.37699255070769      0.00000000000000  c
  -64.65765596412629     -1.65366109856684      0.00000000000000  c
  -66.95589070972679     -0.46908410505279      0.00000000000000  c
  -69.32791688565990     -1.74495792463173      0.00000000000000  c
  -71.62587796559741     -0.55965850160099      0.00000000000000  c
  -73.99824962223158     -1.83479680236545      0.00000000000000  c
  -76.29580551755195     -0.64864668898826      0.00000000000000  c
  -78.66866765195461     -1.92287794962532      0.00000000000000  c
  -80.96572639149556     -0.73582219907061      0.00000000000000  c
  -83.33917401015675     -2.00908082153971      0.00000000000000  c
  -85.63564628457478     -0.82103811537830      0.00000000000000  c
  -88.00976661166162     -2.09328966644299      0.00000000000000  c
  -90.30557337079821     -0.90426201645304      0.00000000000000  c
  -92.68048195222549     -2.17544755821129      0.00000000000000  c
  -94.97552408466559     -0.98543831126006      0.00000000000000  c
  -97.35126519475605     -2.25574931367030      0.00000000000000  c
  -99.64554744022725     -1.06492487271012      0.00000000000000  c
 -102.02218965624191     -2.33461968247784      0.00000000000000  c
 -104.31563523696592     -1.14328427937792      0.00000000000000  c
 -106.69326620668576     -2.41278170466163      0.00000000000000  c
 -108.98575956974686     -1.22139225579063      0.00000000000000  c
 -111.36456574613700     -2.49133124058670      0.00000000000000  c
 -113.65597923363141     -1.30062492516048      0.00000000000000  c
 -116.03623121853391     -2.57217565118722      0.00000000000000  c
 -118.32615589159087     -1.38326981262946      0.00000000000000  c
 -120.70863075728504     -2.65828716415217      0.00000000000000  c
 -122.99623706392025     -1.47344929654042      0.00000000000000  c
 -125.38268280822761     -2.75620351299709      0.00000000000000  c
 -127.66641466422246     -1.58178042815784      0.00000000000000  c
 -130.06287160966093     -2.88694861104936      0.00000000000000  c
 -132.33253034928205     -1.73950621236075      0.00000000000000  c
 -18.4104949931 -0.29550422398 -0.25 h
 -18.4104949931 -0.29550422398 0.25 h
 -17.5461151735 -0.24214199656 -0.25 h
 -17.5461151735 -0.24214199656 0.25 h
 -17.9320920388 -1.01739799264 -0.25 h
 -17.9320920388 -1.01739799264 0.25 h
 -19.791947727 0.392279938215 -0.25 h
 -19.791947727 0.392279938215 0.25 h
 -20.6563275466 0.338917710795 -0.25 h
 -20.6563275466 0.338917710795 0.25 h
 -20.2703506813 1.11417370687 -0.25 h
 -20.2703506813 1.11417370687 0.25 h
 -23.0740332688 -0.478705597716 -0.25 h
 -23.0740332688 -0.478705597716 0.25 h
 -22.2093014032 -0.431389631514 -0.25 h
 -22.2093014032 -0.431389631514 0.25 h
 -22.6006905073 -1.20392737767 -0.25 h
 -22.6006905073 -1.20392737767 0.25 h
 -24.4728108517 0.229954021428 -0.25 h
 -24.4728108517 0.229954021428 0.25 h
 -25.3375427173 0.182638055227 -0.25 h
 -25.3375427173 0.182638055227 0.25 h
 -24.9461536133 0.955175801379 -0.25 h
 -24.9461536133 0.955175801379 0.25 h
 -27.7429355214 -0.613754129982 -0.25 h
 -27.7429355214 -0.613754129982 0.25 h
 -26.8780641482 -0.569060642982 -0.25 h
 -26.8780641482 -0.569060642982 0.25 h
 -27.2717941397 -1.3404079667 -0.25 h
 -27.2717941397 -1.3404079667 0.25 h
 -29.1468569494 0.102869827716 -0.25 h
 -29.1468569494 0.102869827716 0.25 h
 -30.0117283226 0.0581763407155 -0.25 h
 -30.0117283226 0.0581763407155 0.25 h
 -29.6179983311 0.829523664433 -0.25 h
 -29.6179983311 0.829523664433 0.25 h
 -32.4122594011 -0.730813663739 -0.25 h
 -32.4122594011 -0.730813663739 0.25 h
 -31.5473340909 -0.687176434155 -0.25 h
 -31.5473340909 -0.687176434155 0.25 h
 -31.9420057966 -1.45804233994 -0.25 h
 -31.9420057966 -1.45804233994 0.25 h
 -33.818795572 -0.0106883791995 -0.25 h
 -33.818795572 -0.0106883791995 0.25 h
 -34.6837208822 -0.0543256087834 -0.25 h
 -34.6837208822 -0.0543256087834 0.25 h
 -34.2890491765 0.716540297003 -0.25 h
 -34.2890491765 0.716540297003 0.25 h
 -37.0819417257 -0.839349201263 -0.25 h
 -37.0819417257 -0.839349201263 0.25 h
 -36.2169865776 -0.796307456423 -0.25 h
 -36.2169865776 -0.796307456423 0.25 h
 -36.6121889072 -1.56690146022 -0.25 h
 -36.6121889072 -1.56690146022 0.25 h
 -38.4898972901 -0.117273352943 -0.25 h
 -38.4898972901 -0.117273352943 0.25 h
 -39.3548524382 -0.160315097783 -0.25 h
 -39.3548524382 -0.160315097783 0.25 h
 -38.9596501086 0.610278906014 -0.25 h
 -38.9596501086 0.610278906014 0.25 h
 -41.7517823373 -0.943006642515 -0.25 h
 -41.7517823373 -0.943006642515 0.25 h
 -40.8868079203 -0.900353882318 -0.25 h
 -40.8868079203 -0.900353882318 0.25 h
 -41.2823567549 -1.67077008115 -0.25 h
 -41.2823567549 -1.67077008115 0.25 h
 -43.1605571533 -0.219710276767 -0.25 h
 -43.1605571533 -0.219710276767 0.25 h
 -44.0255315703 -0.262363036963 -0.25 h
 -44.0255315703 -0.262363036963 0.25 h
 -43.6299827357 0.508053161872 -0.25 h
 -43.6299827357 0.508053161872 0.25 h
 -46.4217134863 -1.04349287435 -0.25 h
 -46.4217134863 -1.04349287435 0.25 h
 -45.5567243348 -1.0011399793 -0.25 h
 -45.5567243348 -1.0011399793 0.25 h
 -45.9525402275 -1.77141900605 -0.25 h
 -45.9525402275 -1.77141900605 0.25 h
 -47.8309398845 -0.319347226511 -0.25 h
 -47.8309398845 -0.319347226511 0.25 h
 -48.695929036 -0.361700121563 -0.25 h
 -48.695929036 -0.361700121563 0.25 h
 -48.3001131433 0.408578905194 -0.25 h
 -48.3001131433 0.408578905194 0.25 h
 -51.0917483956 -1.14153008911 -0.25 h
 -51.0917483956 -1.14153008911 0.25 h
 -50.2267450983 -1.09946709231 -0.25 h
 -50.2267450983 -1.09946709231 0.25 h
 -50.6228191231 -1.86961342051 -0.25 h
 -50.6228191231 -1.86961342051 0.25 h
 -52.5011683637 -0.416687784413 -0.25 h
 -52.5011683637 -0.416687784413 0.25 h
 -53.3661716609 -0.458750781208 -0.25 h
 -53.3661716609 -0.458750781208 0.25 h
 -52.9700976361 0.311395546989 -0.25 h
 -52.9700976361 0.311395546989 0.25 h
 -55.7617984701 -1.23758531878 -0.25 h
 -55.7617984701 -1.23758531878 0.25 h
 -54.8967824106 -1.19578559632 -0.25 h
 -54.8967824106 -1.19578559632 0.25 h
 -55.2930908188 -1.96581133976 -0.25 h
 -55.2930908188 -1.96581133976 0.25 h
 -57.1713172801 -0.512149629456 -0.25 h
 -57.1713172801 -0.512149629456 0.25 h
 -58.0363333396 -0.553949351914 -0.25 h
 -58.0363333396 -0.553949351914 0.25 h
 -57.6400249314 0.216076391528 -0.25 h
 -57.6400249314 0.216076391528 0.25 h
 -60.4319247633 -1.3318892779 -0.25 h
 -60.4319247633 -1.3318892779 0.25 h
 -59.5668962315 -1.29034846399 -0.25 h
 -59.5668962315 -1.29034846399 0.25 h
 -59.9634350973 -2.06025555446 -0.25 h
 -59.9634350973 -2.06025555446 0.25 h
 -61.8414154287 -0.605934371591 -0.25 h
 -61.8414154287 -0.605934371591 0.25 h
 -62.7064439605 -0.647475185499 -0.25 h
 -62.7064439605 -0.647475185499 0.25 h
 -62.3099050947 0.122431904968 -0.25 h
 -62.3099050947 0.122431904968 0.25 h
 -65.1020930124 -1.42458532487 -0.25 h
 -65.1020930124 -1.42458532487 0.25 h
 -64.2370520006 -1.3833052112 -0.25 h
 -64.2370520006 -1.3833052112 0.25 h
 -64.6338228794 -2.15309275963 -0.25 h
 -64.6338228794 -2.15309275963 0.25 h
 -66.5114536614 -0.69815987875 -0.25 h
 -66.5114536614 -0.69815987875 0.25 h
 -67.3764946733 -0.739439992418 -0.25 h
 -67.3764946733 -0.739439992418 0.25 h
 -66.9797237945 0.0303475560099 -0.25 h
 -66.9797237945 0.0303475560099 0.25 h
 -69.772285915 -1.51575023324 -0.25 h
 -69.772285915 -1.51575023324 0.25 h
 -68.9072326875 -1.4747269023 -0.25 h
 -68.9072326875 -1.4747269023 0.25 h
 -69.3042320545 -2.24439663836 -0.25 h
 -69.3042320545 -2.24439663836 0.25 h
 -71.1815089363 -0.788866192996 -0.25 h
 -71.1815089363 -0.788866192996 0.25 h
 -72.0465621637 -0.829889523937 -0.25 h
 -72.0465621637 -0.829889523937 0.25 h
 -71.6495627968 -0.0602197878704 -0.25 h
 -71.6495627968 -0.0602197878704 0.25 h
 -74.4425351374 -1.60542727307 -0.25 h
 -74.4425351374 -1.60542727307 0.25 h
 -73.5774670254 -1.5647190243 -0.25 h
 -73.5774670254 -1.5647190243 0.25 h
 -73.9747467038 -2.33424410972 -0.25 h
 -73.9747467038 -2.33424410972 0.25 h
 -75.8515200023 -0.878016218286 -0.25 h
 -75.8515200023 -0.878016218286 0.25 h
 -76.7165881144 -0.918724467049 -0.25 h
 -76.7165881144 -0.918724467049 0.25 h
 -76.3193084359 -0.14919938163 -0.25 h
 -76.3193084359 -0.14919938163 0.25 h
 -79.1128615145 -1.69333097732 -0.25 h
 -79.1128615145 -1.69333097732 0.25 h
 -78.2477772113 -1.65296826663 -0.25 h
 -78.2477772113 -1.65296826663 0.25 h
 -78.6453642301 -2.42233460493 -0.25 h
 -78.6453642301 -2.42233460493 0.25 h
 -80.521532529 -0.965369171377 -0.25 h
 -80.521532529 -0.965369171377 0.25 h
 -81.3866168321 -1.00573188207 -0.25 h
 -81.3866168321 -1.00573188207 0.25 h
 -80.9890298134 -0.236365543766 -0.25 h
 -80.9890298134 -0.236365543766 0.25 h
 -83.7832660839 -1.77933698578 -0.25 h
 -83.7832660839 -1.77933698578 0.25 h
 -82.9181639752 -1.73935772197 -0.25 h
 -82.9181639752 -1.73935772197 0.25 h
 -83.3160919714 -2.50854775687 -0.25 h
 -83.3160919714 -2.50854775687 0.25 h
 -85.1915542109 -1.05078195114 -0.25 h
 -85.1915542109 -1.05078195114 0.25 h
 -86.0566563196 -1.09076121495 -0.25 h
 -86.0566563196 -1.09076121495 0.25 h
 -85.6587283233 -0.321571180048 -0.25 h
 -85.6587283233 -0.321571180048 0.25 h
 -88.4537537297 -1.863343066 -0.25 h
 -88.4537537297 -1.863343066 0.25 h
 -87.5886334552 -1.82375884353 -0.25 h
 -87.5886334552 -1.82375884353 0.25 h
 -87.9869126502 -2.5927670898 -0.25 h
 -87.9869126502 -2.5927670898 0.25 h
 -89.8615862528 -1.13420861689 -0.25 h
 -89.8615862528 -1.13420861689 0.25 h
 -90.7267065273 -1.17379283937 -0.25 h
 -90.7267065273 -1.17379283937 0.25 h
 -90.3284273323 -0.404784593096 -0.25 h
 -90.3284273323 -0.404784593096 0.25 h
 -93.1243602138 -1.94529089648 -0.25 h
 -93.1243602138 -1.94529089648 0.25 h
 -92.2592213055 -1.90611603841 -0.25 h
 -92.2592213055 -1.90611603841 0.25 h
 -92.6578643374 -2.67493573975 -0.25 h
 -92.6578643374 -2.67493573975 0.25 h
 -94.5316458231 -1.21559497299 -0.25 h
 -94.5316458231 -1.21559497299 0.25 h
 -95.3967847313 -1.25476983107 -0.25 h
 -95.3967847313 -1.25476983107 0.25 h
 -94.9981416995 -0.48595012972 -0.25 h
 -94.9981416995 -0.48595012972 0.25 h
 -97.7950478372 -2.02540833532 -0.25 h
 -97.7950478372 -2.02540833532 0.25 h
 -96.9298927348 -1.98659276077 -0.25 h
 -96.9298927348 -1.98659276077 0.25 h
 -97.3288550123 -2.75524684492 -0.25 h
 -97.3288550123 -2.75524684492 0.25 h
 -99.2017647978 -1.29526585106 -0.25 h
 -99.2017647978 -1.29526585106 0.25 h
 -100.0669199 -1.33408142561 -0.25 h
 -100.0669199 -1.33408142561 0.25 h
 -99.6679576226 -0.565427341461 -0.25 h
 -99.6679576226 -0.565427341461 0.25 h
 -102.465897502 -2.10413465596 -0.25 h
 -102.465897502 -2.10413465596 0.25 h
 -101.600729845 -2.0655999293 -0.25 h
 -101.600729845 -2.0655999293 0.25 h
 -101.999941621 -2.83412446218 -0.25 h
 -101.999941621 -2.83412446218 0.25 h
 -103.871927391 -1.3737693059 -0.25 h
 -103.871927391 -1.3737693059 0.25 h
 -104.737095048 -1.41230403256 -0.25 h
 -104.737095048 -1.41230403256 0.25 h
 -104.337883272 -0.643779499674 -0.25 h
 -104.337883272 -0.643779499674 0.25 h
 -107.136930607 -2.18221306077 -0.25 h
 -107.136930607 -2.18221306077 0.25 h
 -106.271755703 -2.14384138484 -0.25 h
 -106.271755703 -2.14384138484 0.25 h
 -106.671112309 -2.91229066837 -0.25 h
 -106.671112309 -2.91229066837 0.25 h
 -108.542095169 -1.45196089968 -0.25 h
 -108.542095169 -1.45196089968 0.25 h
 -109.407270073 -1.49033257561 -0.25 h
 -109.407270073 -1.49033257561 0.25 h
 -109.007913467 -0.721883292079 -0.25 h
 -109.007913467 -0.721883292079 0.25 h
 -111.808239807 -2.26078118542 -0.25 h
 -111.808239807 -2.26078118542 0.25 h
 -110.943066511 -2.22237326068 -0.25 h
 -110.943066511 -2.22237326068 0.25 h
 -111.34239092 -2.99083927566 -0.25 h
 -111.34239092 -2.99083927566 0.25 h
 -113.212305173 -1.53117498033 -0.25 h
 -113.212305173 -1.53117498033 0.25 h
 -114.077478469 -1.56958290507 -0.25 h
 -114.077478469 -1.56958290507 0.25 h
 -113.678154059 -0.801116890084 -0.25 h
 -113.678154059 -0.801116890084 0.25 h
 -116.479986668 -2.34178228906 -0.25 h
 -116.479986668 -2.34178228906 0.25 h
 -115.614826989 -2.30306884018 -0.25 h
 -115.614826989 -2.30306884018 0.25 h
 -116.013879998 -3.07167582432 -0.25 h
 -116.013879998 -3.07167582432 0.25 h
 -117.882400442 -1.61366317475 -0.25 h
 -117.882400442 -1.61366317475 0.25 h
 -118.747560121 -1.65237662364 -0.25 h
 -118.747560121 -1.65237662364 0.25 h
 -118.348507112 -0.883769639498 -0.25 h
 -118.348507112 -0.883769639498 0.25 h
 -121.152613331 -2.42833178934 -0.25 h
 -121.152613331 -2.42833178934 0.25 h
 -120.287492274 -2.38876466405 -0.25 h
 -120.287492274 -2.38876466405 0.25 h
 -120.685786667 -3.15776503907 -0.25 h
 -120.685786667 -3.15776503907 0.25 h
 -122.55225449 -1.70340467136 -0.25 h
 -122.55225449 -1.70340467136 0.25 h
 -123.417375547 -1.74297179664 -0.25 h
 -123.417375547 -1.74297179664 0.25 h
 -123.019081154 -0.973971421623 -0.25 h
 -123.019081154 -0.973971421623 0.25 h
 -125.827332061 -2.52753991315 -0.25 h
 -125.827332061 -2.52753991315 0.25 h
 -124.962329695 -2.48545776413 -0.25 h
 -124.962329695 -2.48545776413 0.25 h
 -125.358386668 -3.25561286171 -0.25 h
 -125.358386668 -3.25561286171 0.25 h
 -127.221765411 -1.810444028 -0.25 h
 -127.221765411 -1.810444028 0.25 h
 -128.086767777 -1.85252617702 -0.25 h
 -128.086767777 -1.85252617702 0.25 h
 -127.690710804 -1.08237107945 -0.25 h
 -127.690710804 -1.08237107945 0.25 h
 -130.509088911 -2.66136022545 -0.25 h
 -130.509088911 -2.66136022545 0.25 h
 -129.644397686 -2.61330728502 -0.25 h
 -129.644397686 -2.61330728502 0.25 h
 -130.035128232 -3.38617832268 -0.25 h
 -130.035128232 -3.38617832268 0.25 h
 -131.886313048 -1.96509459796 -0.25 h
 -131.886313048 -1.96509459796 0.25 h
 -132.751004273 -2.01314753839 -0.25 h
 -132.751004273 -2.01314753839 0.25 h
 -132.360273727 -1.24027650073 -0.25 h
 -132.360273727 -1.24027650073 0.25 h
$end
