$coord
   -1.15272204457377      0.56365105018862      0.00000000000000  c
    1.15299677583016     -0.56957044996372      0.00000000000000  c
   -3.51749709402150     -0.77018439542310      0.00000000000000  c
   -5.82044899394614      0.35915245339760      0.00000000000000  c
   -8.19459625422412     -0.99059494226942      0.00000000000000  c
  -10.48285985527130      0.11699613313180      0.00000000000000  c
    3.51699679738516      0.76561425442060      0.00000000000000  c
    5.82116234118741     -0.36116834457355      0.00000000000000  c
    8.19320404926401      0.99224608538249      0.00000000000000  c
   10.48351086185650     -0.11105483409240      0.00000000000000  c
 -0.703990153075 0.343106973977 -0.25 h
 -0.703990153075 0.343106973977 0.25 h
 -1.56808476298 0.285309870769 -0.25 h
 -1.56808476298 0.285309870769 0.25 h
 -1.18609121767 1.06253630582 -0.25 h
 -1.18609121767 1.06253630582 0.25 h
 0.704264884332 -0.349026373752 -0.25 h
 0.704264884332 -0.349026373752 0.25 h
 1.56835949423 -0.291229270544 -0.25 h
 1.56835949423 -0.291229270544 0.25 h
 1.18636594893 -1.0684557056 -0.25 h
 1.18636594893 -1.0684557056 0.25 h
 -3.96642363886 -0.550036814608 -0.25 h
 -3.96642363886 -0.550036814608 0.25 h
 -3.10238042403 -0.491476393566 -0.25 h
 -3.10238042403 -0.491476393566 0.25 h
 -3.48368721917 -1.26903997809 -0.25 h
 -3.48368721917 -1.26903997809 0.25 h
 -5.37152244911 0.139004872583 -0.25 h
 -5.37152244911 0.139004872583 0.25 h
 -6.23556566393 0.0804444515408 -0.25 h
 -6.23556566393 0.0804444515408 0.25 h
 -5.8542588688 0.858008036069 -0.25 h
 -5.8542588688 0.858008036069 0.25 h
 -8.64464759498 -0.772756032334 -0.25 h
 -8.64464759498 -0.772756032334 0.25 h
 -7.78091655391 -0.709758503133 -0.25 h
 -7.78091655391 -0.709758503133 0.25 h
 -8.15822461378 -1.48927029134 -0.25 h
 -8.15822461378 -1.48927029134 0.25 h
 -10.0328085145 -0.100842776803 -0.25 h
 -10.0328085145 -0.100842776803 0.25 h
 -10.8965395556 -0.163840306005 -0.25 h
 -10.8965395556 -0.163840306005 0.25 h
 -10.5192314957 0.615671482203 -0.25 h
 -10.5192314957 0.615671482203 0.25 h
 3.96616577162 0.545961727486 -0.25 h
 3.96616577162 0.545961727486 0.25 h
 3.10218764194 0.486448775612 -0.25 h
 3.10218764194 0.486448775612 0.25 h
 3.4826369786 1.26443226016 -0.25 h
 3.4826369786 1.26443226016 0.25 h
 5.37199336696 -0.141515817639 -0.25 h
 5.37199336696 -0.141515817639 0.25 h
 6.23597149663 -0.0820028657652 -0.25 h
 6.23597149663 -0.0820028657652 0.25 h
 5.85552215997 -0.859986350316 -0.25 h
 5.85552215997 -0.859986350316 0.25 h
 8.64366177835 0.775248771331 -0.25 h
 8.64366177835 0.775248771331 0.25 h
 7.7800499982 0.710636905688 -0.25 h
 7.7800499982 0.710636905688 0.25 h
 8.15590037124 1.49085257913 -0.25 h
 8.15590037124 1.49085257913 0.25 h
 10.0330531328 0.105942479959 -0.25 h
 10.0330531328 0.105942479959 0.25 h
 10.8966649129 0.170554345602 -0.25 h
 10.8966649129 0.170554345602 0.25 h
 10.5208145399 -0.609661327839 -0.25 h
 10.5208145399 -0.609661327839 0.25 h
$end
