$coord
  -17.61902169741064     -0.49983390291988      0.00000000000000  c
  -19.92814721821656      0.62077213548816      0.00000000000000  c
  -22.30799731929228     -0.71648920376097      0.00000000000000  c
  -24.63551120670647      0.43976345926710      0.00000000000000  c
  -27.00348158266251     -0.86844543645655      0.00000000000000  c
  -29.33678205805735      0.30288731627406      0.00000000000000  c
  -31.69977952048380     -0.99332708703275      0.00000000000000  c
  -34.03634140410278      0.18563038533618      0.00000000000000  c
  -36.39665923399154     -1.10367460464424      0.00000000000000  c
  -38.73516172382359      0.08012909442592      0.00000000000000  c
  -41.09381177299308     -1.20470962355493      0.00000000000000  c
  -43.43358769020235     -0.01759658668437      0.00000000000000  c
  -45.79112234771469     -1.29936424066884      0.00000000000000  c
  -48.13176777598972     -0.10991839828626      0.00000000000000  c
  -50.48856145353762     -1.38941565131237      0.00000000000000  c
  -52.82980877602194     -0.19819439633430      0.00000000000000  c
  -55.18608413865224     -1.47604141089962      0.00000000000000  c
  -57.52772828228296     -0.28354498790452      0.00000000000000  c
  -59.88364085716744     -1.56018808899064      0.00000000000000  c
  -62.22556642503832     -0.36674830121222      0.00000000000000  c
  -64.58124769422773     -1.64252670859862      0.00000000000000  c
  -66.92336796513301     -0.44840735405359      0.00000000000000  c
  -69.27891986351266     -1.72360533328842      0.00000000000000  c
  -71.62110999117370     -0.52905594391871      0.00000000000000  c
  -73.97663412868256     -1.80389461958465      0.00000000000000  c
  -76.31879735890182     -0.60905062838931      0.00000000000000  c
  -78.67440632059079     -1.88371236667434      0.00000000000000  c
  -81.01644039954790     -0.68880233545775      0.00000000000000  c
  -83.37223726396927     -1.96350647472831      0.00000000000000  c
  -85.71403732710830     -0.76871334794874      0.00000000000000  c
  -88.07013178263242     -2.04369515314030      0.00000000000000  c
  -90.41158056264098     -0.84926869371596      0.00000000000000  c
  -92.76811070142007     -2.12475219120821      0.00000000000000  c
  -95.10908760018565     -0.93090153406880      0.00000000000000  c
  -97.46618554390676     -2.20722298963030      0.00000000000000  c
  -99.80654229448186     -1.01433255935202      0.00000000000000  c
 -102.16435420274485     -2.29196305871279      0.00000000000000  c
 -104.50394621276783     -1.10049767866223      0.00000000000000  c
 -106.86269147036298     -2.38005889248599      0.00000000000000  c
 -109.20128623694229     -1.19065719505210      0.00000000000000  c
 -111.56128992332728     -2.47304673241635      0.00000000000000  c
 -113.89850626989831     -1.28674529783726      0.00000000000000  c
 -116.26027410977795     -2.57342953837130      0.00000000000000  c
 -118.59547204130385     -1.39178249156666      0.00000000000000  c
 -120.96001050000800     -2.68519111126472      0.00000000000000  c
 -123.29190069841292     -1.51105358387157      0.00000000000000  c
 -125.66144852132423     -2.81636934611133      0.00000000000000  c
 -127.98757458073963     -1.65723585706799      0.00000000000000  c
 -130.36909835818071     -2.99148175980103      0.00000000000000  c
 -132.67684459821646     -1.86792772708796      0.00000000000000  c
 -18.0688499518 -0.281534701076 -0.25 h
 -18.0688499518 -0.281534701076 0.25 h
 -17.2050549158 -0.219420808174 -0.25 h
 -17.2050549158 -0.219420808174 0.25 h
 -17.5831602246 -0.998546199509 -0.25 h
 -17.5831602246 -0.998546199509 0.25 h
 -19.4783189638 0.402472933644 -0.25 h
 -19.4783189638 0.402472933644 0.25 h
 -20.3421139998 0.340359040743 -0.25 h
 -20.3421139998 0.340359040743 0.25 h
 -19.964008691 1.11948443208 -0.25 h
 -19.964008691 1.11948443208 0.25 h
 -22.7557869217 -0.49403814855 -0.25 h
 -22.7557869217 -0.49403814855 0.25 h
 -21.8914542532 -0.43991756012 -0.25 h
 -21.8914542532 -0.43991756012 0.25 h
 -22.276750783 -1.21551190261 -0.25 h
 -22.276750783 -1.21551190261 0.25 h
 -24.1877216043 0.217312404056 -0.25 h
 -24.1877216043 0.217312404056 0.25 h
 -25.0520542728 0.163191815627 -0.25 h
 -25.0520542728 0.163191815627 0.25 h
 -24.666757743 0.938786158119 -0.25 h
 -24.666757743 0.938786158119 0.25 h
 -27.4503359002 -0.644121521322 -0.25 h
 -27.4503359002 -0.644121521322 0.25 h
 -26.5857842147 -0.593620203249 -0.25 h
 -26.5857842147 -0.593620203249 0.25 h
 -26.9743246331 -1.3675945848 -0.25 h
 -26.9743246331 -1.3675945848 0.25 h
 -28.8899277405 0.0785634011393 -0.25 h
 -28.8899277405 0.0785634011393 0.25 h
 -29.754479426 0.0280620830664 -0.25 h
 -29.754479426 0.0280620830664 0.25 h
 -29.3659390076 0.802036464616 -0.25 h
 -29.3659390076 0.802036464616 0.25 h
 -32.1461742484 -0.768089996669 -0.25 h
 -32.1461742484 -0.768089996669 0.25 h
 -31.2815211144 -0.719356457711 -0.25 h
 -31.2815211144 -0.719356457711 0.25 h
 -31.6716431986 -1.49253480672 -0.25 h
 -31.6716431986 -1.49253480672 0.25 h
 -33.5899466762 -0.0396067050272 -0.25 h
 -33.5899466762 -0.0396067050272 0.25 h
 -34.4545998102 -0.0883402439858 -0.25 h
 -34.4545998102 -0.0883402439858 0.25 h
 -34.0644777259 0.684838105022 -0.25 h
 -34.0644777259 0.684838105022 0.25 h
 -36.8427568924 -0.877849718635 -0.25 h
 -36.8427568924 -0.877849718635 0.25 h
 -35.9780403167 -0.830255142878 -0.25 h
 -35.9780403167 -0.830255142878 0.25 h
 -36.3691804929 -1.60291895242 -0.25 h
 -36.3691804929 -1.60291895242 0.25 h
 -38.2890640654 -0.145695791583 -0.25 h
 -38.2890640654 -0.145695791583 0.25 h
 -39.1537806411 -0.193290367341 -0.25 h
 -39.1537806411 -0.193290367341 0.25 h
 -38.7626404649 0.579373442202 -0.25 h
 -38.7626404649 0.579373442202 0.25 h
 -41.5397046197 -0.978480604136 -0.25 h
 -41.5397046197 -0.978480604136 0.25 h
 -40.6749452717 -0.931669600623 -0.25 h
 -40.6749452717 -0.931669600623 0.25 h
 -41.0667854275 -1.70397866591 -0.25 h
 -41.0667854275 -1.70397866591 0.25 h
 -42.9876948435 -0.243825606103 -0.25 h
 -42.9876948435 -0.243825606103 0.25 h
 -43.8524541915 -0.290636609616 -0.25 h
 -43.8524541915 -0.290636609616 0.25 h
 -43.4606140357 0.481672455667 -0.25 h
 -43.4606140357 0.481672455667 0.25 h
 -46.2368697466 -1.0728487745 -0.25 h
 -46.2368697466 -1.0728487745 0.25 h
 -45.3720805002 -1.02659340267 -0.25 h
 -45.3720805002 -1.02659340267 0.25 h
 -45.7644167963 -1.79865054483 -0.25 h
 -45.7644167963 -1.79865054483 0.25 h
 -47.6860203771 -0.336433864455 -0.25 h
 -47.6860203771 -0.336433864455 0.25 h
 -48.5508096235 -0.382689236282 -0.25 h
 -48.5508096235 -0.382689236282 0.25 h
 -48.1584733274 0.389367905878 -0.25 h
 -48.1584733274 0.389367905878 0.25 h
 -50.9341958273 -1.16267790649 -0.25 h
 -50.9341958273 -1.16267790649 0.25 h
 -50.0693836196 -1.11685383525 -0.25 h
 -50.0693836196 -1.11685383525 0.25 h
 -50.4621049137 -1.8887152122 -0.25 h
 -50.4621049137 -1.8887152122 0.25 h
 -52.3841744023 -0.424932141155 -0.25 h
 -52.3841744023 -0.424932141155 0.25 h
 -53.2489866099 -0.470756212397 -0.25 h
 -53.2489866099 -0.470756212397 0.25 h
 -52.8562653159 0.301105164549 -0.25 h
 -52.8562653159 0.301105164549 0.25 h
 -55.6316359461 -1.24914146193 -0.25 h
 -55.6316359461 -1.24914146193 0.25 h
 -54.766807115 -1.20363220139 -0.25 h
 -54.766807115 -1.20363220139 0.25 h
 -55.1598093548 -1.97535056937 -0.25 h
 -55.1598093548 -1.97535056937 0.25 h
 -57.0821764748 -0.510444936873 -0.25 h
 -57.0821764748 -0.510444936873 0.25 h
 -57.947005306 -0.555954197409 -0.25 h
 -57.947005306 -0.555954197409 0.25 h
 -57.5540030661 0.215764170569 -0.25 h
 -57.5540030661 0.215764170569 0.25 h
 -60.329131106 -1.33316730093 -0.25 h
 -60.329131106 -1.33316730093 0.25 h
 -59.4642899631 -1.28789261041 -0.25 h
 -59.4642899631 -1.28789261041 0.25 h
 -59.8575015024 -2.05950435563 -0.25 h
 -59.8575015024 -2.05950435563 0.25 h
 -61.7800761762 -0.593769089274 -0.25 h
 -61.7800761762 -0.593769089274 0.25 h
 -62.6449173191 -0.639043779792 -0.25 h
 -62.6449173191 -0.639043779792 0.25 h
 -62.2517057798 0.132567965429 -0.25 h
 -62.2517057798 0.132567965429 0.25 h
 -65.0266932829 -1.41541830371 -0.25 h
 -65.0266932829 -1.41541830371 0.25 h
 -64.1618432519 -1.37031371529 -0.25 h
 -64.1618432519 -1.37031371529 0.25 h
 -64.555206548 -2.1418481068 -0.25 h
 -64.555206548 -2.1418481068 0.25 h
 -66.4779223765 -0.675515758941 -0.25 h
 -66.4779223765 -0.675515758941 0.25 h
 -67.3427724075 -0.720620347367 -0.25 h
 -67.3427724075 -0.720620347367 0.25 h
 -66.9494091114 0.050914044147 -0.25 h
 -66.9494091114 0.050914044147 0.25 h
 -69.7243350961 -1.49643739853 -0.25 h
 -69.7243350961 -1.49643739853 0.25 h
 -68.8594790448 -1.45144839401 -0.25 h
 -68.8594790448 -1.45144839401 0.25 h
 -69.2529454496 -2.22293020732 -0.25 h
 -69.2529454496 -2.22293020732 0.25 h
 -71.1756947586 -0.756223878673 -0.25 h
 -71.1756947586 -0.756223878673 0.25 h
 -72.0405508099 -0.801212883194 -0.25 h
 -72.0405508099 -0.801212883194 0.25 h
 -71.647084405 -0.0297310698897 -0.25 h
 -71.647084405 -0.0297310698897 0.25 h
 -74.4220256288 -1.57668015785 -0.25 h
 -74.4220256288 -1.57668015785 0.25 h
 -73.5571648827 -1.53178149672 -0.25 h
 -73.5571648827 -1.53178149672 0.25 h
 -73.9507118746 -2.30322220419 -0.25 h
 -73.9507118746 -2.30322220419 0.25 h
 -75.8734058588 -0.836265090123 -0.25 h
 -75.8734058588 -0.836265090123 0.25 h
 -76.7382666049 -0.881163751256 -0.25 h
 -76.7382666049 -0.881163751256 0.25 h
 -76.344719613 -0.109723043789 -0.25 h
 -76.344719613 -0.109723043789 0.25 h
 -79.1197876646 -1.65647799784 -0.25 h
 -79.1197876646 -1.65647799784 0.25 h
 -78.2549249125 -1.61161799278 -0.25 h
 -78.2549249125 -1.61161799278 0.25 h
 -78.6485063846 -2.3830411094 -0.25 h
 -78.6485063846 -2.3830411094 0.25 h
 -80.5710590555 -0.916036704289 -0.25 h
 -80.5710590555 -0.916036704289 0.25 h
 -81.4359218076 -0.960896709355 -0.25 h
 -81.4359218076 -0.960896709355 0.25 h
 -81.0423403355 -0.189473592729 -0.25 h
 -81.0423403355 -0.189473592729 0.25 h
 -83.8176184162 -1.73627173001 -0.25 h
 -83.8176184162 -1.73627173001 0.25 h
 -82.9527556263 -1.69141245486 -0.25 h
 -82.9527556263 -1.69141245486 0.25 h
 -83.3463377494 -2.46283523932 -0.25 h
 -83.3463377494 -2.46283523932 0.25 h
 -85.2686561748 -0.995948092665 -0.25 h
 -85.2686561748 -0.995948092665 0.25 h
 -86.1335189648 -1.04080736782 -0.25 h
 -86.1335189648 -1.04080736782 0.25 h
 -85.7399368417 -0.269384583362 -0.25 h
 -85.7399368417 -0.269384583362 0.25 h
 -88.5155273682 -1.81648870006 -0.25 h
 -88.5155273682 -1.81648870006 0.25 h
 -87.6506674296 -1.77157448781 -0.25 h
 -87.6506674296 -1.77157448781 0.25 h
 -88.0442005501 -2.54302227155 -0.25 h
 -88.0442005501 -2.54302227155 0.25 h
 -89.966184977 -1.07647514679 -0.25 h
 -89.966184977 -1.07647514679 0.25 h
 -90.8310449157 -1.12138935905 -0.25 h
 -90.8310449157 -1.12138935905 0.25 h
 -90.4375117952 -0.349941575307 -0.25 h
 -90.4375117952 -0.349941575307 0.25 h
 -93.2135320922 -1.89759633145 -0.25 h
 -93.2135320922 -1.89759633145 0.25 h
 -92.3486772609 -1.85258388127 -0.25 h
 -92.3486772609 -1.85258388127 0.25 h
 -92.7421227512 -2.6240763609 -0.25 h
 -92.7421227512 -2.6240763609 0.25 h
 -94.6636662094 -1.15805739382 -0.25 h
 -94.6636662094 -1.15805739382 0.25 h
 -95.5285210408 -1.20306984401 -0.25 h
 -95.5285210408 -1.20306984401 0.25 h
 -95.1350755504 -0.431577364373 -0.25 h
 -95.1350755504 -0.431577364373 0.25 h
 -97.9116565323 -1.98016441024 -0.25 h
 -97.9116565323 -1.98016441024 0.25 h
 -97.0468115518 -1.9349630867 -0.25 h
 -97.0468115518 -1.9349630867 0.25 h
 -97.4400885476 -2.70654147195 -0.25 h
 -97.4400885476 -2.70654147195 0.25 h
 -99.3610713061 -1.24139113874 -0.25 h
 -99.3610713061 -1.24139113874 0.25 h
 -100.225916287 -1.28659246228 -0.25 h
 -100.225916287 -1.28659246228 0.25 h
 -99.8326392908 -0.515014077035 -0.25 h
 -99.8326392908 -0.515014077035 0.25 h
 -102.609904931 -2.06506098985 -0.25 h
 -102.609904931 -2.06506098985 0.25 h
 -101.745075883 -2.01955584409 -0.25 h
 -101.745075883 -2.01955584409 0.25 h
 -102.138081795 -2.79127234219 -0.25 h
 -102.138081795 -2.79127234219 0.25 h
 -104.058395485 -1.32739974752 -0.25 h
 -104.058395485 -1.32739974752 0.25 h
 -104.923224533 -1.37290489328 -0.25 h
 -104.923224533 -1.37290489328 0.25 h
 -104.530218621 -0.601188395182 -0.25 h
 -104.530218621 -0.601188395182 0.25 h
 -107.308362035 -2.15339229184 -0.25 h
 -107.308362035 -2.15339229184 0.25 h
 -106.443557154 -2.10743016215 -0.25 h
 -106.443557154 -2.10743016215 0.25 h
 -106.836155222 -2.87935422347 -0.25 h
 -106.836155222 -2.87935422347 0.25 h
 -108.755615672 -1.4173237957 -0.25 h
 -108.755615672 -1.4173237957 0.25 h
 -109.620420554 -1.46328592539 -0.25 h
 -109.620420554 -1.46328592539 0.25 h
 -109.227822485 -0.691361864066 -0.25 h
 -109.227822485 -0.691361864066 0.25 h
 -112.007145276 -2.24674382904 -0.25 h
 -112.007145276 -2.24674382904 0.25 h
 -111.142378183 -2.20007612187 -0.25 h
 -111.142378183 -2.20007612187 0.25 h
 -111.53434631 -2.97232024634 -0.25 h
 -111.53434631 -2.97232024634 0.25 h
 -113.452650917 -1.51304820121 -0.25 h
 -113.452650917 -1.51304820121 0.25 h
 -114.31741801 -1.55971590838 -0.25 h
 -114.31741801 -1.55971590838 0.25 h
 -113.925449883 -0.787471783917 -0.25 h
 -113.925449883 -0.787471783917 0.25 h
 -116.706409008 -2.34767823145 -0.25 h
 -116.706409008 -2.34767823145 0.25 h
 -115.841700294 -2.29994103645 -0.25 h
 -115.841700294 -2.29994103645 0.25 h
 -116.232713027 -3.07266934722 -0.25 h
 -116.232713027 -3.07266934722 0.25 h
 -118.149337143 -1.61753379849 -0.25 h
 -118.149337143 -1.61753379849 0.25 h
 -119.014045857 -1.66527099349 -0.25 h
 -119.014045857 -1.66527099349 0.25 h
 -118.623033124 -0.892542682719 -0.25 h
 -118.623033124 -0.892542682719 0.25 h
 -121.406594756 -2.46033003752 -0.25 h
 -121.406594756 -2.46033003752 0.25 h
 -120.54198297 -2.41086833769 -0.25 h
 -120.54198297 -2.41086833769 0.25 h
 -120.931453774 -3.18437495858 -0.25 h
 -120.931453774 -3.18437495858 0.25 h
 -122.845316443 -1.73591465761 -0.25 h
 -122.845316443 -1.73591465761 0.25 h
 -123.709928228 -1.78537635744 -0.25 h
 -123.709928228 -1.78537635744 0.25 h
 -123.320457424 -1.01186973656 -0.25 h
 -123.320457424 -1.01186973656 0.25 h
 -126.108964104 -2.59336754574 -0.25 h
 -126.108964104 -2.59336754574 0.25 h
 -125.244565506 -2.54031038282 -0.25 h
 -125.244565506 -2.54031038282 0.25 h
 -125.630815954 -3.31543010977 -0.25 h
 -125.630815954 -3.31543010977 0.25 h
 -127.540058998 -1.88023765744 -0.25 h
 -127.540058998 -1.88023765744 0.25 h
 -128.404457596 -1.93329482036 -0.25 h
 -128.404457596 -1.93329482036 0.25 h
 -128.018207148 -1.15817509341 -0.25 h
 -128.018207148 -1.15817509341 0.25 h
 -130.818649467 -2.77261239161 -0.25 h
 -130.818649467 -2.77261239161 0.25 h
 -129.954776371 -2.71159376314 -0.25 h
 -129.954776371 -2.71159376314 0.25 h
 -130.333869237 -3.49023912465 -0.25 h
 -130.333869237 -3.49023912465 0.25 h
 -132.227293489 -2.08679709528 -0.25 h
 -132.227293489 -2.08679709528 0.25 h
 -133.091166586 -2.14781572375 -0.25 h
 -133.091166586 -2.14781572375 0.25 h
 -132.71207372 -1.36917036224 -0.25 h
 -132.71207372 -1.36917036224 0.25 h
$user-defined bonds
$end
