$energy      SCF               SCFKIN            SCFPOT
     1   -2.668803832771    3.344879206759   -6.013683039530
     2   -2.466546555205    3.411061633881   -5.877608189086
     3   -2.466546555205    3.411061633881   -5.877608189086
     4   -2.466546555205    3.411061633881   -5.877608189086
     5   -2.939221055673    8.923839950388  -11.863061006062
     6   -3.042078345813    9.373962803800  -12.416041149613
     7   -3.042078340177    9.374071891845  -12.416150232022
     8   -3.042078340177    9.374071891845  -12.416150232022
$end
