$coord
    0.00000000000024      1.24880313890036      0.00000000000000  c
   -0.00000000000025     -1.24880313890023      0.00000000000000  c
 1.41906076159e-13 0.7488031389 0.25 h
 1.41906076159e-13 0.7488031389 -0.25 h
 0.433012701893 1.4988031389 0.25 h
 0.433012701893 1.4988031389 -0.25 h
 -0.433012701892 1.4988031389 0.25 h
 -0.433012701892 1.4988031389 -0.25 h
 -1.51906076159e-13 -0.7488031389 0.25 h
 -1.51906076159e-13 -0.7488031389 -0.25 h
 -0.433012701893 -1.4988031389 0.25 h
 -0.433012701893 -1.4988031389 -0.25 h
 0.433012701892 -1.4988031389 0.25 h
 0.433012701892 -1.4988031389 -0.25 h
$user-defined bonds
$redundant
     number_of_atoms             6
     degrees_of_freedom          9
     internal_coordinates        9
     frozen_coordinates          0
# definitions of redundant internals
   1 k  1.0000000000000 stre   1    4           val=   2.49761
   2 k  1.0000000000000 stre   1    2           val=   2.05084
   3 k  1.0000000000000 stre   4    5           val=   2.05084
   4 k  1.0000000000000 stre   4    6           val=   2.05084
   5 k  1.0000000000000 stre   1    3           val=   2.05084
   6 k -0.8164965809277 bend   6    5    4      val=   2.60591
        0.4082482904639 bend   1    5    4
        0.4082482904639 bend   1    6    4
   7 k -0.8164965809277 bend   2    3    1      val=   2.60591
        0.4082482904639 bend   4    3    1
        0.4082482904639 bend   4    2    1
   8 k -0.7071067811865 bend   1    5    4      val=  -0.00000
        0.7071067811865 bend   1    6    4
   9 k  0.7071067811865 bend   4    3    1      val=  -0.00000
       -0.7071067811865 bend   4    2    1
         9 non zero eigenvalues  of BmBt
           1           4.211916822    1    0
         1
           2           4.012887781    2    0
         2
           3           2.582783804    3    0
         3
           4           2.427651082    4    0
         4
           5           0.927031980    5    0
         5
           6           0.906757070    6    0
         6
           7           0.647214286    7    0
         7
           8           0.394488391    8    0
         8
           9           0.284097825    9    0
         9
$end
