$coord
   -3.51832804512774      0.44147275104756      0.00000000000000  c
   -1.17593046309605     -0.69236284002435      0.00000000000000  c
   -5.87589916477483     -0.89836662318014      0.00000000000000  c
   -8.20988586063848      0.23431853667856      0.00000000000000  c
  -10.58234809408685     -1.12110502647404      0.00000000000000  c
  -12.89532125565559     -0.01306107796886      0.00000000000000  c
    1.17483738974611      0.65084058289413      0.00000000000000  c
    3.52069035507286     -0.47614247326952      0.00000000000000  c
    5.87111086917013      0.87707457495024      0.00000000000000  c
    8.21463775912463     -0.23685329115684      0.00000000000000  c
   10.57454125690879      1.14189193752855      0.00000000000000  c
   12.90010650738399      0.05901079042705      0.00000000000000  c
 -3.06827986723 0.223627306826 -0.25 h
 -3.06827986723 0.223627306826 0.25 h
 -3.93201182287 0.160642318169 -0.25 h
 -3.93201182287 0.160642318169 0.25 h
 -3.55469244528 0.940148628147 -0.25 h
 -3.55469244528 0.940148628147 0.25 h
 -1.625978641 -0.474517395803 -0.25 h
 -1.625978641 -0.474517395803 0.25 h
 -0.762246685351 -0.411532407146 -0.25 h
 -0.762246685351 -0.411532407146 0.25 h
 -1.13956606294 -1.19103871712 -0.25 h
 -1.13956606294 -1.19103871712 0.25 h
 -6.32572634963 -0.680065217398 -0.25 h
 -6.32572634963 -0.680065217398 0.25 h
 -5.46193100926 -0.617955556675 -0.25 h
 -5.46193100926 -0.617955556675 0.25 h
 -5.84004013544 -1.39707909547 -0.25 h
 -5.84004013544 -1.39707909547 0.25 h
 -7.76005867578 0.016017130896 -0.25 h
 -7.76005867578 0.016017130896 0.25 h
 -8.62385401615 -0.0460925298263 -0.25 h
 -8.62385401615 -0.0460925298263 0.25 h
 -8.24574488998 0.733031008966 -0.25 h
 -8.24574488998 0.733031008966 0.25 h
 -11.0332755322 -0.90508547754 -0.25 h
 -11.0332755322 -0.90508547754 0.25 h
 -10.1698059579 -0.838600184238 -0.25 h
 -10.1698059579 -0.838600184238 0.25 h
 -10.5439627921 -1.61962941764 -0.25 h
 -10.5439627921 -1.61962941764 0.25 h
 -12.4443938175 -0.229080626903 -0.25 h
 -12.4443938175 -0.229080626903 0.25 h
 -13.3078633918 -0.295565920205 -0.25 h
 -13.3078633918 -0.295565920205 0.25 h
 -12.9337065576 0.485463313201 -0.25 h
 -12.9337065576 0.485463313201 0.25 h
 1.62552591923 0.434323033053 -0.25 h
 1.62552591923 0.434323033053 0.25 h
 0.761983426476 0.368791642085 -0.25 h
 0.761983426476 0.368791642085 0.25 h
 1.13700282353 1.14940707354 -0.25 h
 1.13700282353 1.14940707354 0.25 h
 3.07000182559 -0.259624923429 -0.25 h
 3.07000182559 -0.259624923429 0.25 h
 3.93354431834 -0.19409353246 -0.25 h
 3.93354431834 -0.19409353246 0.25 h
 3.55852492129 -0.97470896392 -0.25 h
 3.55852492129 -0.97470896392 0.25 h
 6.32269340232 0.662427851809 -0.25 h
 6.32269340232 0.662427851809 0.25 h
 5.45943008752 0.593315990909 -0.25 h
 5.45943008752 0.593315990909 0.25 h
 5.83120911767 1.37547988213 -0.25 h
 5.83120911767 1.37547988213 0.25 h
 7.76305522598 -0.0222065680159 -0.25 h
 7.76305522598 -0.0222065680159 0.25 h
 8.62631854078 0.0469052928847 -0.25 h
 8.62631854078 0.0469052928847 0.25 h
 8.25453951062 -0.735258598339 -0.25 h
 8.25453951062 -0.735258598339 0.25 h
 11.0278106272 0.930830624335 -0.25 h
 11.0278106272 0.930830624335 0.25 h
 10.1651221128 0.854879804668 -0.25 h
 10.1651221128 0.854879804668 0.25 h
 10.5306910307 1.63996538358 -0.25 h
 10.5306910307 1.63996538358 0.25 h
 12.4468371371 0.27007210362 -0.25 h
 12.4468371371 0.27007210362 0.25 h
 13.3095256515 0.346022923288 -0.25 h
 13.3095256515 0.346022923288 0.25 h
 12.9439567336 -0.439062655627 -0.25 h
 12.9439567336 -0.439062655627 0.25 h
$end
