$coord
   -0.00000000001434      1.25881677217718      0.00000000000000  c
    0.00000000000503     -1.25881677215040      0.00000000000000  c
 -1.0493133556e-11 0.758816772177 -0.25 h
 -1.0493133556e-11 0.758816772177 0.25 h
 -0.433012701908 1.50881677217 -0.25 h
 -0.433012701908 1.50881677217 0.25 h
 0.433012701876 1.50881677218 -0.25 h
 0.433012701876 1.50881677218 0.25 h
 1.18313355599e-12 -0.75881677215 -0.25 h
 1.18313355599e-12 -0.75881677215 0.25 h
 0.433012701899 -1.50881677215 -0.25 h
 0.433012701899 -1.50881677215 0.25 h
 -0.433012701885 -1.50881677215 -0.25 h
 -0.433012701885 -1.50881677215 0.25 h
$end
