$coord
   -3.46326134611985      0.45211230330956      0.00000000000000  c
   -1.20142646471590     -0.67416992384086      0.00000000000000  c
   -5.86655574692714     -0.89873910023573      0.00000000000000  c
   -8.12799505302198      0.22257732250602      0.00000000000000  c
  -10.53485039984063     -1.14100235643885      0.00000000000000  c
  -12.79144252264514     -0.03960085654676      0.00000000000000  c
    1.20142539713397      0.67431348047555      0.00000000000000  c
    3.46324905030187     -0.45199125479828      0.00000000000000  c
    5.86656995727640      0.89881308524298      0.00000000000000  c
    8.12797765650451     -0.22256712357222      0.00000000000000  c
   10.53488051595623      1.14092846443280      0.00000000000000  c
   12.79143066535065      0.03944072765959      0.00000000000000  c
 -3.01568145964 0.22923959252 -0.25 h
 -3.01568145964 0.22923959252 0.25 h
 -3.88006471872 0.175933106786 -0.25 h
 -3.88006471872 0.175933106786 0.25 h
 -3.49403786001 0.951164210623 -0.25 h
 -3.49403786001 0.951164210623 0.25 h
 -1.6490063512 -0.451297213051 -0.25 h
 -1.6490063512 -0.451297213051 0.25 h
 -0.78462309212 -0.397990727317 -0.25 h
 -0.78462309212 -0.397990727317 0.25 h
 -1.17064995083 -1.17322183115 -0.25 h
 -1.17064995083 -1.17322183115 0.25 h
 -6.31451191374 -0.676623651389 -0.25 h
 -6.31451191374 -0.676623651389 0.25 h
 -5.45022004225 -0.621855404419 -0.25 h
 -5.45022004225 -0.621855404419 0.25 h
 -5.8349352848 -1.3977382449 -0.25 h
 -5.8349352848 -1.3977382449 0.25 h
 -7.68003888621 0.000461873659206 -0.25 h
 -7.68003888621 0.000461873659206 0.25 h
 -8.5443307577 -0.0543063733104 -0.25 h
 -8.5443307577 -0.0543063733104 0.25 h
 -8.15961551515 0.721576467169 -0.25 h
 -8.15961551515 0.721576467169 0.25 h
 -10.9841855841 -0.921690039913 -0.25 h
 -10.9841855841 -0.921690039913 0.25 h
 -10.1202527702 -0.861522830312 -0.25 h
 -10.1202527702 -0.861522830312 0.25 h
 -10.5001128452 -1.63979419909 -0.25 h
 -10.5001128452 -1.63979419909 0.25 h
 -12.3421073384 -0.258913173072 -0.25 h
 -12.3421073384 -0.258913173072 0.25 h
 -13.2060401523 -0.319080382673 -0.25 h
 -13.2060401523 -0.319080382673 0.25 h
 -12.8261800773 0.459190986105 -0.25 h
 -12.8261800773 0.459190986105 0.25 h
 1.64900306493 0.451436314107 -0.25 h
 1.64900306493 0.451436314107 0.25 h
 0.784619275236 0.39813843318 -0.25 h
 0.784619275236 0.39813843318 0.25 h
 1.17065385123 1.17336569414 -0.25 h
 1.17065385123 1.17336569414 0.25 h
 3.0156713825 -0.22911408843 -0.25 h
 3.0156713825 -0.22911408843 0.25 h
 3.8800551722 -0.175816207503 -0.25 h
 3.8800551722 -0.175816207503 0.25 h
 3.4940205962 -0.951043468462 -0.25 h
 3.4940205962 -0.951043468462 0.25 h
 6.31451985975 0.676685003101 -0.25 h
 6.31451985975 0.676685003101 0.25 h
 5.45022644401 0.621941131152 -0.25 h
 5.45022644401 0.621941131152 0.25 h
 5.83496356807 1.39781312148 -0.25 h
 5.83496356807 1.39781312148 0.25 h
 7.68002775403 -0.000439041429809 -0.25 h
 7.68002775403 -0.000439041429809 0.25 h
 8.54432116977 0.0543048305192 -0.25 h
 8.54432116977 0.0543048305192 0.25 h
 8.15958404571 -0.721567159806 -0.25 h
 8.15958404571 -0.721567159806 0.25 h
 10.9842073232 0.921598985684 -0.25 h
 10.9842073232 0.921598985684 0.25 h
 10.1202722119 0.86146477409 -0.25 h
 10.1202722119 0.86146477409 0.25 h
 10.5001620127 1.63972163352 -0.25 h
 10.5001620127 1.63972163352 0.25 h
 12.3421038581 0.258770206408 -0.25 h
 12.3421038581 0.258770206408 0.25 h
 13.2060389694 0.318904418002 -0.25 h
 13.2060389694 0.318904418002 0.25 h
 12.8261491686 -0.459352441432 -0.25 h
 12.8261491686 -0.459352441432 0.25 h
$end
