$coord
  -64.59851018367509     -1.39742917948531      0.00000000000000  c
  -66.90845345094343     -0.26864089823526      0.00000000000000  c
  -69.29068350885431     -1.59489681232991      0.00000000000000  c
  -71.61983353866685     -0.43330920498879      0.00000000000000  c
  -73.98987780116130     -1.73198852262529      0.00000000000000  c
  -76.32474400641659     -0.55624493697411      0.00000000000000  c
  -78.68981252858605     -1.84417988885006      0.00000000000000  c
  -81.02797284730477     -0.66197944900589      0.00000000000000  c
  -83.39032389666318     -1.94436554151779      0.00000000000000  c
  -85.73044920458894     -0.75858600154275      0.00000000000000  c
  -88.09114268289825     -2.03792729011107      0.00000000000000  c
  -90.43248547228598     -0.85022200787199      0.00000000000000  c
  -92.79217295058677     -2.12797666555170      0.00000000000000  c
  -95.13424485110856     -0.93934545017259      0.00000000000000  c
  -97.49341942538715     -2.21647756210708      0.00000000000000  c
  -99.83572817796536     -1.02766576494604      0.00000000000000  c
 -102.19481461737618     -2.30495830750844      0.00000000000000  c
 -104.53700255219955     -1.11664542868508      0.00000000000000  c
 -106.89643278131089     -2.39488966577812      0.00000000000000  c
 -109.23811538818012     -1.20782828278924      0.00000000000000  c
 -111.59838583458270     -2.48797880433286      0.00000000000000  c
 -113.93897019728587     -1.30314607116219      0.00000000000000  c
 -116.30075999763640     -2.58658734550913      0.00000000000000  c
 -118.63950297781203     -1.40552966583976      0.00000000000000  c
 -121.00389054528672     -2.69472251160606      0.00000000000000  c
 -123.33942758265434     -1.52031181102182      0.00000000000000  c
 -125.70868699885852     -2.82040863628303      0.00000000000000  c
 -128.03856217474879     -1.66027566837538      0.00000000000000  c
 -130.41992321810187     -2.98808636723998      0.00000000000000  c
 -132.73067131197186     -1.86086746019272      0.00000000000000  c
 -65.047742054 -1.17790531587 -0.25 h
 -65.047742054 -1.17790531587 0.25 h
 -64.1837810059 -1.11814489942 -0.25 h
 -64.1837810059 -1.11814489942 0.25 h
 -64.5640074912 -1.89623732317 -0.25 h
 -64.5640074912 -1.89623732317 0.25 h
 -66.4592215806 -0.488164761854 -0.25 h
 -66.4592215806 -0.488164761854 0.25 h
 -67.3231826287 -0.547925178304 -0.25 h
 -67.3231826287 -0.547925178304 0.25 h
 -66.9429561435 0.230167245452 -0.25 h
 -66.9429561435 0.230167245452 0.25 h
 -69.7381264279 -1.37174925075 -0.25 h
 -69.7381264279 -1.37174925075 0.25 h
 -68.8737105922 -1.31897365852 -0.25 h
 -68.8737105922 -1.31897365852 0.25 h
 -69.2602135065 -2.09396752771 -0.25 h
 -69.2602135065 -2.09396752771 0.25 h
 -71.1723906197 -0.656456766566 -0.25 h
 -71.1723906197 -0.656456766566 0.25 h
 -72.0368064553 -0.709232358796 -0.25 h
 -72.0368064553 -0.709232358796 0.25 h
 -71.650303541 0.0657615103962 -0.25 h
 -71.650303541 0.0657615103962 0.25 h
 -74.4364537902 -1.50711103141 -0.25 h
 -74.4364537902 -1.50711103141 0.25 h
 -73.5718401865 -1.45768111705 -0.25 h
 -73.5718401865 -1.45768111705 0.25 h
 -73.9613394268 -2.23117341942 -0.25 h
 -73.9613394268 -2.23117341942 0.25 h
 -75.8781680174 -0.78112242819 -0.25 h
 -75.8781680174 -0.78112242819 0.25 h
 -76.742781621 -0.830552342553 -0.25 h
 -76.742781621 -0.830552342553 0.25 h
 -76.3532823808 -0.0570600401787 -0.25 h
 -76.3532823808 -0.0570600401787 0.25 h
 -79.136020104 -1.61857226574 -0.25 h
 -79.136020104 -1.61857226574 0.25 h
 -78.271326808 -1.5705566047 -0.25 h
 -78.271326808 -1.5705566047 0.25 h
 -78.6620906738 -2.34341079611 -0.25 h
 -78.6620906738 -2.34341079611 0.25 h
 -80.5817652719 -0.887587072119 -0.25 h
 -80.5817652719 -0.887587072119 0.25 h
 -81.4464585679 -0.935602733154 -0.25 h
 -81.4464585679 -0.935602733154 0.25 h
 -81.0556947021 -0.162748541744 -0.25 h
 -81.0556947021 -0.162748541744 0.25 h
 -83.8363328669 -1.71836554494 -0.25 h
 -83.8363328669 -1.71836554494 0.25 h
 -82.9715976732 -1.67111044125 -0.25 h
 -82.9715976732 -1.67111044125 0.25 h
 -83.3630411498 -2.44362063836 -0.25 h
 -83.3630411498 -2.44362063836 0.25 h
 -85.2844402343 -0.984585998117 -0.25 h
 -85.2844402343 -0.984585998117 0.25 h
 -86.149175428 -1.03184110181 -0.25 h
 -86.149175428 -1.03184110181 0.25 h
 -85.7577319514 -0.259330904699 -0.25 h
 -85.7577319514 -0.259330904699 0.25 h
 -88.5370511072 -1.81172897634 -0.25 h
 -88.5370511072 -1.81172897634 0.25 h
 -87.6722949847 -1.7648584238 -0.25 h
 -87.6722949847 -1.7648584238 0.25 h
 -88.0640819568 -2.53719447019 -0.25 h
 -88.0640819568 -2.53719447019 0.25 h
 -89.986577048 -1.07642032164 -0.25 h
 -89.986577048 -1.07642032164 0.25 h
 -90.8513331704 -1.12329087418 -0.25 h
 -90.8513331704 -1.12329087418 0.25 h
 -90.4595461984 -0.350954827795 -0.25 h
 -90.4595461984 -0.350954827795 0.25 h
 -93.2380386568 -1.90169416066 -0.25 h
 -93.2380386568 -1.90169416066 0.25 h
 -92.3732736998 -1.85498688973 -0.25 h
 -92.3732736998 -1.85498688973 0.25 h
 -92.7652064951 -2.62724894626 -0.25 h
 -92.7652064951 -2.62724894626 0.25 h
 -94.6883791449 -1.16562795506 -0.25 h
 -94.6883791449 -1.16562795506 0.25 h
 -95.5531441019 -1.21233522599 -0.25 h
 -95.5531441019 -1.21233522599 0.25 h
 -95.1612113066 -0.440073169467 -0.25 h
 -95.1612113066 -0.440073169467 0.25 h
 -97.9392804934 -1.99018591844 -0.25 h
 -97.9392804934 -1.99018591844 0.25 h
 -97.0745145793 -1.94349637245 -0.25 h
 -97.0745145793 -1.94349637245 0.25 h
 -97.4664632034 -2.71575039543 -0.25 h
 -97.4664632034 -2.71575039543 0.25 h
 -99.3898671099 -1.25395740861 -0.25 h
 -99.3898671099 -1.25395740861 0.25 h
 -100.254633024 -1.30064695461 -0.25 h
 -100.254633024 -1.30064695461 0.25 h
 -99.8626843999 -0.528392931619 -0.25 h
 -99.8626843999 -0.528392931619 0.25 h
 -102.640709302 -2.0787329102 -0.25 h
 -102.640709302 -2.0787329102 0.25 h
 -101.775950334 -2.03191488202 -0.25 h
 -101.775950334 -2.03191488202 0.25 h
 -102.167784216 -2.8042271303 -0.25 h
 -102.167784216 -2.8042271303 0.25 h
 -104.091107868 -1.34287082599 -0.25 h
 -104.091107868 -1.34287082599 0.25 h
 -104.955866835 -1.38968885417 -0.25 h
 -104.955866835 -1.38968885417 0.25 h
 -104.564032953 -0.617376605893 -0.25 h
 -104.564032953 -0.617376605893 0.25 h
 -107.342403909 -2.16881500365 -0.25 h
 -107.342403909 -2.16881500365 0.25 h
 -106.477660817 -2.12170467051 -0.25 h
 -106.477660817 -2.12170467051 0.25 h
 -106.869233618 -2.89414932317 -0.25 h
 -106.869233618 -2.89414932317 0.25 h
 -108.79214426 -1.43390294492 -0.25 h
 -108.79214426 -1.43390294492 0.25 h
 -109.656887353 -1.48101327806 -0.25 h
 -109.656887353 -1.48101327806 0.25 h
 -109.265314552 -0.708568625393 -0.25 h
 -109.265314552 -0.708568625393 0.25 h
 -112.044485402 -2.26215768962 -0.25 h
 -112.044485402 -2.26215768962 0.25 h
 -111.179769229 -2.21455580359 -0.25 h
 -111.179769229 -2.21455580359 0.25 h
 -111.570902873 -2.98722291979 -0.25 h
 -111.570902873 -2.98722291979 0.25 h
 -113.49287063 -1.52896718587 -0.25 h
 -113.49287063 -1.52896718587 0.25 h
 -114.357586803 -1.5765690719 -0.25 h
 -114.357586803 -1.5765690719 0.25 h
 -113.966453159 -0.803901955708 -0.25 h
 -113.966453159 -0.803901955708 0.25 h
 -116.747077973 -2.36119820416 -0.25 h
 -116.747077973 -2.36119820416 0.25 h
 -115.882408288 -2.31275921152 -0.25 h
 -115.882408288 -2.31275921152 0.25 h
 -116.272793732 -3.08580462085 -0.25 h
 -116.272793732 -3.08580462085 0.25 h
 -118.193185003 -1.63091880719 -0.25 h
 -118.193185003 -1.63091880719 0.25 h
 -119.057854688 -1.67935779983 -0.25 h
 -119.057854688 -1.67935779983 0.25 h
 -118.667469243 -0.9063123905 -0.25 h
 -118.667469243 -0.9063123905 0.25 h
 -121.450594822 -2.47009996278 -0.25 h
 -121.450594822 -2.47009996278 0.25 h
 -120.586009574 -2.42017653467 -0.25 h
 -120.586009574 -2.42017653467 0.25 h
 -120.975067241 -3.19389103737 -0.25 h
 -120.975067241 -3.19389103737 0.25 h
 -122.892723306 -1.74493435985 -0.25 h
 -122.892723306 -1.74493435985 0.25 h
 -123.757308554 -1.79485778796 -0.25 h
 -123.757308554 -1.79485778796 0.25 h
 -123.368250887 -1.02114328526 -0.25 h
 -123.368250887 -1.02114328526 0.25 h
 -126.156269183 -2.59754053905 -0.25 h
 -126.156269183 -2.59754053905 0.25 h
 -125.291886473 -2.54422514347 -0.25 h
 -125.291886473 -2.54422514347 0.25 h
 -125.677905341 -3.31946022633 -0.25 h
 -125.677905341 -3.31946022633 0.25 h
 -127.590979991 -1.88314376561 -0.25 h
 -127.590979991 -1.88314376561 0.25 h
 -128.455362701 -1.93645916119 -0.25 h
 -128.455362701 -1.93645916119 0.25 h
 -128.069343833 -1.16122407833 -0.25 h
 -128.069343833 -1.16122407833 0.25 h
 -130.869305547 -2.76887066868 -0.25 h
 -130.869305547 -2.76887066868 0.25 h
 -130.00538569 -2.7085177037 -0.25 h
 -130.00538569 -2.7085177037 0.25 h
 -130.385078418 -3.48687072934 -0.25 h
 -130.385078418 -3.48687072934 0.25 h
 -132.281288983 -2.08008315876 -0.25 h
 -132.281288983 -2.08008315876 0.25 h
 -133.14520884 -2.14043612373 -0.25 h
 -133.14520884 -2.14043612373 0.25 h
 -132.765516113 -1.3620830981 -0.25 h
 -132.765516113 -1.3620830981 0.25 h
$user-defined bonds
$redundant
     number_of_atoms            62
     degrees_of_freedom        121
     internal_coordinates      121
     frozen_coordinates          0
# definitions of redundant internals
   1 k  1.0000000000000 stre   1   62           val=   2.08472
   2 k  1.0000000000000 stre  28   31           val=   2.09311
   3 k  1.0000000000000 stre  24   23           val=   2.68343
   4 k  1.0000000000000 stre  10   13           val=   2.09329
   5 k  1.0000000000000 stre  12   14           val=   2.09296
   6 k  1.0000000000000 stre  19   20           val=   2.09316
   7 k  1.0000000000000 stre  21   22           val=   2.09306
   8 k  1.0000000000000 stre  23   25           val=   2.09314
   9 k  1.0000000000000 stre  24   27           val=   2.09310
  10 k  1.0000000000000 stre  26   29           val=   2.09313
  11 k  1.0000000000000 stre   5    7           val=   2.09295
  12 k  1.0000000000000 stre  30   32           val=   2.09311
  13 k  1.0000000000000 stre  35   36           val=   2.09309
  14 k  1.0000000000000 stre  39   40           val=   2.09307
  15 k  1.0000000000000 stre  48   50           val=   2.09329
  16 k  1.0000000000000 stre  51   52           val=   2.09285
  17 k  1.0000000000000 stre  53   54           val=   2.09362
  18 k  1.0000000000000 stre  55   56           val=   2.09295
  19 k  1.0000000000000 stre  57   58           val=   2.09298
  20 k  1.0000000000000 stre  59   61           val=   2.08469
  21 k  1.0000000000000 stre  57   59           val=   2.57103
  22 k  1.0000000000000 stre   5    3           val=   2.72653
  23 k  1.0000000000000 stre  55   57           val=   2.72653
  24 k  1.0000000000000 stre   6    5           val=   2.60273
  25 k  1.0000000000000 stre  53   55           val=   2.60273
  26 k  1.0000000000000 stre   8    6           val=   2.70253
  27 k  1.0000000000000 stre  51   53           val=   2.70253
  28 k  1.0000000000000 stre  10    8           val=   2.61419
  29 k  1.0000000000000 stre  12   10           val=   2.69301
  30 k  1.0000000000000 stre  44   46           val=   2.62004
  31 k  1.0000000000000 stre  17   15           val=   2.68798
  32 k  1.0000000000000 stre  41   42           val=   2.62339
  33 k  1.0000000000000 stre  21   19           val=   2.68507
  34 k  1.0000000000000 stre  39   41           val=   2.68508
  35 k  1.0000000000000 stre   8   11           val=   2.09285
  36 k  1.0000000000000 stre  35   37           val=   2.68343
  37 k  1.0000000000000 stre  26   24           val=   2.62643
  38 k  1.0000000000000 stre  33   35           val=   2.62639
  39 k  1.0000000000000 stre  28   26           val=   2.68268
  40 k  1.0000000000000 stre   3    4           val=   2.09297
  41 k  1.0000000000000 stre   1    2           val=   2.08918
  42 k  1.0000000000000 stre  48   51           val=   2.61419
  43 k  1.0000000000000 stre  33   34           val=   2.09313
  44 k  1.0000000000000 stre  46   48           val=   2.69302
  45 k  1.0000000000000 stre  15   12           val=   2.62004
  46 k  1.0000000000000 stre   6    9           val=   2.09362
  47 k  1.0000000000000 stre  59   60           val=   2.08917
  48 k  1.0000000000000 stre  42   44           val=   2.68799
  49 k  1.0000000000000 stre  19   17           val=   2.62341
  50 k  1.0000000000000 stre  37   38           val=   2.09315
  51 k  1.0000000000000 stre   3    1           val=   2.57099
  52 k  1.0000000000000 stre  15   16           val=   2.09320
  53 k  1.0000000000000 stre  23   21           val=   2.62536
  54 k  1.0000000000000 stre  37   39           val=   2.62537
  55 k  1.0000000000000 stre  41   43           val=   2.09317
  56 k  1.0000000000000 stre  42   45           val=   2.09303
  57 k  1.0000000000000 stre  44   47           val=   2.09321
  58 k  1.0000000000000 stre  46   49           val=   2.09297
  59 k  1.0000000000000 stre  17   18           val=   2.09302
  60 k  1.0000000000000 stre  30   33           val=   2.68268
  61 k  1.0000000000000 stre  28   30           val=   2.62672
  62 k -0.8164965809099 bend  61   60   59      val=   2.02839
        0.4082529677796 bend  57   60   59
        0.4082436131302 bend  57   61   59
  63 k -0.7071067811865 bend  39   43   41      val=   0.35744
        0.7071067811865 bend  42   43   41
  64 k -0.7071067811865 bend  21   25   23      val=  -0.33714
        0.7071067811865 bend  24   25   23
  65 k -0.7071067811865 bend   3    7    5      val=   0.69728
        0.7071067811865 bend   6    7    5
  66 k  0.7588198963296 bend  62    2    1      val=  -1.98310
       -0.6404545299909 bend   3    2    1
       -0.1183653663387 bend   3   62    1
  67 k -0.7071067811865 bend  48   52   51      val=  -0.50283
        0.7071067811865 bend  53   52   51
  68 k -0.7071067811865 bend  30   34   33      val=   0.32544
        0.7071067811865 bend  35   34   33
  69 k -0.7071067811865 bend  12   16   15      val=  -0.38936
        0.7071067811865 bend  17   16   15
  70 k  0.7071067811865 bend   8   13   10      val=   0.45393
       -0.7071067811865 bend  12   13   10
  71 k  0.7071067811865 bend  44   49   46      val=   0.41891
       -0.7071067811865 bend  48   49   46
  72 k  0.7071067811865 bend  26   31   28      val=  -0.32338
       -0.7071067811865 bend  30   31   28
  73 k  0.7071067811865 bend  53   56   55      val=   0.69734
       -0.7071067811865 bend  57   56   55
  74 k  0.7071067811865 bend  35   38   37      val=  -0.33544
       -0.7071067811865 bend  39   38   37
  75 k  0.7071067811865 bend  17   20   19      val=   0.35298
       -0.7071067811865 bend  21   20   19
  76 k -0.7071067811865 bend   5    9    6      val=  -0.57404
        0.7071067811865 bend   8    9    6
  77 k  0.7071067811865 bend  23   27   24      val=  -0.32818
       -0.7071067811865 bend  26   27   24
  78 k  0.7071067811865 bend  41   45   42      val=   0.37010
       -0.7071067811865 bend  44   45   42
  79 k  0.7071067811865 bend   5    4    3      val=  -1.21941
       -0.7071067811865 bend   1    4    3
  80 k  0.7071067811865 bend  23   22   21      val=   0.34185
       -0.7071067811865 bend  19   22   21
  81 k  0.7071067811865 bend  41   40   39      val=  -0.34381
       -0.7071067811865 bend  37   40   39
  82 k -0.7071067811865 bend  59   58   57      val=  -1.22052
        0.7071067811865 bend  55   58   57
  83 k -0.7071067811865 bend  46   47   44      val=  -0.38919
        0.7071067811865 bend  42   47   44
  84 k  0.7071067811865 bend  28   29   26      val=  -0.32510
       -0.7071067811865 bend  24   29   26
  85 k  0.7071067811865 bend  19   18   17      val=   0.36969
       -0.7071067811865 bend  15   18   17
  86 k -0.7071067811865 bend  10   11    8      val=  -0.50277
        0.7071067811865 bend   6   11    8
  87 k -0.7071067811865 bend  55   54   53      val=  -0.57408
        0.7071067811865 bend  51   54   53
  88 k  0.7071067811865 bend  37   36   35      val=  -0.32954
       -0.7071067811865 bend  33   36   35
  89 k  0.7071067811865 bend  51   50   48      val=   0.45397
       -0.7071067811865 bend  46   50   48
  90 k -0.7071067811865 bend  15   14   12      val=  -0.41869
        0.7071067811865 bend  10   14   12
  91 k  0.7071067811865 bend  33   32   30      val=  -0.32358
       -0.7071067811865 bend  28   32   30
  92 k -0.0000054009093 bend  61   60   59      val=   0.15369
       -0.7071040807164 bend  57   60   59
        0.7071094816257 bend  57   61   59
  93 k -0.3014283191756 bend  62    2    1      val=   0.88537
       -0.5064431475307 bend   3    2    1
        0.8078714667063 bend   3   62    1
  94 k  1.0000000000000 bend   6    3    5      val= 124.38783
  95 k  1.0000000000000 bend  24   21   23      val= 124.66720
  96 k  1.0000000000000 bend  39   42   41      val= 124.67663
  97 k  1.0000000000000 bend  46   51   48      val= 124.70312
  98 k  1.0000000000000 bend  28   33   30      val= 124.65778
  99 k  1.0000000000000 bend  15   10   12      val= 124.60713
 100 k  1.0000000000000 bend  33   37   35      val= 124.65192
 101 k  1.0000000000000 bend  19   15   17      val= 124.63291
 102 k  1.0000000000000 bend  51   55   53      val= 124.77441
 103 k  1.0000000000000 bend  42   46   44      val= 124.68588
 104 k  1.0000000000000 bend  28   24   26      val= 124.66286
 105 k  1.0000000000000 bend  10    6    8      val= 124.55124
 106 k  1.0000000000000 bend  55   59   57      val= 124.85279
 107 k  1.0000000000000 bend  37   41   39      val= 124.64406
 108 k  1.0000000000000 bend  23   19   21      val= 124.64765
 109 k  1.0000000000000 bend   5    1    3      val= 124.85092
 110 k  1.0000000000000 bend  41   44   42      val= 124.63041
 111 k  1.0000000000000 bend  53   57   55      val= 124.38618
 112 k  1.0000000000000 bend  26   23   24      val= 124.65639
 113 k  1.0000000000000 bend   8    5    6      val= 124.77298
 114 k  1.0000000000000 bend  21   17   19      val= 124.67313
 115 k  1.0000000000000 bend  35   39   37      val= 124.67128
 116 k  1.0000000000000 bend  12    8   10      val= 124.70084
 117 k  1.0000000000000 bend  44   48   46      val= 124.60475
 118 k  1.0000000000000 bend  30   26   28      val= 124.66169
 119 k  1.0000000000000 bend  48   53   51      val= 124.54960
 120 k  1.0000000000000 bend  30   35   33      val= 124.66629
 121 k  1.0000000000000 bend  17   12   15      val= 124.68330
       121 non zero eigenvalues  of BmBt
           1           4.678667367    1    0
         1
           2           4.651759332    2    0
         2
           3           4.606222519    3    0
         3
           4           4.547843163    4    0
         4
           5           4.467622823    5    0
         5
           6           4.372021084    6    0
         6
           7           4.261789500    7    0
         7
           8           4.137115738    8    0
         8
           9           4.012091474    9    0
         9
          10           3.970332702   10    0
        10
          11           3.956585679   11    0
        11
          12           3.920981135   12    0
        12
          13           3.898613415   13    0
        13
          14           3.834832296   14    0
        14
          15           3.813243325   15    0
        15
          16           3.746945236   16    0
        16
          17           3.699809859   17    0
        17
          18           3.647730565   18    0
        18
          19           3.568446226   19    0
        19
          20           3.501613789   20    0
        20
          21           3.462683521   21    0
        21
          22           3.376789067   22    0
        22
          23           3.312235925   23    0
        23
          24           3.248996670   24    0
        24
          25           3.173629414   25    0
        25
          26           3.122334469   26    0
        26
          27           3.049134125   27    0
        27
          28           2.966021436   28    0
        28
          29           2.935848333   29    0
        29
          30           2.830368235   30    0
        30
          31           2.805512218   31    0
        31
          32           2.631859092   32    0
        32
          33           2.577118838   33    0
        33
          34           2.516683357   34    0
        34
          35           2.482068231   35    0
        35
          36           2.414445000   36    0
        36
          37           2.373432441   37    0
        37
          38           2.322630733   38    0
        38
          39           2.299985210   39    0
        39
          40           2.235107325   40    0
        40
          41           2.182278247   41    0
        41
          42           2.145642470   42    0
        42
          43           2.135208430   43    0
        43
          44           2.098756926   44    0
        44
          45           2.068431283   45    0
        45
          46           2.043011895   46    0
        46
          47           2.024727957   47    0
        47
          48           2.010726002   48    0
        48
          49           2.002711350   49    0
        49
          50           1.965348426   50    0
        50
          51           1.802359631   51    0
        51
          52           1.642697689   52    0
        52
          53           1.500141499   53    0
        53
          54           1.373319376   54    0
        54
          55           1.264259399   55    0
        55
          56           1.173366677   56    0
        56
          57           1.100902560   57    0
        57
          58           1.046454694   58    0
        58
          59           1.008218570   59    0
        59
          60           0.985769524   60    0
        60
          61           0.913962639   61    0
        61
          62           0.850019601   62    0
        62
          63           0.663837014   63    0
        63
          64           0.661960478   64    0
        64
          65           0.658768782   65    0
        65
          66           0.654403494   66    0
        66
          67           0.646783274   67    0
        67
          68           0.639471498   68    0
        68
          69           0.631057124   69    0
        69
          70           0.620539424   70    0
        70
          71           0.610322781   71    0
        71
          72           0.598226130   72    0
        72
          73           0.586460573   73    0
        73
          74           0.573692542   74    0
        74
          75           0.557747806   75    0
        75
          76           0.547617081   76    0
        76
          77           0.530808625   77    0
        77
          78           0.515935750   78    0
        78
          79           0.491640098   79    0
        79
          80           0.477274190   80    0
        80
          81           0.460102460   81    0
        81
          82           0.441518293   82    0
        82
          83           0.423764041   83    0
        83
          84           0.405664930   84    0
        84
          85           0.388002207   85    0
        85
          86           0.371241831   86    0
        86
          87           0.359200476   87    0
        87
          88           0.354801093   88    0
        88
          89           0.341414695   89    0
        89
          90           0.330414771   90    0
        90
          91           0.321618798   91    0
        91
          92           0.316210626   92    0
        92
          93           0.298345662   93    0
        93
          94           0.171126748   94    0
        94
          95           0.168442529   95    0
        95
          96           0.164068227   96    0
        96
          97           0.161457629   97    0
        97
          98           0.150771235   98    0
        98
          99           0.145227324   99    0
        99
         100           0.133534151  100    0
       100
         101           0.132478475  101    0
       101
         102           0.116130085  102    0
       102
         103           0.112607830  103    0
       103
         104           0.103085398  104    0
       104
         105           0.087648209  105    0
       105
         106           0.082268471  106    0
       106
         107           0.069339618  107    0
       107
         108           0.058885129  108    0
       108
         109           0.054214700  109    0
       109
         110           0.039836968  110    0
       110
         111           0.035423748  111    0
       111
         112           0.028198132  112    0
       112
         113           0.018941777  113    0
       113
         114           0.016479728  114    0
       114
         115           0.011676400  115    0
       115
         116           0.006499343  116    0
       116
         117           0.004391921  117    0
       117
         118           0.003048654  118    0
       118
         119           0.001252690  119    0
       119
         120           0.000341031  120    0
       120
         121           0.000047109  121    0
       121
$end
