$coord
    1.36996916611633     -0.22409785885962      0.00000000000000  c
    2.56584214088615      1.44387084045006      0.00000000000000  h
    2.43039034321050     -2.49720148805222      0.00000000000000  c
    1.30475150008216     -4.21224135383693      0.00000000000000  h
    4.46546855899376     -2.72920596313279      0.00000000000000  h
   -1.36997113544715      0.22410179104191      0.00000000000000  c
   -2.56584619754551     -1.44386594006729      0.00000000000000  h
   -2.43039067407462      2.49720437998514      0.00000000000000  c
   -4.46547148485996      2.72919990229779      0.00000000000000  h
   -1.30474221736166      4.21223569017397      0.00000000000000  h
$user-defined bonds
$redundant
     number_of_atoms            10
     degrees_of_freedom         17
     internal_coordinates       17
     frozen_coordinates          0
# definitions of redundant internals
   1 k  1.0000000000000 stre   3    4           val=   2.05144
   2 k  1.0000000000000 stre   8    9           val=   2.04826
   3 k  1.0000000000000 stre   1    3           val=   2.50828
   4 k  1.0000000000000 stre   6    8           val=   2.50828
   5 k  1.0000000000000 stre   1    6           val=   2.77636
   6 k  1.0000000000000 stre   8   10           val=   2.05144
   7 k  1.0000000000000 stre   1    2           val=   2.05237
   8 k  1.0000000000000 stre   6    7           val=   2.05237
   9 k  1.0000000000000 stre   3    5           val=   2.04826
  10 k  0.8164954993247 bend  10    9    8      val=  -2.41856
       -0.4093987000902 bend   6    9    8
       -0.4070967992345 bend   6   10    8
  11 k  0.8164954984349 bend   4    5    3      val=  -2.41902
       -0.4093991729613 bend   1    5    3
       -0.4070963254736 bend   1    4    3
  12 k -0.7071067811865 bend   8    7    6      val=  -1.50117
        0.7071067811865 bend   1    7    6
  13 k -0.7071067811865 bend   3    2    1      val=  -1.50122
        0.7071067811865 bend   6    2    1
  14 k -0.0013295496170 bend   4    5    3      val=   0.10400
       -0.7064410689118 bend   1    5    3
        0.7077706185288 bend   1    4    3
  15 k -0.0013290030787 bend  10    9    8      val=   0.10397
       -0.7064413429515 bend   6    9    8
        0.7077703460302 bend   6   10    8
  16 k  1.0000000000000 bend   6    3    1      val= 124.29960
  17 k  1.0000000000000 bend   1    8    6      val= 124.29957
        17 non zero eigenvalues  of BmBt
           1           4.460486474    1    0
         1
           2           4.074988660    2    0
         2
           3           3.682157280    3    0
         3
           4           3.584260468    4    0
         4
           5           2.622778799    5    0
         5
           6           2.500461912    6    0
         6
           7           2.133349954    7    0
         7
           8           1.508568052    8    0
         8
           9           0.900087571    9    0
         9
          10           0.896334676   10    0
        10
          11           0.661724950   11    0
        11
          12           0.558738045   12    0
        12
          13           0.384153817   13    0
        13
          14           0.375214933   14    0
        14
          15           0.319730072   15    0
        15
          16           0.106177510   16    0
        16
          17           0.040165326   17    0
        17
$end
