$coord
    3.54209642592595      0.84072946450089      0.00000000000000  c
    5.77109153336460     -0.35269689381035      0.00000000000000  c
    1.10215551403168     -0.43494338510468      0.00000000000000  c
   -1.12677216521163      0.75860589483326      0.00000000000000  c
   -3.56677918063755     -0.51695103554689      0.00000000000000  c
    8.21095548808607      0.92312400673973      0.00000000000000  c
   10.44002785259628     -0.27015521643762      0.00000000000000  c
   12.87980465313263      1.00584417893072      0.00000000000000  c
   15.10896242947165     -0.18725042694519      0.00000000000000  c
   17.54862915081560      1.08896966290641      0.00000000000000  c
   19.77790086736510     -0.10389266326729      0.00000000000000  c
   22.21743211340527      1.17253006547170      0.00000000000000  c
   24.44685069839774     -0.02009952203605      0.00000000000000  c
   26.88622195218667      1.25660051182768      0.00000000000000  c
   29.11579392567758      0.06425721667409      0.00000000000000  c
   31.55499816751412      1.34130746138661      0.00000000000000  c
   33.78472875516984      0.14930181351126      0.00000000000000  c
   -5.79564939930536      0.67668029614364      0.00000000000000  c
   -8.23570583262814     -0.59879005206572      0.00000000000000  c
  -10.46453999287977      0.59488684303239      0.00000000000000  c
  -12.90460729904209     -0.68050477541504      0.00000000000000  c
  -15.13345389961742      0.51319347106015      0.00000000000000  c
  -17.57350409530522     -0.76220186660259      0.00000000000000  c
  -19.80237473945802      0.43145149740307      0.00000000000000  c
  -22.24239077516645     -0.84403830156595      0.00000000000000  c
  -24.47129700476640      0.34950402358596      0.00000000000000  c
   36.22374786469065      1.42676628679770      0.00000000000000  c
   38.45367514288281      0.23510794168449      0.00000000000000  c
   40.89248241495587      1.51297164765245      0.00000000000000  c
   43.12260888205146      0.32166015103264      0.00000000000000  c
   45.56120769505012      1.59991413124979      0.00000000000000  c
   47.79152737774361      0.40896077806556      0.00000000000000  c
   50.22992468266410      1.68760375038674      0.00000000000000  c
   52.46043076639012      0.49700189517411      0.00000000000000  c
   54.89863463257396      1.77602928632328      0.00000000000000  c
   57.12931574527947      0.58578123296462      0.00000000000000  c
   59.56732425044546      1.86519954310429      0.00000000000000  c
   61.79819073736776      0.67531881075016      0.00000000000000  c
   64.23600044602418      1.95507257885982      0.00000000000000  c
   66.46706403343597      0.76552667048079      0.00000000000000  c
   68.90467232543097      2.04566341009668      0.00000000000000  c
   71.13591891141056      0.85648719113017      0.00000000000000  c
   73.57334008831246      2.13707851735202      0.00000000000000  c
   75.80475422314255      0.94833072731335      0.00000000000000  c
  -26.91125080513498     -0.92616267871707      0.00000000000000  c
  -29.14023787632806      0.26725036173972      0.00000000000000  c
  -31.58009445494195     -1.00859426294692      0.00000000000000  c
  -33.80918650065483      0.18464794513863      0.00000000000000  c
  -36.24892643295333     -1.09140929990114      0.00000000000000  c
  -38.47813290926894      0.10162212024773      0.00000000000000  c
  -40.91774584459971     -1.17467869471193      0.00000000000000  c
  -43.14707582778259      0.01811909915400      0.00000000000000  c
  -45.58655277804771     -1.25845353003790      0.00000000000000  c
  -47.81601320062973     -0.06592454472831      0.00000000000000  c
  -50.25533553897725     -1.34280287393741      0.00000000000000  c
  -52.48495088638232     -0.15058280944766      0.00000000000000  c
  -54.92409149274343     -1.42775204966117      0.00000000000000  c
  -57.15389590787154     -0.23584422347811      0.00000000000000  c
  -59.59283177193944     -1.51337608006145      0.00000000000000  c
  -61.82283062782010     -0.32183127016918      0.00000000000000  c
  -64.26155635068974     -1.59979542220625      0.00000000000000  c
  -66.49175282879057     -0.40866171071323      0.00000000000000  c
  -68.93025209759517     -1.68711842170692      0.00000000000000  c
  -71.16068005493212     -0.49639757299309      0.00000000000000  c
  -73.59893073114362     -1.77532339267099      0.00000000000000  c
  -75.82959349324196     -0.58501631555468      0.00000000000000  c
  -78.26759830353986     -1.86440337012653      0.00000000000000  c
  -80.49848772550071     -0.67451753757651      0.00000000000000  c
  -82.93625616655625     -1.95435970716689      0.00000000000000  c
  -85.16736276320718     -0.76488355571559      0.00000000000000  c
  -87.60490542899144     -2.04517119956937      0.00000000000000  c
  -89.83621570378361     -0.85610307927034      0.00000000000000  c
  -92.27353459539530     -2.13683487152130      0.00000000000000  c
  -94.50505471606141     -0.94818061088226      0.00000000000000  c
  -96.94214742162943     -2.22929944457641      0.00000000000000  c
  -99.17388834203312     -1.04102504814143      0.00000000000000  c
 -101.61075497777762     -2.32257319802323      0.00000000000000  c
 -103.84270007452714     -1.13470872013517      0.00000000000000  c
 -106.27935774122594     -2.41675239926303      0.00000000000000  c
 -108.51148899121335     -1.22935161699908      0.00000000000000  c
 -110.94794682821797     -2.51201146690609      0.00000000000000  c
 -113.18027413254100     -1.32515675056516      0.00000000000000  c
 -115.61655949810601     -2.60862208276771      0.00000000000000  c
 -117.84903310973377     -1.42260065307394      0.00000000000000  c
 -120.28528901468478     -2.70755107536139      0.00000000000000  c
 -122.51772427978729     -1.52324966519757      0.00000000000000  c
 -124.95453793258666     -2.81189465182160      0.00000000000000  c
 -127.18675307763982     -1.63322809397308      0.00000000000000  c
 -129.62742354592254     -2.93508575071645      0.00000000000000  c
 -131.85537153681398     -1.77676591373886      0.00000000000000  c
   78.24199469750553      2.22950258846371      0.00000000000000  c
   80.47359014466691      1.04127209224008      0.00000000000000  c
   82.91067404822554      2.32322040347559      0.00000000000000  c
   85.14240267065506      1.13579745707253      0.00000000000000  c
   87.57947106465809      2.41920626435142      0.00000000000000  c
   89.81115197158938      1.23348348151528      0.00000000000000  c
   92.24879039427384      2.52056771568503      0.00000000000000  c
   94.48024753899085      1.34046641458807      0.00000000000000  c
   96.92175678078627      2.64075004946373      0.00000000000000  c
   99.14895570173670      1.48099052729214      0.00000000000000  c
 3.98289222261 0.604722969626 -0.25 h
 3.98289222261 0.604722969626 0.25 h
 3.11731090756 0.576992354126 -0.25 h
 3.11731090756 0.576992354126 0.25 h
 3.5260861476 1.34047306975 -0.25 h
 3.5260861476 1.34047306975 0.25 h
 5.33029573668 -0.116690398936 -0.25 h
 5.33029573668 -0.116690398936 0.25 h
 6.19587705173 -0.0889597834352 -0.25 h
 6.19587705173 -0.0889597834352 0.25 h
 5.78710181169 -0.85244049906 -0.25 h
 5.78710181169 -0.85244049906 0.25 h
 0.661372804142 -0.198912449289 -0.25 h
 0.661372804142 -0.198912449289 0.25 h
 1.52695565547 -0.171229828699 -0.25 h
 1.52695565547 -0.171229828699 0.25 h
 1.11813808248 -0.934687877326 -0.25 h
 1.11813808248 -0.934687877326 0.25 h
 -0.685989455322 0.522574959017 -0.25 h
 -0.685989455322 0.522574959017 0.25 h
 -1.55157230665 0.494892338428 -0.25 h
 -1.55157230665 0.494892338428 0.25 h
 -1.14275473366 1.25835038705 -0.25 h
 -1.14275473366 1.25835038705 0.25 h
 -4.00755260537 -0.280902760717 -0.25 h
 -4.00755260537 -0.280902760717 0.25 h
 -3.14196866575 -0.253254189831 -0.25 h
 -3.14196866575 -0.253254189831 0.25 h
 -3.55081627079 -1.01669615609 -0.25 h
 -3.55081627079 -1.01669615609 0.25 h
 8.65176679554 0.687146484029 -0.25 h
 8.65176679554 0.687146484029 0.25 h
 7.78618730497 0.659358977569 -0.25 h
 7.78618730497 0.659358977569 0.25 h
 8.19491236375 1.42286655862 -0.25 h
 8.19491236375 1.42286655862 0.25 h
 9.99921654515 -0.0341776937265 -0.25 h
 9.99921654515 -0.0341776937265 0.25 h
 10.8647960357 -0.00639018726666 -0.25 h
 10.8647960357 -0.00639018726666 0.25 h
 10.4560709769 -0.76989776832 -0.25 h
 10.4560709769 -0.76989776832 0.25 h
 13.3206349124 0.769902062112 -0.25 h
 13.3206349124 0.769902062112 0.25 h
 12.4550576565 0.742045034033 -0.25 h
 12.4550576565 0.742045034033 0.25 h
 12.8637213905 1.50558544065 -0.25 h
 12.8637213905 1.50558544065 0.25 h
 14.6681321702 0.0486916898738 -0.25 h
 14.6681321702 0.0486916898738 0.25 h
 15.5337094261 0.0765487179525 -0.25 h
 15.5337094261 0.0765487179525 0.25 h
 15.1250456921 -0.686991688662 -0.25 h
 15.1250456921 -0.686991688662 0.25 h
 17.9894835361 0.853072628188 -0.25 h
 17.9894835361 0.853072628188 0.25 h
 17.1239091334 0.825127083253 -0.25 h
 17.1239091334 0.825127083253 0.25 h
 17.5324947829 1.58870927728 -0.25 h
 17.5324947829 1.58870927728 0.25 h
 19.3370464821 0.132004371451 -0.25 h
 19.3370464821 0.132004371451 0.25 h
 20.2026208847 0.159949916386 -0.25 h
 20.2026208847 0.159949916386 0.25 h
 19.7940352353 -0.603632277639 -0.25 h
 19.7940352353 -0.603632277639 0.25 h
 22.6583121068 0.936680894636 -0.25 h
 22.6583121068 0.936680894636 0.25 h
 21.7927407433 0.90864137655 -0.25 h
 21.7927407433 0.90864137655 0.25 h
 22.2012434901 1.67226792523 -0.25 h
 22.2012434901 1.67226792523 0.25 h
 24.005970705 0.2157496488 -0.25 h
 24.005970705 0.2157496488 0.25 h
 24.8715420685 0.243789166885 -0.25 h
 24.8715420685 0.243789166885 0.25 h
 24.4630393217 -0.519837381794 -0.25 h
 24.4630393217 -0.519837381794 0.25 h
 27.3271322391 1.02080797827 -0.25 h
 27.3271322391 1.02080797827 0.25 h
 26.4615644846 0.992657269339 -0.25 h
 26.4615644846 0.992657269339 0.25 h
 26.8699691328 1.75633628788 -0.25 h
 26.8699691328 1.75633628788 0.25 h
 28.6748836388 0.300049750233 -0.25 h
 28.6748836388 0.300049750233 0.25 h
 29.5404513932 0.328200459163 -0.25 h
 29.5404513932 0.328200459163 0.25 h
 29.1320467451 -0.435478559374 -0.25 h
 29.1320467451 -0.435478559374 0.25 h
 31.9959431929 1.10557989701 -0.25 h
 31.9959431929 1.10557989701 0.25 h
 31.1303795957 1.07730164993 -0.25 h
 31.1303795957 1.07730164993 0.25 h
 31.538671714 1.84104083721 -0.25 h
 31.538671714 1.84104083721 0.25 h
 33.3437837298 0.385029377885 -0.25 h
 33.3437837298 0.385029377885 0.25 h
 34.209347327 0.413307624963 -0.25 h
 34.209347327 0.413307624963 0.25 h
 33.8010552087 -0.350431562314 -0.25 h
 33.8010552087 -0.350431562314 0.25 h
 -5.35487597457 0.440632021314 -0.25 h
 -5.35487597457 0.440632021314 0.25 h
 -6.22045991419 0.412983450428 -0.25 h
 -6.22045991419 0.412983450428 0.25 h
 -5.81161230915 1.17642541669 -0.25 h
 -5.81161230915 1.17642541669 0.25 h
 -8.67647391802 -0.36273180735 -0.25 h
 -8.67647391802 -0.36273180735 0.25 h
 -7.81088935323 -0.335102815295 -0.25 h
 -7.81088935323 -0.335102815295 0.25 h
 -8.21975422663 -1.09853553355 -0.25 h
 -8.21975422663 -1.09853553355 0.25 h
 -10.0237719075 0.358828598317 -0.25 h
 -10.0237719075 0.358828598317 0.25 h
 -10.8893564723 0.331199606262 -0.25 h
 -10.8893564723 0.331199606262 0.25 h
 -10.4804915989 1.09463232452 -0.25 h
 -10.4804915989 1.09463232452 0.25 h
 -13.3453741755 -0.444444273367 -0.25 h
 -13.3453741755 -0.444444273367 0.25 h
 -12.4797894692 -0.416819714289 -0.25 h
 -12.4797894692 -0.416819714289 0.25 h
 -12.8886582524 -1.18025033859 -0.25 h
 -12.8886582524 -1.18025033859 0.25 h
 -14.6926870232 0.277132969012 -0.25 h
 -14.6926870232 0.277132969012 0.25 h
 -15.5582717294 0.249508409934 -0.25 h
 -15.5582717294 0.249508409934 0.25 h
 -15.1494029462 1.01293903423 -0.25 h
 -15.1494029462 1.01293903423 0.25 h
 -18.0142757255 -0.526150240854 -0.25 h
 -18.0142757255 -0.526150240854 0.25 h
 -17.1486915757 -0.498508250464 -0.25 h
 -17.1486915757 -0.498508250464 0.25 h
 -17.5575449847 -1.26194710849 -0.25 h
 -17.5575449847 -1.26194710849 0.25 h
 -19.3616031093 0.195399871654 -0.25 h
 -19.3616031093 0.195399871654 0.25 h
 -20.2271872591 0.167757881264 -0.25 h
 -20.2271872591 0.167757881264 0.25 h
 -19.8183338501 0.93119673929 -0.25 h
 -19.8183338501 0.93119673929 0.25 h
 -22.6831731122 -0.608006669372 -0.25 h
 -22.6831731122 -0.608006669372 0.25 h
 -21.8175902171 -0.580325416288 -0.25 h
 -21.8175902171 -0.580325416288 0.25 h
 -22.2264089962 -1.34378281904 -0.25 h
 -22.2264089962 -1.34378281904 0.25 h
 -24.0305146678 0.113472391392 -0.25 h
 -24.0305146678 0.113472391392 0.25 h
 -24.8960975628 0.0857911383084 -0.25 h
 -24.8960975628 0.0857911383084 0.25 h
 -24.4872787837 0.849248541057 -0.25 h
 -24.4872787837 0.849248541057 0.25 h
 36.6647300859 1.19110831307 -0.25 h
 36.6647300859 1.19110831307 0.25 h
 35.7991709622 1.16269346748 -0.25 h
 35.7991709622 1.16269346748 0.25 h
 36.2073425459 1.92649707984 -0.25 h
 36.2073425459 1.92649707984 0.25 h
 38.0126929217 0.470765915414 -0.25 h
 38.0126929217 0.470765915414 0.25 h
 38.8782520453 0.499180760999 -0.25 h
 38.8782520453 0.499180760999 0.25 h
 38.4700804616 -0.26462285136 -0.25 h
 38.4700804616 -0.26462285136 0.25 h
 41.3335018931 1.27738340534 -0.25 h
 41.3335018931 1.27738340534 0.25 h
 40.4679472732 1.24883169719 -0.25 h
 40.4679472732 1.24883169719 0.25 h
 40.8759980786 2.01269984043 -0.25 h
 40.8759980786 2.01269984043 0.25 h
 42.6815894039 0.557248393346 -0.25 h
 42.6815894039 0.557248393346 0.25 h
 43.5471440238 0.585800101494 -0.25 h
 43.5471440238 0.585800101494 0.25 h
 43.1390932184 -0.178068041742 -0.25 h
 43.1390932184 -0.178068041742 0.25 h
 46.0022650847 1.36439687279 -0.25 h
 46.0022650847 1.36439687279 0.25 h
 45.1367150714 1.33570585651 -0.25 h
 45.1367150714 1.33570585651 0.25 h
 45.5446429291 2.09963966445 -0.25 h
 45.5446429291 2.09963966445 0.25 h
 47.3504699881 0.644478036524 -0.25 h
 47.3504699881 0.644478036524 0.25 h
 48.2160200014 0.673169052803 -0.25 h
 48.2160200014 0.673169052803 0.25 h
 47.8080921437 -0.0907647551307 -0.25 h
 47.8080921437 -0.0907647551307 0.25 h
 50.6710191276 1.45215589919 -0.25 h
 50.6710191276 1.45215589919 0.25 h
 49.8054736398 1.42332868119 -0.25 h
 49.8054736398 1.42332868119 0.25 h
 50.2132812806 2.18732667078 -0.25 h
 50.2132812806 2.18732667078 0.25 h
 52.0193363214 0.732449746367 -0.25 h
 52.0193363214 0.732449746367 0.25 h
 52.8848818093 0.761276964376 -0.25 h
 52.8848818093 0.761276964376 0.25 h
 52.4770741685 -0.00272102522007 -0.25 h
 52.4770741685 -0.00272102522007 0.25 h
 55.3397658128 1.54065026889 -0.25 h
 55.3397658128 1.54065026889 0.25 h
 54.4742248339 1.51168798658 -0.25 h
 54.4742248339 1.51168798658 0.25 h
 54.8819132511 2.2757496035 -0.25 h
 54.8819132511 2.2757496035 0.25 h
 56.6881845651 0.821160250399 -0.25 h
 56.6881845651 0.821160250399 0.25 h
 57.553725544 0.850122532709 -0.25 h
 57.553725544 0.850122532709 0.25 h
 57.1460371268 0.086060915786 -0.25 h
 57.1460371268 0.086060915786 0.25 h
 60.0084937188 1.62989229672 -0.25 h
 60.0084937188 1.62989229672 0.25 h
 59.1429574632 1.60078919934 -0.25 h
 59.1429574632 1.60078919934 0.25 h
 59.5505215693 2.36491713326 -0.25 h
 59.5505215693 2.36491713326 0.25 h
 61.357021269 0.910626057133 -0.25 h
 61.357021269 0.910626057133 0.25 h
 62.2225575246 0.939729154519 -0.25 h
 62.2225575246 0.939729154519 0.25 h
 61.8149934185 0.175601220598 -0.25 h
 61.8149934185 0.175601220598 0.25 h
 64.6772060364 1.71983306898 -0.25 h
 64.6772060364 1.71983306898 0.25 h
 63.8116742593 1.69059708423 -0.25 h
 63.8116742593 1.69059708423 0.25 h
 64.2191210424 2.45478758337 -0.25 h
 64.2191210424 2.45478758337 0.25 h
 66.025858443 1.00076618036 -0.25 h
 66.025858443 1.00076618036 0.25 h
 66.8913902202 1.03000216511 -0.25 h
 66.8913902202 1.03000216511 0.25 h
 66.4839434371 0.265811665971 -0.25 h
 66.4839434371 0.265811665971 0.25 h
 69.3459162719 1.81049585345 -0.25 h
 69.3459162719 1.81049585345 0.25 h
 68.480389274 1.78111872151 -0.25 h
 68.480389274 1.78111872151 0.25 h
 68.8877114304 2.54537565533 -0.25 h
 68.8877114304 2.54537565533 0.25 h
 70.6946749649 1.09165474778 -0.25 h
 70.6946749649 1.09165474778 0.25 h
 71.5602019629 1.12103187972 -0.25 h
 71.5602019629 1.12103187972 0.25 h
 71.1528798064 0.356774945893 -0.25 h
 71.1528798064 0.356774945893 0.25 h
 74.0146265245 1.90199070126 -0.25 h
 74.0146265245 1.90199070126 0.25 h
 73.1491048494 1.87245716135 -0.25 h
 73.1491048494 1.87245716135 0.25 h
 73.5562888911 2.63678768944 -0.25 h
 73.5562888911 2.63678768944 0.25 h
 75.363467787 1.1834185434 -0.25 h
 75.363467787 1.1834185434 0.25 h
 76.2289894621 1.21295208332 -0.25 h
 76.2289894621 1.21295208332 0.25 h
 75.8218054204 0.448621555221 -0.25 h
 75.8218054204 0.448621555221 0.25 h
 -27.3520473437 -0.690157569448 -0.25 h
 -27.3520473437 -0.690157569448 0.25 h
 -26.4864661158 -0.662424233066 -0.25 h
 -26.4864661158 -0.662424233066 0.25 h
 -26.8952389559 -1.42590623364 -0.25 h
 -26.8952389559 -1.42590623364 0.25 h
 -28.6994413378 0.0312452524709 -0.25 h
 -28.6994413378 0.0312452524709 0.25 h
 -29.5650225657 0.00351191608822 -0.25 h
 -29.5650225657 0.00351191608822 0.25 h
 -29.1562497256 0.76699391666 -0.25 h
 -29.1562497256 0.76699391666 0.25 h
 -32.020909675 -0.772624049187 -0.25 h
 -32.020909675 -0.772624049187 0.25 h
 -31.1553306453 -0.744822190898 -0.25 h
 -31.1553306453 -0.744822190898 0.25 h
 -31.5640430446 -1.50833654876 -0.25 h
 -31.5640430446 -1.50833654876 0.25 h
 -33.3683712806 -0.0513222686212 -0.25 h
 -33.3683712806 -0.0513222686212 0.25 h
 -34.2339503103 -0.0791241269102 -0.25 h
 -34.2339503103 -0.0791241269102 0.25 h
 -33.825237911 0.684390230947 -0.25 h
 -33.825237911 0.684390230947 0.25 h
 -36.6897640351 -0.855480902889 -0.25 h
 -36.6897640351 -0.855480902889 0.25 h
 -35.8241876466 -0.827596935988 -0.25 h
 -35.8241876466 -0.827596935988 0.25 h
 -36.2328276172 -1.59115006083 -0.25 h
 -36.2328276172 -1.59115006083 0.25 h
 -38.0372953071 -0.134306276765 -0.25 h
 -38.0372953071 -0.134306276765 0.25 h
 -38.9028716956 -0.162190243665 -0.25 h
 -38.9028716956 -0.162190243665 0.25 h
 -38.4942317251 0.601362881173 -0.25 h
 -38.4942317251 0.601362881173 0.25 h
 -41.3586081031 -0.938796374346 -0.25 h
 -41.3586081031 -0.938796374346 0.25 h
 -40.4930346336 -0.910821939495 -0.25 h
 -40.4930346336 -0.910821939495 0.25 h
 -40.9015947971 -1.6744177703 -0.25 h
 -40.9015947971 -1.6744177703 0.25 h
 -42.7062135693 -0.217763221212 -0.25 h
 -42.7062135693 -0.217763221212 0.25 h
 -43.5717870388 -0.245737656063 -0.25 h
 -43.5717870388 -0.245737656063 0.25 h
 -43.1632268753 0.517858174737 -0.25 h
 -43.1632268753 0.517858174737 0.25 h
 -46.0274428867 -1.0226232688 -0.25 h
 -46.0274428867 -1.0226232688 0.25 h
 -45.1618727265 -0.994546626308 -0.25 h
 -45.1618727265 -0.994546626308 0.25 h
 -45.5703427209 -1.758190695 -0.25 h
 -45.5703427209 -1.758190695 0.25 h
 -47.375123092 -0.301754805965 -0.25 h
 -47.375123092 -0.301754805965 0.25 h
 -48.2406932522 -0.329831448458 -0.25 h
 -48.2406932522 -0.329831448458 0.25 h
 -47.8322232577 0.433812620238 -0.25 h
 -47.8322232577 0.433812620238 0.25 h
 -50.6962578671 -1.10703285776 -0.25 h
 -50.6962578671 -1.10703285776 0.25 h
 -49.8306915514 -1.07883794474 -0.25 h
 -49.8306915514 -1.07883794474 0.25 h
 -50.2390571984 -1.84253781931 -0.25 h
 -50.2390571984 -1.84253781931 0.25 h
 -52.0440285582 -0.386352825621 -0.25 h
 -52.0440285582 -0.386352825621 0.25 h
 -52.9095948739 -0.414547738647 -0.25 h
 -52.9095948739 -0.414547738647 0.25 h
 -52.501229227 0.349152135925 -0.25 h
 -52.501229227 0.349152135925 0.25 h
 -55.3650478057 -1.19204560076 -0.25 h
 -55.3650478057 -1.19204560076 0.25 h
 -54.4994855637 -1.16372590512 -0.25 h
 -54.4994855637 -1.16372590512 0.25 h
 -54.9077411088 -1.9274846431 -0.25 h
 -54.9077411088 -1.9274846431 0.25 h
 -56.7129395949 -0.471550672378 -0.25 h
 -56.7129395949 -0.471550672378 0.25 h
 -57.5785018369 -0.499870368018 -0.25 h
 -57.5785018369 -0.499870368018 0.25 h
 -57.1702462918 0.263888369962 -0.25 h
 -57.1702462918 0.263888369962 0.25 h
 -60.0338264699 -1.27774145533 -0.25 h
 -60.0338264699 -1.27774145533 0.25 h
 -59.1682688519 -1.24928078106 -0.25 h
 -59.1682688519 -1.24928078106 0.25 h
 -59.576399994 -2.01310600379 -0.25 h
 -59.576399994 -2.01310600379 0.25 h
 -61.3818359299 -0.557465894896 -0.25 h
 -61.3818359299 -0.557465894896 0.25 h
 -62.2473935478 -0.585926569175 -0.25 h
 -62.2473935478 -0.585926569175 0.25 h
 -61.8392624058 0.177898653563 -0.25 h
 -61.8392624058 0.177898653563 0.25 h
 -64.7025935129 -1.36424028743 -0.25 h
 -64.7025935129 -1.36424028743 0.25 h
 -63.8370410389 -1.33562360308 -0.25 h
 -63.8370410389 -1.33562360308 0.25 h
 -64.2450345003 -2.09952237611 -0.25 h
 -64.2450345003 -2.09952237611 0.25 h
 -66.0507156665 -0.644216845487 -0.25 h
 -66.0507156665 -0.644216845487 0.25 h
 -66.9162681406 -0.672833529844 -0.25 h
 -66.9162681406 -0.672833529844 0.25 h
 -66.5082746792 0.0910652431914 -0.25 h
 -66.5082746792 0.0910652431914 0.25 h
 -69.3713333404 -1.45164583894 -0.25 h
 -69.3713333404 -1.45164583894 0.25 h
 -68.5057862376 -1.42286715168 -0.25 h
 -68.5057862376 -1.42286715168 0.25 h
 -68.9136367148 -2.1868422745 -0.25 h
 -68.9136367148 -2.1868422745 0.25 h
 -70.7195988121 -0.731870155763 -0.25 h
 -70.7195988121 -0.731870155763 0.25 h
 -71.5851459149 -0.760648843019 -0.25 h
 -71.5851459149 -0.760648843019 0.25 h
 -71.1772954378 0.00332627980291 -0.25 h
 -71.1772954378 0.00332627980291 0.25 h
 -74.0400562591 -1.53993378256 -0.25 h
 -74.0400562591 -1.53993378256 0.25 h
 -73.174514585 -1.51099228423 -0.25 h
 -73.174514585 -1.51099228423 0.25 h
 -73.5822213493 -2.27504411123 -0.25 h
 -73.5822213493 -2.27504411123 0.25 h
 -75.3884679652 -0.82040592567 -0.25 h
 -75.3884679652 -0.82040592567 0.25 h
 -76.2540096394 -0.849347423999 -0.25 h
 -76.2540096394 -0.849347423999 0.25 h
 -75.8463028751 -0.0852955969946 -0.25 h
 -75.8463028751 -0.0852955969946 0.25 h
 -78.7087683576 -1.62909722187 -0.25 h
 -78.7087683576 -1.62909722187 0.25 h
 -77.8432321745 -1.59999197005 -0.25 h
 -77.8432321745 -1.59999197005 0.25 h
 -78.2507943786 -2.36412091845 -0.25 h
 -78.2507943786 -2.36412091845 0.25 h
 -80.0573176714 -0.909823685831 -0.25 h
 -80.0573176714 -0.909823685831 0.25 h
 -80.9228538546 -0.938928937648 -0.25 h
 -80.9228538546 -0.938928937648 0.25 h
 -80.5152916505 -0.17479998925 -0.25 h
 -80.5152916505 -0.17479998925 0.25 h
 -83.3774693664 -1.71913446976 -0.25 h
 -83.3774693664 -1.71913446976 0.25 h
 -82.5119385354 -1.68987048635 -0.25 h
 -82.5119385354 -1.68987048635 0.25 h
 -82.9193605979 -2.45407416539 -0.25 h
 -82.9193605979 -2.45407416539 0.25 h
 -84.7261495634 -1.00010879312 -0.25 h
 -84.7261495634 -1.00010879312 0.25 h
 -85.5916803943 -1.02937277653 -0.25 h
 -85.5916803943 -1.02937277653 0.25 h
 -85.1842583319 -0.265169097491 -0.25 h
 -85.1842583319 -0.265169097491 0.25 h
 -88.046161034 -1.81002551913 -0.25 h
 -88.046161034 -1.81002551913 0.25 h
 -87.1806354936 -1.78060547627 -0.25 h
 -87.1806354936 -1.78060547627 0.25 h
 -87.5879197593 -2.54488260331 -0.25 h
 -87.5879197593 -2.54488260331 0.25 h
 -89.3949600988 -1.09124875971 -0.25 h
 -89.3949600988 -1.09124875971 0.25 h
 -90.2604856392 -1.12066880257 -0.25 h
 -90.2604856392 -1.12066880257 0.25 h
 -89.8532013734 -0.356391675532 -0.25 h
 -89.8532013734 -0.356391675532 0.25 h
 -92.7148333396 -1.90177016043 -0.25 h
 -92.7148333396 -1.90177016043 0.25 h
 -91.849313212 -1.87219130397 -0.25 h
 -91.849313212 -1.87219130397 0.25 h
 -92.2564572347 -2.63654315017 -0.25 h
 -92.2564572347 -2.63654315017 0.25 h
 -94.0637559719 -1.18324532198 -0.25 h
 -94.0637559719 -1.18324532198 0.25 h
 -94.9292760995 -1.21282417844 -0.25 h
 -94.9292760995 -1.21282417844 0.25 h
 -94.5221320768 -0.448472332233 -0.25 h
 -94.5221320768 -0.448472332233 0.25 h
 -97.38348698 -1.99431137203 -0.25 h
 -97.38348698 -1.99431137203 0.25 h
 -96.517972002 -1.96458221163 -0.25 h
 -96.517972002 -1.96458221163 0.25 h
 -96.9249832829 -2.72900475007 -0.25 h
 -96.9249832829 -2.72900475007 0.25 h
 -98.7325487837 -1.27601312069 -0.25 h
 -98.7325487837 -1.27601312069 0.25 h
 -99.5980637616 -1.30574228109 -0.25 h
 -99.5980637616 -1.30574228109 0.25 h
 -99.1910524808 -0.541319742646 -0.25 h
 -99.1910524808 -0.541319742646 0.25 h
 -102.052137076 -2.08766503823 -0.25 h
 -102.052137076 -2.08766503823 0.25 h
 -101.186627495 -2.05777916825 -0.25 h
 -101.186627495 -2.05777916825 0.25 h
 -101.593500363 -2.82227538759 -0.25 h
 -101.593500363 -2.82227538759 0.25 h
 -103.401317976 -1.36961687992 -0.25 h
 -103.401317976 -1.36961687992 0.25 h
 -104.266827557 -1.39950274991 -0.25 h
 -104.266827557 -1.39950274991 0.25 h
 -103.85995469 -0.635006530568 -0.25 h
 -103.85995469 -0.635006530568 0.25 h
 -106.720785988 -2.18193097203 -0.25 h
 -106.720785988 -2.18193097203 0.25 h
 -105.855282296 -2.15187503697 -0.25 h
 -105.855282296 -2.15187503697 0.25 h
 -106.262004939 -2.91645118879 -0.25 h
 -106.262004939 -2.91645118879 0.25 h
 -108.070060744 -1.46417304423 -0.25 h
 -108.070060744 -1.46417304423 0.25 h
 -108.935564436 -1.4942289793 -0.25 h
 -108.935564436 -1.4942289793 0.25 h
 -108.528841793 -0.729652827471 -0.25 h
 -108.528841793 -0.729652827471 0.25 h
 -111.389428393 -2.27729029653 -0.25 h
 -111.389428393 -2.27729029653 0.25 h
 -110.523931549 -2.24703780155 -0.25 h
 -110.523931549 -2.24703780155 0.25 h
 -110.930480542 -3.01170630263 -0.25 h
 -110.930480542 -3.01170630263 0.25 h
 -112.738792568 -1.55987792094 -0.25 h
 -112.738792568 -1.55987792094 0.25 h
 -113.604289411 -1.59013041592 -0.25 h
 -113.604289411 -1.59013041592 0.25 h
 -113.197740419 -0.825461914841 -0.25 h
 -113.197740419 -0.825461914841 0.25 h
 -116.058115733 -2.37404141195 -0.25 h
 -116.058115733 -2.37404141195 0.25 h
 -115.19262856 -2.34351350126 -0.25 h
 -115.19262856 -2.34351350126 0.25 h
 -115.598934201 -3.10831133509 -0.25 h
 -115.598934201 -3.10831133509 0.25 h
 -117.407476874 -1.6571813239 -0.25 h
 -117.407476874 -1.6571813239 0.25 h
 -118.272964048 -1.68770923458 -0.25 h
 -118.272964048 -1.68770923458 0.25 h
 -117.866658407 -0.922911400748 -0.25 h
 -117.866658407 -0.922911400748 0.25 h
 -120.726984501 -2.4732327077 -0.25 h
 -120.726984501 -2.4732327077 0.25 h
 -119.861515613 -2.44219074736 -0.25 h
 -119.861515613 -2.44219074736 0.25 h
 -120.267366931 -3.20722977102 -0.25 h
 -120.267366931 -3.20722977102 0.25 h
 -122.076028794 -1.75756803286 -0.25 h
 -122.076028794 -1.75756803286 0.25 h
 -122.941497682 -1.7886099932 -0.25 h
 -122.941497682 -1.7886099932 0.25 h
 -122.535646364 -1.02357096953 -0.25 h
 -122.535646364 -1.02357096953 0.25 h
 -125.396685084 -2.57842967312 -0.25 h
 -125.396685084 -2.57842967312 0.25 h
 -124.531277754 -2.54571647563 -0.25 h
 -124.531277754 -2.54571647563 0.25 h
 -124.935650959 -3.31153780672 -0.25 h
 -124.935650959 -3.31153780672 0.25 h
 -126.744605926 -1.86669307268 -0.25 h
 -126.744605926 -1.86669307268 0.25 h
 -127.610013256 -1.89940627017 -0.25 h
 -127.610013256 -1.89940627017 0.25 h
 -127.205640051 -1.13358493907 -0.25 h
 -127.205640051 -1.13358493907 0.25 h
 -130.071049315 -2.70444278655 -0.25 h
 -130.071049315 -2.70444278655 0.25 h
 -129.205867995 -2.66621604692 -0.25 h
 -129.205867995 -2.66621604692 0.25 h
 -129.605353328 -3.43459841868 -0.25 h
 -129.605353328 -3.43459841868 0.25 h
 -131.411745768 -2.00740887791 -0.25 h
 -131.411745768 -2.00740887791 0.25 h
 -132.276927088 -2.04563561754 -0.25 h
 -132.276927088 -2.04563561754 0.25 h
 -131.877441755 -1.27725324577 -0.25 h
 -131.877441755 -1.27725324577 0.25 h
 78.6833315028 1.99450934546 -0.25 h
 78.6833315028 1.99450934546 0.25 h
 77.8178161767 1.96479032492 -0.25 h
 77.8178161767 1.96479032492 0.25 h
 78.224836413 2.72920809501 -0.25 h
 78.224836413 2.72920809501 0.25 h
 80.0322533393 1.27626533524 -0.25 h
 80.0322533393 1.27626533524 0.25 h
 80.8977686655 1.30598435578 -0.25 h
 80.8977686655 1.30598435578 0.25 h
 80.4907484292 0.541566585694 -0.25 h
 80.4907484292 0.541566585694 0.25 h
 83.3520829115 2.08836254138 -0.25 h
 83.3520829115 2.08836254138 0.25 h
 82.4865767417 2.05837804544 -0.25 h
 82.4865767417 2.05837804544 0.25 h
 82.8933624914 2.82292062361 -0.25 h
 82.8933624914 2.82292062361 0.25 h
 84.7009938073 1.37065531917 -0.25 h
 84.7009938073 1.37065531917 0.25 h
 85.5664999772 1.40063981511 -0.25 h
 85.5664999772 1.40063981511 0.25 h
 85.1597142275 0.636097236939 -0.25 h
 85.1597142275 0.636097236939 0.25 h
 88.0210172588 2.18460669394 -0.25 h
 88.0210172588 2.18460669394 0.25 h
 87.1555287799 2.15411582849 -0.25 h
 87.1555287799 2.15411582849 0.25 h
 87.5618671553 2.91889627063 -0.25 h
 87.5618671553 2.91889627063 0.25 h
 89.3696057774 1.46808305193 -0.25 h
 89.3696057774 1.46808305193 0.25 h
 90.2350942564 1.49857391738 -0.25 h
 90.2350942564 1.49857391738 0.25 h
 89.828755881 0.733793475237 -0.25 h
 89.828755881 0.733793475237 0.25 h
 92.6907873782 2.28681856344 -0.25 h
 92.6907873782 2.28681856344 0.25 h
 91.8253591983 2.25466167531 -0.25 h
 91.8253591983 2.25466167531 0.25 h
 92.2302246063 3.02022290831 -0.25 h
 92.2302246063 3.02022290831 0.25 h
 94.038250555 1.57421556683 -0.25 h
 94.038250555 1.57421556683 0.25 h
 94.9036787349 1.60637245497 -0.25 h
 94.9036787349 1.60637245497 0.25 h
 94.498813327 0.840811221965 -0.25 h
 94.498813327 0.840811221965 0.25 h
 97.3652333932 2.40982041888 -0.25 h
 97.3652333932 2.40982041888 0.25 h
 96.500027548 2.37215285246 -0.25 h
 96.500027548 2.37215285246 0.25 h
 96.9000094012 3.14027687705 -0.25 h
 96.9000094012 3.14027687705 0.25 h
 98.7054790894 1.71192015788 -0.25 h
 98.7054790894 1.71192015788 0.25 h
 99.5706849345 1.74958772429 -0.25 h
 99.5706849345 1.74958772429 0.25 h
 99.1707030813 0.981463699704 -0.25 h
 99.1707030813 0.981463699704 0.25 h
$user-defined bonds
$end
