$energy      SCF               SCFKIN            SCFPOT
     1 -310.1672950503      307.2644085772     -617.4317036275
     2 -310.1699581791      307.0475466904     -617.2175048694
     3 -310.1701069832      307.0016270387     -617.1717340218
     4 -310.1701225293      306.9933018848     -617.1634244141
     5 -310.1701239580      306.9934099062     -617.1635338642
     6 -310.1701241337      306.9939503861     -617.1640745198
     7 -310.1701241919      306.9942398137     -617.1643640055
     8 -310.1701241116      306.9940743928     -617.1641985045
     9 -310.1339333133      307.0097854112     -617.1437187245
    10 -310.1339333115      307.0093290326     -617.1432623442
    11 -310.1351912075      306.7773751973     -616.9125664048
    12 -310.1352661455      306.7381770360     -616.8734431815
    13 -310.1352765247      306.7327589025     -616.8680354272
    14 -310.1352795362      306.7357408744     -616.8710204106
    15 -310.1352800697      306.7362540383     -616.8715341080
    16 -310.1352803205      306.7366783471     -616.8719586676
$end
