$grad          cartesian gradients
  cycle =      1    SCF energy =     -310.1672950503   |dE/dxyz| =  0.069287
    1.20760135427760      0.66742740082010      0.00000000000000      c
    1.12342761781477      2.71830592719869      0.00000000000000      h
    3.45926953319709     -0.47124447942270      0.00000000000000      c
    3.54767573675312     -2.52204582763061      0.00000000000000      h
   -1.20760135428858     -0.66742740102146      0.00000000000000      c
   -1.12342761788780     -2.71830592740155      0.00000000000000      h
   -3.45926953317249      0.47124447930082      0.00000000000000      c
   -3.54767573667226      2.52204582751141      0.00000000000000      h
   -5.87758056081904     -0.87322321043039      0.00000000000000      c
   -5.77998295304280     -2.92301664117848      0.00000000000000      h
   -8.12471506048327      0.24681098586014      0.00000000000000      c
   -9.86074053506649     -0.83972891884306      0.00000000000000      h
   -8.31181309444299      2.28948515594375      0.00000000000000      h
    5.87758056077053      0.87322321043221      0.00000000000000      c
    5.77998295290777      2.92301664117629      0.00000000000000      h
    8.12471506052110     -0.24681098568839      0.00000000000000      c
    9.86074053502589      0.83972891913487      0.00000000000000      h
    8.31181309460789     -2.28948515576169      0.00000000000000      h
  0.26562150119100D-01  0.47000018337447D-02  0.00000000000000D+00
  0.59620474005702D-03  -.87217356488862D-02  0.00000000000000D+00
  -.25520512301557D-01  -.41396743808468D-02  0.00000000000000D+00
  -.60055892555446D-03  0.86620602671249D-02  0.00000000000000D+00
  -.26562150114973D-01  -.47000018385024D-02  0.00000000000000D+00
  -.59620474171532D-03  0.87217356496641D-02  0.00000000000000D+00
  0.25520512302548D-01  0.41396743815411D-02  0.00000000000000D+00
  0.60055892290324D-03  -.86620602664989D-02  0.00000000000000D+00
  -.22617658697030D-01  -.55304850823648D-02  0.00000000000000D+00
  -.11115065108553D-02  0.86784889321110D-02  0.00000000000000D+00
  0.87293551546799D-02  -.39988863829146D-02  0.00000000000000D+00
  0.70568132577022D-02  0.45112762418586D-02  0.00000000000000D+00
  0.31132838715043D-03  -.84469323461639D-02  0.00000000000000D+00
  0.22617658689077D-01  0.55304850784030D-02  0.00000000000000D+00
  0.11115065150503D-02  -.86784889321819D-02  0.00000000000000D+00
  -.87293551527900D-02  0.39988863868203D-02  0.00000000000000D+00
  -.70568132579316D-02  -.45112762423073D-02  0.00000000000000D+00
  -.31132839032189D-03  0.84469323464179D-02  0.00000000000000D+00
  cycle =      2    SCF energy =     -310.1699581791   |dE/dxyz| =  0.017460
    1.19232216026377      0.66303570418577      0.00000000000000      c
    1.09570302869306      2.73214277540175      0.00000000000000      h
    3.47627281073304     -0.47460106204346      0.00000000000000      c
    3.57590519262764     -2.54358847720906      0.00000000000000      h
   -1.19232216056157     -0.66303570702408      0.00000000000000      c
   -1.09570302948252     -2.73214277826099      0.00000000000000      h
   -3.47627281051595      0.47460105964229      0.00000000000000      c
   -3.57590519322862      2.54358847482478      0.00000000000000      h
   -5.86857753974396     -0.86268666020147      0.00000000000000      c
   -5.75489502151802     -2.93078691777061      0.00000000000000      h
   -8.14362914740178      0.25684865008506      0.00000000000000      c
   -9.88689639471478     -0.85394365623822      0.00000000000000      h
   -8.33156394577409      2.31808383178182      0.00000000000000      h
    5.86857753941806      0.86268665926849      0.00000000000000      c
    5.75489501818623      2.93078691657166      0.00000000000000      h
    8.14362914916622     -0.25684864748052      0.00000000000000      c
    9.88689639378370      0.85394366325119      0.00000000000000      h
    8.33156395006961     -2.31808382878446      0.00000000000000      h
  0.72204306138793D-02  0.19334792839912D-03  0.00000000000000D+00
  -.76871906685193D-03  -.19437698452948D-02  0.00000000000000D+00
  -.73746421089274D-02  -.29285044579727D-03  0.00000000000000D+00
  0.68740476977901D-03  0.19058484867463D-02  0.00000000000000D+00
  -.72204307587286D-02  -.19334789611651D-03  0.00000000000000D+00
  0.76871905780625D-03  0.19437698431007D-02  0.00000000000000D+00
  0.73746422017794D-02  0.29285038829724D-03  0.00000000000000D+00
  -.68740485324502D-03  -.19058484698386D-02  0.00000000000000D+00
  -.52393554492502D-02  -.10047194018969D-02  0.00000000000000D+00
  0.41828761920187D-03  0.17443632229019D-02  0.00000000000000D+00
  0.17570852148892D-02  0.10518901304032D-03  0.00000000000000D+00
  0.93366371687927D-03  0.17322516541343D-03  0.00000000000000D+00
  0.11911612330496D-03  -.12715196520959D-02  0.00000000000000D+00
  0.52393554169029D-02  0.10047194926366D-02  0.00000000000000D+00
  -.41828764748035D-03  -.17443632719566D-02  0.00000000000000D+00
  -.17570849156917D-02  -.10518917937667D-03  0.00000000000000D+00
  -.93366372838298D-03  -.17322505692383D-03  0.00000000000000D+00
  -.11911621068543D-03  0.12715196896390D-02  0.00000000000000D+00
  cycle =      3    SCF energy =     -310.1701069832   |dE/dxyz| =  0.003303
    1.18802141301786      0.66319465102412      0.00000000000000      c
    1.09546806311969      2.73680358750932      0.00000000000000      h
    3.48168342930156     -0.47500264619675      0.00000000000000      c
    3.57823413161482     -2.54824486051692      0.00000000000000      h
   -1.18802141292683     -0.66319465120460      0.00000000000000      c
   -1.09546806289840     -2.73680358758095      0.00000000000000      h
   -3.48168342914776      0.47500264647770      0.00000000000000      c
   -3.57823413237156      2.54824486068013      0.00000000000000      h
   -5.86466609701236     -0.86353481645363      0.00000000000000      c
   -5.75447226250180     -2.93590687754859      0.00000000000000      h
   -8.14525149191250      0.25680386155629      0.00000000000000      c
   -9.89280788189403     -0.85386579203743      0.00000000000000      h
   -8.33131162686419      2.32200495884882      0.00000000000000      h
    5.86466609762231      0.86353481611431      0.00000000000000      c
    5.75447226149278      2.93590687705632      0.00000000000000      h
    8.14525149236408     -0.25680386202617      0.00000000000000      c
    9.89280788117405      0.85386579342234      0.00000000000000      h
    8.33131162782231     -2.32200495912435      0.00000000000000      h
  0.13603281136052D-02  -.71023295396410D-04  0.00000000000000D+00
  -.60518112143665D-03  -.36141090508700D-03  0.00000000000000D+00
  -.12145528957196D-02  -.10515709056044D-03  0.00000000000000D+00
  0.54145176868327D-03  0.38273372035677D-03  0.00000000000000D+00
  -.13603281020463D-02  0.71023145456428D-04  0.00000000000000D+00
  0.60518114643409D-03  0.36141093318638D-03  0.00000000000000D+00
  0.12145528362321D-02  0.10515730285994D-03  0.00000000000000D+00
  -.54145181216713D-03  -.38273373451764D-03  0.00000000000000D+00
  -.42610232420415D-03  -.11654909134395D-03  0.00000000000000D+00
  0.25336441974536D-03  0.25803276187928D-03  0.00000000000000D+00
  0.48101705102335D-03  0.52449653423994D-03  0.00000000000000D+00
  -.32710487151315D-03  -.45800652539053D-03  0.00000000000000D+00
  0.43097650528165D-04  0.15557379334768D-03  0.00000000000000D+00
  0.42610259124730D-03  0.11654914625836D-03  0.00000000000000D+00
  -.25336452758986D-03  -.25803279390010D-03  0.00000000000000D+00
  -.48101706203449D-03  -.52449673865996D-03  0.00000000000000D+00
  0.32710481841448D-03  0.45800660743318D-03  0.00000000000000D+00
  -.43097676079569D-04  -.15557376353788D-03  0.00000000000000D+00
  cycle =      4    SCF energy =     -310.1701225293   |dE/dxyz| =  0.000865
    1.18767168168554      0.66332551951194      0.00000000000000      c
    1.10174493537273      2.73805208497622      0.00000000000000      h
    3.48287798077730     -0.47574932024831      0.00000000000000      c
    3.57382698227977     -2.55007594612276      0.00000000000000      h
   -1.18767168183832     -0.66332552267973      0.00000000000000      c
   -1.10174493575770     -2.73805208808714      0.00000000000000      h
   -3.48287798040161      0.47574931848124      0.00000000000000      c
   -3.57382698068507      2.55007594433022      0.00000000000000      h
   -5.86498107470142     -0.86414063836713      0.00000000000000      c
   -5.75790438725761     -2.93732688057054      0.00000000000000      h
   -8.14671534966411      0.25491210291385      0.00000000000000      c
   -9.89445499112073     -0.85361937946234      0.00000000000000      h
   -8.33317059652985      2.31989181907372      0.00000000000000      h
    5.86498107427126      0.86414063833901      0.00000000000000      c
    5.75790438345405      2.93732688034374      0.00000000000000      h
    8.14671535023008     -0.25491210070854      0.00000000000000      c
    9.89445498971063      0.85361938478298      0.00000000000000      h
    8.33317060017509     -2.31989181650646      0.00000000000000      h
  0.25920283514707D-03  0.14244823281431D-03  0.00000000000000D+00
  -.20622298631070D-03  -.37571072489418D-04  0.00000000000000D+00
  -.23069165967890D-03  -.28608090681419D-03  0.00000000000000D+00
  0.18057211702409D-03  0.64221082846828D-04  0.00000000000000D+00
  -.25920282282161D-03  -.14244834489708D-03  0.00000000000000D+00
  0.20622301192286D-03  0.37571086609342D-04  0.00000000000000D+00
  0.23069157740762D-03  0.28608104099707D-03  0.00000000000000D+00
  -.18057211775573D-03  -.64221103171002D-04  0.00000000000000D+00
  -.70057615217118D-04  -.10460994744513D-03  0.00000000000000D+00
  -.97575544992334D-05  0.57844073880890D-05  0.00000000000000D+00
  0.49266332804460D-04  0.17939153061968D-03  0.00000000000000D+00
  -.74346012334321D-04  -.11665173923375D-03  0.00000000000000D+00
  0.31381332079119D-04  0.16682108038082D-04  0.00000000000000D+00
  0.70057818154221D-04  0.10461000127220D-03  0.00000000000000D+00
  0.97574546247975D-05  -.57844224382632D-05  0.00000000000000D+00
  -.49266378626527D-04  -.17939165554616D-03  0.00000000000000D+00
  0.74345970781382D-04  0.11665179415029D-03  0.00000000000000D+00
  -.31381309604510D-04  -.16682091232504D-04  0.00000000000000D+00
  cycle =      5    SCF energy =     -310.1701239580   |dE/dxyz| =  0.000269
    1.18763550553211      0.66304130995016      0.00000000000000      c
    1.10462091988845      2.73804897737693      0.00000000000000      h
    3.48296589617670     -0.47609821381672      0.00000000000000      c
    3.57155573459763     -2.55075204563494      0.00000000000000      h
   -1.18763550544008     -0.66304130857564      0.00000000000000      c
   -1.10462091935508     -2.73804897594911      0.00000000000000      h
   -3.48296589636119      0.47609821473758      0.00000000000000      c
   -3.57155573540642      2.55075204649712      0.00000000000000      h
   -5.86459552943136     -0.86375342818087      0.00000000000000      c
   -5.75781851481184     -2.93704511597403      0.00000000000000      h
   -8.14697020777747      0.25414928219280      0.00000000000000      c
   -9.89448460862881     -0.85408460143464      0.00000000000000      h
   -8.33444741651616      2.31904439921176      0.00000000000000      h
    5.86459552992869      0.86375342804945      0.00000000000000      c
    5.75781851540669      2.93704511585073      0.00000000000000      h
    8.14697020761862     -0.25414928355915      0.00000000000000      c
    9.89448460862799      0.85408459983414      0.00000000000000      h
    8.33444741595154     -2.31904440057562      0.00000000000000      h
  0.55927929513556D-05  0.31268680915935D-04  0.00000000000000D+00
  -.37118012277045D-04  0.18616195050057D-04  0.00000000000000D+00
  0.28683565530748D-04  -.65451679939930D-04  0.00000000000000D+00
  0.39076513629046D-04  -.15269542107624D-04  0.00000000000000D+00
  -.55927797606158D-05  -.31268692664924D-04  0.00000000000000D+00
  0.37118029045445D-04  -.18616183987263D-04  0.00000000000000D+00
  -.28683634336682D-04  0.65451741128949D-04  0.00000000000000D+00
  -.39076520840096D-04  0.15269537501986D-04  0.00000000000000D+00
  0.13659500740899D-03  0.45053486170234D-05  0.00000000000000D+00
  -.62612243243921D-04  -.17228587193616D-04  0.00000000000000D+00
  -.58821000371384D-04  -.93085721869567D-05  0.00000000000000D+00
  0.19898809523023D-05  0.58970186440018D-05  0.00000000000000D+00
  0.21157507652798D-05  0.59914172671414D-06  0.00000000000000D+00
  -.13659485259116D-03  -.45052962512389D-05  0.00000000000000D+00
  0.62612203344472D-04  0.17228587080682D-04  0.00000000000000D+00
  0.58820936741593D-04  0.93084579228103D-05  0.00000000000000D+00
  -.19898878175279D-05  -.58970154725750D-05  0.00000000000000D+00
  -.21157519686061D-05  -.59913745332579D-06  0.00000000000000D+00
  cycle =      6    SCF energy =     -310.1701241337   |dE/dxyz| =  0.000146
    1.18765541962356      0.66299014297364      0.00000000000000      c
    1.10509701344004      2.73799581563942      0.00000000000000      h
    3.48286998881658     -0.47609684022187      0.00000000000000      c
    3.57099626929276     -2.55076628787396      0.00000000000000      h
   -1.18765542010854     -0.66299015111256      0.00000000000000      c
   -1.10509701511230     -2.73799582382164      0.00000000000000      h
   -3.48286998790021      0.47609683486904      0.00000000000000      c
   -3.57099626465175      2.55076628266507      0.00000000000000      h
   -5.86458221150303     -0.86364276003134      0.00000000000000      c
   -5.75729543995181     -2.93689481772327      0.00000000000000      h
   -8.14694956191584      0.25409870210941      0.00000000000000      c
   -9.89436284865754     -0.85423749167336      0.00000000000000      h
   -8.33458865110106      2.31897596381050      0.00000000000000      h
    5.86458220940517      0.86364276008685      0.00000000000000      c
    5.75729543184058      2.93689481747004      0.00000000000000      h
    8.14694956314194     -0.25409869524017      0.00000000000000      c
    9.89436284620730      0.85423750437369      0.00000000000000      h
    8.33458865913417     -2.31897595629954      0.00000000000000      h
  0.53868689546688D-04  -.30825556488181D-05  0.00000000000000D+00
  -.10564850912761D-04  0.63267269077095D-05  0.00000000000000D+00
  -.44248514873524D-04  0.14994320298447D-04  0.00000000000000D+00
  0.15527315486567D-04  -.10747924310464D-04  0.00000000000000D+00
  -.53868733583029D-04  0.30825148816952D-05  0.00000000000000D+00
  0.10564850514948D-04  -.63267331337728D-05  0.00000000000000D+00
  0.44248577604524D-04  -.14994339792495D-04  0.00000000000000D+00
  -.15527281294049D-04  0.10747916650436D-04  0.00000000000000D+00
  0.41818351366250D-04  0.77320714086554D-05  0.00000000000000D+00
  -.38957305862540D-04  -.47306774087989D-05  0.00000000000000D+00
  -.23934346154105D-04  -.27040531854444D-04  0.00000000000000D+00
  0.10558453644959D-04  0.15532490450785D-04  0.00000000000000D+00
  0.33616554669834D-05  -.18396285110209D-05  0.00000000000000D+00
  -.41818399138491D-04  -.77321017545289D-05  0.00000000000000D+00
  0.38957237173215D-04  0.47306675178733D-05  0.00000000000000D+00
  0.23934373947579D-04  0.27040572853942D-04  0.00000000000000D+00
  -.10558485320492D-04  -.15532434460544D-04  0.00000000000000D+00
  -.33615969552561D-05  0.18396409982948D-05  0.00000000000000D+00
  cycle =     10    SCF energy =     -310.1339333115   |dE/dxyz| =  0.035211
    1.18772799560951      0.66276382310378      0.00000000000000      c
    1.10579984505107      2.73779110768048      0.00000000000000      h
    3.48281766022703     -0.47654043674931      0.00000000000000      c
    3.57048109431386     -2.55122460106307      0.00000000000000      h
   -1.18772799485257     -0.66276381019826      0.00000000000000      c
   -1.10579984222730     -2.73779109469385      0.00000000000000      h
   -3.48281766174764      0.47654044500037      0.00000000000000      c
   -3.57048110183937      2.55122460908498      0.00000000000000      h
   -5.86447766328881     -0.86324606083038      0.00000000000000      c
   -5.75628073507983     -2.93645894806155      0.00000000000000      h
   -8.14702805916198      0.25401873232000      0.00000000000000      c
   -9.89415281216544     -0.85479357731765      0.00000000000000      h
   -8.33517886373833      2.31885209712355      0.00000000000000      h
    5.86447766664269      0.86324606049683      0.00000000000000      c
    5.75628074721818      2.93645894820822      0.00000000000000      h
    8.14702805735357     -0.25401874321454      0.00000000000000      c
    9.89415281568862      0.85479355804482      0.00000000000000      h
    8.33517885199675     -2.31885210893446      0.00000000000000      h
  0.11816555869772D-01  -.59685651369857D-03  0.00000000000000D+00
  0.37665830510117D-03  -.57208483874477D-02  0.00000000000000D+00
  -.11574293660478D-01  0.80897501997381D-03  0.00000000000000D+00
  -.40424895497871D-03  0.56980133047263D-02  0.00000000000000D+00
  -.11820496416577D-01  0.59729904429249D-03  0.00000000000000D+00
  -.37634025477625D-03  0.57213102724758D-02  0.00000000000000D+00
  0.11574798289696D-01  -.80967779051499D-03  0.00000000000000D+00
  0.40433276152671D-03  -.56989311618572D-02  0.00000000000000D+00
  -.10191709423443D-01  0.57182384184425D-03  0.00000000000000D+00
  -.55389205736354D-03  0.57729069130316D-02  0.00000000000000D+00
  0.81424395448689D-02  -.32916407761735D-02  0.00000000000000D+00
  0.49397291759575D-02  0.28533689838709D-02  0.00000000000000D+00
  0.62035144223047D-03  -.56392344242425D-02  0.00000000000000D+00
  0.10195997449319D-01  -.57249885278839D-03  0.00000000000000D+00
  0.55341465045677D-03  -.57718447977361D-02  0.00000000000000D+00
  -.81415913885630D-02  0.32914440659728D-02  0.00000000000000D+00
  -.49410049560502D-02  -.28538868864138D-02  0.00000000000000D+00
  -.62070033007427D-03  0.56402781170842D-02  0.00000000000000D+00
  cycle =     11    SCF energy =     -310.1351912075   |dE/dxyz| =  0.008655
    1.18425337868467      0.67190554115675      0.00000000000000      c
    1.08908436602160      2.76055609180607      0.00000000000000      h
    3.50893922614725     -0.45928961216990      0.00000000000000      c
    3.60184927474325     -2.54841982292847      0.00000000000000      h
   -1.18424474526624     -0.67191224021646      0.00000000000000      c
   -1.08907744518659     -2.76056383493590      0.00000000000000      h
   -3.50893548845631      0.45928458830438      0.00000000000000      c
   -3.60184215835791      2.54841692688735      0.00000000000000      h
   -5.89696592728304     -0.87714175758306      0.00000000000000      c
   -5.81035078471583     -2.96539028657685      0.00000000000000      h
   -8.19381906088058      0.25934983592451      0.00000000000000      c
   -9.95927037590073     -0.84161523227752      0.00000000000000      h
   -8.36685917519597      2.33851575398526      0.00000000000000      h
    5.89695731309178      0.87714176674292      0.00000000000000      c
    5.81033748946272      2.96538776756919      0.00000000000000      h
    8.19381510042758     -0.25934309677345      0.00000000000000      c
    9.95926591257396      0.84162827639796      0.00000000000000      h
    8.36686310009041     -2.33851066531280      0.00000000000000      h
  0.33674534645771D-02  -.56629914974549D-04  0.00000000000000D+00
  0.10112967935956D-03  -.82561903139329D-03  0.00000000000000D+00
  -.36129268560510D-02  0.36730167530509D-03  0.00000000000000D+00
  -.62824391369774D-04  0.72476786767254D-03  0.00000000000000D+00
  -.33604089136093D-02  0.55491245858370D-04  0.00000000000000D+00
  -.10147285598147D-03  0.82499571877769D-03  0.00000000000000D+00
  0.36130670163191D-02  -.36542052152408D-03  0.00000000000000D+00
  0.62661398849171D-04  -.72295313360723D-03  0.00000000000000D+00
  -.21509389814070D-02  -.25197899602319D-03  0.00000000000000D+00
  -.83611640083024D-03  0.85654375942829D-03  0.00000000000000D+00
  0.90544222060047D-03  -.11613087285462D-02  0.00000000000000D+00
  0.11552873365326D-02  0.95123689408475D-03  0.00000000000000D+00
  0.21852434549481D-03  -.10807151356691D-02  0.00000000000000D+00
  0.21439501485526D-02  0.25231161332995D-03  0.00000000000000D+00
  0.83659065655382D-03  -.85857807939836D-03  0.00000000000000D+00
  -.90792885387222D-03  0.11617445895843D-02  0.00000000000000D+00
  -.11534195375658D-02  -.95039295728043D-03  0.00000000000000D+00
  -.21806941457911D-03  0.10792031785015D-02  0.00000000000000D+00
  cycle =     12    SCF energy =     -310.1352661455   |dE/dxyz| =  0.003482
    1.18530779383009      0.66655062055462      0.00000000000000      c
    1.10291522711910      2.75899279142939      0.00000000000000      h
    3.51309359770219     -0.46989318493008      0.00000000000000      c
    3.59790756394999     -2.56274631901607      0.00000000000000      h
   -1.18532138382239     -0.66654831994864      0.00000000000000      c
   -1.10292912100895     -2.75898996862358      0.00000000000000      h
   -3.51310093459306      0.46989473347838      0.00000000000000      c
   -3.59791703707810      2.56274522514408      0.00000000000000      h
   -5.89757819891714     -0.86665002018968      0.00000000000000      c
   -5.79087746983961     -2.95736724670090      0.00000000000000      h
   -8.20454155132653      0.25855675485880      0.00000000000000      c
   -9.96517872616837     -0.85629607640093      0.00000000000000      h
   -8.39121521380379      2.33996136481191      0.00000000000000      h
    5.89758697681319      0.86665045681647      0.00000000000000      c
    5.79089045051796      2.95737067705168      0.00000000000000      h
    8.20455030615938     -0.25855933801582      0.00000000000000      c
    9.96518683895044      0.85629054820569      0.00000000000000      h
    8.39122088151562     -2.33996269852535      0.00000000000000      h
  0.62831916082357D-03  -.84076253286646D-03  0.00000000000000D+00
  0.37687830200912D-03  0.20365929046265D-03  0.00000000000000D+00
  -.93079785579607D-03  0.16333009829279D-02  0.00000000000000D+00
  -.25655462143291D-03  -.38370719381647D-03  0.00000000000000D+00
  -.63043260285362D-03  0.84186167717212D-03  0.00000000000000D+00
  -.37702928761460D-03  -.20410806384645D-03  0.00000000000000D+00
  0.92920641418237D-03  -.16345016555537D-02  0.00000000000000D+00
  0.25651892864417D-03  0.38250977536039D-03  0.00000000000000D+00
  -.49286003466773D-03  0.48048316093082D-03  0.00000000000000D+00
  0.98866121813114D-05  -.17133012415400D-03  0.00000000000000D+00
  -.10039236094196D-03  -.61966420895254D-03  0.00000000000000D+00
  0.17081830318257D-03  0.29430634744591D-03  0.00000000000000D+00
  0.31820780474426D-04  0.12097976037789D-03  0.00000000000000D+00
  0.49187268514864D-03  -.47778290263649D-03  0.00000000000000D+00
  -.94016879565294D-05  0.17173203337223D-03  0.00000000000000D+00
  0.10315068923243D-03  0.61925720819463D-03  0.00000000000000D+00
  -.16949565938931D-03  -.29383199457802D-03  0.00000000000000D+00
  -.31507904783584D-04  -.12240158577212D-03  0.00000000000000D+00
  cycle =     13    SCF energy =     -310.1352765247   |dE/dxyz| =  0.001478
    1.18568697118771      0.66549499697037      0.00000000000000      c
    1.10107182472429      2.75774467366738      0.00000000000000      h
    3.51398390323160     -0.47384854998545      0.00000000000000      c
    3.60230129983930     -2.56613745121984      0.00000000000000      h
   -1.18569101658234     -0.66548703090999      0.00000000000000      c
   -1.10107377850435     -2.75773501297602      0.00000000000000      h
   -3.51398462585143      0.47385394502443      0.00000000000000      c
   -3.60230547429967      2.56614206597185      0.00000000000000      h
   -5.89682118567585     -0.86490884802156      0.00000000000000      c
   -5.78840116620932     -2.95546897846862      0.00000000000000      h
   -8.20517569734703      0.25905967716355      0.00000000000000      c
   -9.96495934724860     -0.85894962117130      0.00000000000000      h
   -8.39398656009650      2.34038272136554      0.00000000000000      h
    5.89682976951887      0.86490748566540      0.00000000000000      c
    5.78841417814616      2.95547044251871      0.00000000000000      h
    8.20517578240942     -0.25906761096308      0.00000000000000      c
    9.96495800509214      0.85893368813222      0.00000000000000      h
    8.39397711766562     -2.34038659276362      0.00000000000000      h
  0.19770835184444D-03  -.32016125580636D-03  0.00000000000000D+00
  0.10209311050848D-03  0.17949090649563D-03  0.00000000000000D+00
  -.33315746701821D-03  0.73036596845959D-03  0.00000000000000D+00
  -.24342084554696D-04  -.28777467324221D-03  0.00000000000000D+00
  -.20028182569218D-03  0.32261862140436D-03  0.00000000000000D+00
  -.10203408676890D-03  -.18104776274050D-03  0.00000000000000D+00
  0.33242883744157D-03  -.72890959815758D-03  0.00000000000000D+00
  0.24671812483310D-04  0.28411382372885D-03  0.00000000000000D+00
  -.84618266058882D-04  0.21915871491571D-03  0.00000000000000D+00
  0.36684517315189D-04  -.17282602354925D-03  0.00000000000000D+00
  -.12123393084834D-03  -.20809992813238D-03  0.00000000000000D+00
  -.61786788593755D-04  0.51465469092287D-04  0.00000000000000D+00
  0.26606835093216D-04  0.17209935844949D-03  0.00000000000000D+00
  0.75162544269168D-04  -.21400215851846D-03  0.00000000000000D+00
  -.35853911930353D-04  0.17355197671251D-03  0.00000000000000D+00
  0.12731167433234D-03  0.20660423875089D-03  0.00000000000000D+00
  0.66429954535590D-04  -.49074401938890D-04  0.00000000000000D+00
  -.25789294894295D-04  -.17757325718285D-03  0.00000000000000D+00
  cycle =     14    SCF energy =     -310.1352795362   |dE/dxyz| =  0.000203
    1.18627223977630      0.66384383293004      0.00000000000000      c
    1.10281483746090      2.75561277031357      0.00000000000000      h
    3.51386948687966     -0.47846608078159      0.00000000000000      c
    3.60259357079579     -2.56985055277367      0.00000000000000      h
   -1.18625067595202     -0.66382896826595      0.00000000000000      c
   -1.10278861149938     -2.75559072110312      0.00000000000000      h
   -3.51385240930899      0.47847512682162      0.00000000000000      c
   -3.60258610326967      2.56987090882501      0.00000000000000      h
   -5.89520321824922     -0.86230701683166      0.00000000000000      c
   -5.78424413055016     -2.95222554580823      0.00000000000000      h
   -8.20480870639715      0.25873172151411      0.00000000000000      c
   -9.96251498327573     -0.86271404701222      0.00000000000000      h
   -8.39725463964346      2.33928544169239      0.00000000000000      h
    5.89521960125931      0.86229927010277      0.00000000000000      c
    5.78426427743435      2.95221847554468      0.00000000000000      h
    8.20478482950455     -0.25874785164487      0.00000000000000      c
    9.96247909963117      0.86267312111727      0.00000000000000      h
    8.39720553540377     -2.33927988464019      0.00000000000000      h
  -.32588364706948D-04  -.12211172263731D-05  0.00000000000000D+00
  0.48507686426289D-05  -.23841467690434D-05  0.00000000000000D+00
  -.53146810648159D-04  0.67230351989602D-04  0.00000000000000D+00
  0.26033649807317D-04  -.31452838652732D-04  0.00000000000000D+00
  0.19268096039415D-04  0.99225552007166D-05  0.00000000000000D+00
  -.36555397315041D-05  -.24607898439668D-05  0.00000000000000D+00
  0.50947681536263D-04  -.61962423695975D-04  0.00000000000000D+00
  -.24436479615495D-04  0.17599301485428D-04  0.00000000000000D+00
  -.72266342458114D-04  0.49567876509893D-04  0.00000000000000D+00
  0.52789265649066D-04  -.79274147221044D-05  0.00000000000000D+00
  0.23215540667493D-04  -.35158672243868D-04  0.00000000000000D+00
  -.29240559755267D-04  0.47453605848600D-05  0.00000000000000D+00
  0.18702765230591D-04  0.85297224166953D-05  0.00000000000000D+00
  0.44962078231663D-04  -.33559181686221D-04  0.00000000000000D+00
  -.50977603251856D-04  0.11953532706552D-04  0.00000000000000D+00
  -.91026510448425D-06  0.29247750167648D-04  0.00000000000000D+00
  0.43158638879780D-04  0.32682612125361D-05  0.00000000000000D+00
  -.16706430079632D-04  -.25938063141384D-04  0.00000000000000D+00
  cycle =     15    SCF energy =     -310.1352800697   |dE/dxyz| =  0.000177
    1.18641477701087      0.66375602929053      0.00000000000000      c
    1.10311249871365      2.75551572566032      0.00000000000000      h
    3.51397868717885     -0.47874898727590      0.00000000000000      c
    3.60248723684132     -2.57001361669946      0.00000000000000      h
   -1.18630794433136     -0.66372006813553      0.00000000000000      c
   -1.10300032304870     -2.75545855635724      0.00000000000000      h
   -3.51390753383671      0.47876894446880      0.00000000000000      c
   -3.60244638555009      2.57008375530030      0.00000000000000      h
   -5.89517417209162     -0.86218032182897      0.00000000000000      c
   -5.78475482470971     -2.95208012085249      0.00000000000000      h
   -8.20491895260716      0.25868729135019      0.00000000000000      c
   -9.96235286781065     -0.86310343944195      0.00000000000000      h
   -8.39780120311635      2.33916889961513      0.00000000000000      h
    5.89520371164166      0.86215536524124      0.00000000000000      c
    5.78479182068563      2.95204485024725      0.00000000000000      h
    8.20481993078997     -0.25872622017624      0.00000000000000      c
    9.96221908762380      0.86299004822216      0.00000000000000      h
    8.39763645661661     -2.33913957862818      0.00000000000000      h
  0.69265586379565D-04  0.22665670098385D-04  0.00000000000000D+00
  -.23209416196538D-04  0.18944340337669D-04  0.00000000000000D+00
  0.48204091585533D-04  0.27252611775488D-04  0.00000000000000D+00
  0.54247286156792D-05  0.16061995729120D-04  0.00000000000000D+00
  -.66260570494114D-04  -.28669612858797D-04  0.00000000000000D+00
  0.23812005674117D-04  -.13867625250823D-04  0.00000000000000D+00
  -.38098133711583D-04  -.29235949808539D-04  0.00000000000000D+00
  -.54594842810459D-05  -.69184905112827D-05  0.00000000000000D+00
  0.38815231823804D-04  -.45173320765681D-05  0.00000000000000D+00
  -.61931936021513D-05  0.92733044117433D-05  0.00000000000000D+00
  0.25912741654056D-04  -.28127900954405D-04  0.00000000000000D+00
  -.53098913928003D-04  0.53556801548246D-05  0.00000000000000D+00
  0.15492089482799D-04  0.31533175989423D-04  0.00000000000000D+00
  -.98815057949652D-05  -.18276385856145D-04  0.00000000000000D+00
  0.56741312546442D-05  -.98438085099277D-05  0.00000000000000D+00
  -.48437497457882D-04  0.35731971491811D-04  0.00000000000000D+00
  0.36569512187367D-04  -.14105780143956D-04  0.00000000000000D+00
  -.18531260169561D-04  -.13255906864787D-04  0.00000000000000D+00
$end
