$hessapprox internal
  0.465872185316D+00 -0.222592428294D-01  0.474788821256D+00 -0.269032444089D-02
 -0.174589685958D-01  0.461214883644D+00 -0.156827170989D-01 -0.117370272097D-02
 -0.132439078460D-01  0.459383725914D+00 -0.127028184574D-02  0.126656122765D-02
 -0.118241024081D-02  0.200264571789D-02  0.447137104043D+00  0.383327641624D-02
 -0.195734597152D-01  0.382101300025D-03 -0.119845610794D-01 -0.603367136769D-02
  0.714362614499D+00 -0.127214244536D-01  0.266508661507D-01 -0.697823312520D-02
  0.134412748465D-01  0.119641190014D-01 -0.485758293039D-02  0.402662777253D+00
  0.392874088515D-01 -0.634104005120D-01  0.253671616022D-01 -0.318675599482D-01
 -0.785116220177D-02  0.580134534385D-01 -0.562350558245D-01  0.549278540307D+00
 -0.574190026542D-02 -0.160032265691D-02 -0.511823648258D-02 -0.234755051853D-02
 -0.103826335308D-01 -0.635355306710D-02  0.958380269579D-02 -0.121978118146D-01
  0.458253806886D+00 -0.118837483227D-01  0.128884247227D-02 -0.983478914924D-02
 -0.323506833871D-02  0.190202900289D-02 -0.123059766227D-01  0.122800051752D-01
 -0.221976163661D-01 -0.910079410786D-03  0.463487392740D+00  0.875408382096D-02
 -0.158355547822D-01  0.505219487558D-02 -0.671748407831D-02 -0.192300182078D-01
  0.619086050807D-02 -0.812713268072D-02  0.410215031568D-01 -0.128353231993D-01
 -0.533923604930D-02  0.459187494563D+00 -0.211158511191D-01  0.226750591938D-01
 -0.151773670936D-01  0.952950813820D-02 -0.479950083964D-02 -0.259653589236D-01
  0.451515959196D-01 -0.634368994797D-01 -0.545332862582D-03  0.563678349894D-02
 -0.257603334609D-01  0.735954844458D+00 -0.451899698524D-02  0.127375669514D-01
 -0.186431522891D-02  0.635097676066D-02  0.115873681821D-01  0.519033449740D-02
  0.261441711806D-01 -0.163068383469D-01  0.766514144572D-02  0.638398736688D-02
  0.241061044313D-02  0.281492534033D-01  0.378725569309D+00  0.463971449787D-02
 -0.190559864501D-01  0.137188546779D-02 -0.112226638792D-01 -0.107650538111D-01
  0.618774518810D-02 -0.112307343675D-01  0.382785606921D-01 -0.975465550049D-02
 -0.834895258698D-02  0.540783997313D-03 -0.220951763515D-01 -0.193609434034D-02
  0.467762710212D+00 -0.157496210680D-02 -0.944859737274D-02 -0.333779504525D-02
 -0.556177534677D-02 -0.105042196489D-01 -0.153315437113D-01  0.155698329092D-01
  0.551733430581D-01 -0.735267042123D-02 -0.958389576035D-02 -0.423414145026D-02
 -0.309737469715D-01  0.208893507593D-01 -0.929674068121D-03  0.663942814474D+00
  0.298774129196D-02 -0.157343119320D-01 -0.303901303652D-03 -0.862070021416D-02
 -0.895506512569D-02 -0.104210717679D-01  0.639621526227D-02  0.766000340288D-01
 -0.711710956885D-02 -0.125203466374D-01  0.277744419805D-02 -0.395382786569D-01
  0.161535777538D-01  0.486767765503D-02 -0.435130089932D-01  0.670966327208D+00
 -0.131265623545D-01  0.286439798175D-02 -0.106791225915D-01 -0.248424638080D-02
  0.130792717481D-02 -0.135814419738D-01  0.147882971554D-01 -0.279573471251D-01
 -0.109957770382D-02 -0.144263551783D-02 -0.736357950483D-02  0.788274406384D-02
  0.773201011914D-02 -0.998933072229D-02 -0.102483589922D-01 -0.136580233100D-01
  0.465135715105D+00  0.423074610036D-02 -0.660812205012D-02  0.266697334730D-02
 -0.293318965101D-02 -0.889902047119D-02  0.191187909678D-01 -0.663688359250D-02
  0.177035237997D-01 -0.773366989702D-02 -0.143967299840D-02 -0.346221936879D-02
  0.555940865862D-02 -0.219654599076D-02 -0.207359941194D-02  0.207739194612D-02
  0.471572561743D-02 -0.217453214647D-02  0.236205315583D+00 -0.323528897545D-02
  0.473488926985D-02 -0.207094353056D-02  0.196215266342D-02  0.860662157094D-02
 -0.178280910846D-01  0.465576775954D-02 -0.127514557435D-01  0.732773607727D-02
  0.679831730004D-03  0.457349327561D-02 -0.775573709121D-02  0.136165262435D-02
  0.311637232689D-02 -0.142636501267D-02 -0.345543768851D-02  0.125134841067D-02
  0.108264835564D+00  0.235309058435D+00  0.292411424227D-01 -0.203413086805D-01
  0.220804284339D-01 -0.557284242667D-02  0.852654279870D-02  0.100008055155D-01
 -0.397027122774D-01  0.107275759513D+00  0.401896329308D-02 -0.693597955325D-02
  0.342495072435D-01 -0.533209681242D-01 -0.188125979739D-01  0.300953217742D-01
 -0.161281534135D-02  0.680855221215D-02 -0.892096420454D-02  0.999535753583D-02
 -0.704256207956D-02  0.307423236849D+00  0.457253715392D-02 -0.896136966711D-02
  0.280534972564D-02 -0.573511563071D-02  0.990625122826D-02  0.439413160339D-02
 -0.519202882058D-02  0.429327382743D-01  0.214186308417D-02 -0.582700232121D-02
  0.164103162641D-01 -0.113974704285D-01 -0.583965790383D-04  0.860360901894D-02
 -0.695001933270D-02 -0.564463311845D-02 -0.603265563824D-02  0.519842694401D-02
 -0.435473543512D-02  0.111601111545D-01  0.308280141443D+00  0.144093449578D-01
 -0.195618104982D-01  0.940944437124D-02 -0.812515394297D-02 -0.841727235280D-02
  0.167295662768D-01 -0.318682631616D-01  0.478384122081D-01 -0.382350550183D-02
 -0.705601123391D-02  0.910980416633D-02 -0.269227722960D-01 -0.174311048896D-01
  0.143071073424D-01  0.149967781143D-01  0.229014051203D-01 -0.920049538159D-02
  0.923207614633D-02 -0.748583179460D-02  0.362820808667D-01  0.656850354440D-01
  0.325236114896D+00 -0.303106195574D-01  0.217890423907D-01 -0.227937803939D-01
  0.627058959859D-02 -0.888078930406D-02 -0.111124083310D-01  0.418419422556D-01
 -0.112300867964D+00 -0.408392183962D-02  0.762005708791D-02 -0.358768471705D-01
  0.553491063412D-01  0.199179632620D-01 -0.314559873737D-01  0.110725663290D-02
 -0.776002910149D-02  0.971414502142D-02 -0.106198591796D-01  0.752469354858D-02
  0.526297817779D-01 -0.114760946496D-01 -0.380984721365D-01  0.311406014793D+00
  0.482578688578D-02 -0.908762945249D-02  0.300266654278D-02 -0.576949218914D-02
  0.102615082310D-01  0.455831130248D-02 -0.571225789121D-02  0.440025794799D-01
  0.235527476999D-02 -0.593845716444D-02  0.169758010190D-01 -0.117410266066D-01
 -0.410601042406D-03  0.902245008750D-02 -0.687976347424D-02 -0.555067366250D-02
 -0.614384686922D-02  0.537190407751D-02 -0.449864639686D-02  0.111320684730D-01
 -0.538750818065D-01  0.661012182582D-01 -0.114529351250D-01  0.307945913573D+00
  0.144573437333D-01 -0.192528994945D-01  0.949044386443D-02 -0.793029706809D-02
 -0.793372861377D-02  0.166094913790D-01 -0.319847994409D-01  0.478582794675D-01
 -0.347947395431D-02 -0.699920366951D-02  0.949305302939D-02 -0.267770691894D-01
 -0.176336592830D-01  0.145343856562D-01  0.149349709489D-01  0.227186177585D-01
 -0.910365859357D-02  0.930366410576D-02 -0.755822016520D-02  0.355319134906D-01
  0.652882388980D-01 -0.366974117797D-01 -0.373192770509D-01  0.656863765964D-01
  0.325334233486D+00  0.508509114707D-02 -0.332125465478D-01  0.134468452059D-03
 -0.201009376150D-01 -0.230169079115D-01  0.154764395642D-01 -0.809880416977D-02
  0.412293996007D-01 -0.211748533757D-01 -0.958866396465D-02 -0.639054647805D-02
 -0.266321204955D-01  0.567387767004D-02 -0.336655484512D-02  0.143318328607D-01
  0.253388287079D-01 -0.129082284376D-01  0.487654257781D-02 -0.364081363573D-02
  0.352978997387D-01  0.164302114563D-01  0.252973820429D-01 -0.379207326865D-01
  0.175596795434D-01  0.262901345046D-01  0.331575029460D+00  0.486573620812D-02
 -0.328852217690D-01 -0.795491733634D-05 -0.199391689956D-01 -0.230546786941D-01
  0.152320748288D-01 -0.766127427020D-02  0.401833496690D-01 -0.211614194350D-01
 -0.944148766569D-02 -0.670193190002D-02 -0.262002130021D-01  0.588881669263D-02
 -0.363276122340D-02  0.142139276529D-01  0.251182542810D-01 -0.127351046746D-01
  0.475233222810D-02 -0.354637542821D-02  0.348332922458D-01  0.163350776189D-01
  0.249201266184D-01 -0.374322984143D-01  0.174620950547D-01  0.259173087209D-01
 -0.518178495028D-01  0.330645310203D+00 -0.340467228581D-01  0.776138706293D-01
 -0.187535380721D-01  0.415449641512D-01  0.224467337168D-01 -0.419038712314D-01
  0.723510557733D-01 -0.156649297844D+00  0.248852020404D-01  0.266170263744D-01
 -0.306904793642D-01  0.907626701475D-01  0.287430483848D-01 -0.304670743322D-01
 -0.273514314170D-01 -0.534291837768D-01  0.338968592795D-01 -0.131377474375D-01
  0.809257433346D-02 -0.102713670161D+00 -0.551653175789D-01 -0.517892338382D-01
  0.108837990339D+00 -0.568953182279D-01 -0.525469832920D-01  0.905907147954D-03
  0.212399100619D-02  0.537641246576D+00  0.246932037915D-01 -0.988703317236D-01
  0.829736045725D-02 -0.599469019662D-01 -0.278774061137D-01  0.631526594058D-01
 -0.613138698108D-01  0.181634452188D+00 -0.358571658603D-01 -0.389840054614D-01
  0.289697713977D-01 -0.788208215121D-01 -0.147623301270D-01  0.234556366940D-01
  0.576280030226D-01  0.860221712725D-01 -0.469544771079D-01  0.160268275791D-01
 -0.106839207765D-01  0.126196726991D+00  0.566098364485D-01  0.615261746543D-01
 -0.132921596357D+00  0.585775486759D-01  0.624741783059D-01 -0.165091126775D-01
 -0.178331185269D-01 -0.149961604842D+00  0.522354033603D+00 -0.975842539988D-02
  0.266215965379D-01 -0.488095944123D-02  0.148192893962D-01  0.623129722658D-02
 -0.943070044453D-02  0.286131092809D-01 -0.362116985294D-01  0.782666112757D-02
  0.813081185704D-02 -0.105957943706D-01  0.327068349995D-01  0.147731378551D-01
 -0.980362630169D-02 -0.480294667615D-02 -0.136555358456D-01  0.106531243887D-01
 -0.434473228962D-02  0.281813972289D-02 -0.358777428136D-01 -0.201654662623D-01
 -0.152536389155D-01  0.379650159754D-01 -0.208355545686D-01 -0.156506394523D-01
  0.805951498730D-02  0.846340604254D-02  0.289447552442D-01 -0.419677336188D-01
  0.403599437151D+00 -0.373365318156D-01  0.834015137487D-01 -0.207775135274D-01
  0.445151345690D-01  0.228523817101D-01 -0.460206673242D-01  0.789390505595D-01
 -0.172774968398D+00  0.258400579779D-01  0.290325291876D-01 -0.347497914461D-01
  0.977204306354D-01  0.316889255295D-01 -0.341064429243D-01 -0.295227189649D-01
 -0.574568939306D-01  0.368020274670D-01 -0.148974817883D-01  0.938838811234D-02
 -0.111537932370D+00 -0.574554918134D-01 -0.575865443475D-01  0.118095221673D+00
 -0.592626935026D-01 -0.583200154318D-01 -0.414993338644D-02 -0.283956943552D-02
  0.151230057898D+00 -0.168291283673D+00  0.343324795731D-01  0.573590341417D+00
 -0.118991879437D-01  0.304903103605D-01 -0.618477903446D-02  0.168149789263D-01
  0.661498775192D-02 -0.121589359039D-01  0.329006030082D-01 -0.467582077401D-01
  0.853819376160D-02  0.972700331449D-02 -0.131602044448D-01  0.372951052882D-01
  0.166547886589D-01 -0.121289408235D-01 -0.625152723681D-02 -0.163497260480D-01
  0.125799008027D-01 -0.547809153771D-02  0.364759189175D-02 -0.418409697678D-01
 -0.217619875655D-01 -0.190374952736D-01  0.442189657183D-01 -0.224871367966D-01
 -0.194237381639D-01  0.500167097799D-02  0.546708383008D-02  0.400327051090D-01
 -0.537187359864D-01  0.338220280235D-02  0.463987630645D-01  0.411094431946D+00
  0.247559458242D-01 -0.996341571171D-01  0.825075359266D-02 -0.604014760912D-01
 -0.286804159253D-01  0.635252008050D-01 -0.614301176540D-01  0.182294616286D+00
 -0.364608420044D-01 -0.391863159109D-01  0.285263087872D-01 -0.793675632783D-01
 -0.145787152922D-01  0.232439194220D-01  0.578304884085D-01  0.865027101870D-01
 -0.472433069166D-01  0.159876644308D-01 -0.106230077430D-01  0.127792965941D+00
  0.573611989422D-01  0.616816402955D-01 -0.134584066228D+00  0.593616125589D-01
  0.626618548327D-01 -0.179074138385D-01 -0.192426775405D-01 -0.149473593042D+00
  0.117953832152D+00 -0.415533010209D-01 -0.167908055933D+00 -0.533648287481D-01
  0.520792301257D+00
$end
