$coord
   -3.27863547145470     -5.76295367739454      0.00000000000000  c
   -0.65741840319224     -5.75713386061745      0.00000000000000  c
    0.67969934495930     -3.48576134154059      0.00000000000000  c
   -0.67061120279221     -1.17877347875300      0.00000000000000  c
   -3.34366326422387     -1.19680774486101      0.00000000000000  c
   -4.61295511492141     -3.50675856903623      0.00000000000000  c
    3.41504689666651     -3.40297910092827      0.00000000000000  c
    0.67061272747240      1.17877262347792      0.00000000000000  c
    3.34366218255699      1.19680657083615      0.00000000000000  c
    4.67015704833605     -1.19680671414222      0.00000000000000  c
    4.61295606017536      3.50676089225322      0.00000000000000  c
    3.27863801861469      5.76295220213914      0.00000000000000  c
    0.65741688329975      5.75713176190753      0.00000000000000  c
   -0.67969892976237      3.48576286462227      0.00000000000000  c
   -3.41504858436969      3.40297929696217      0.00000000000000  c
   -4.67015802788717      1.19680799525805      0.00000000000000  c
 -2.77863670385 -5.76184354377 0.25 h
 -2.77863670385 -5.76184354377 -0.25 h
 -3.52959625918 -5.3304971096 0.25 h
 -3.52959625918 -5.3304971096 -0.25 h
 -3.52767345133 -6.19652037881 0.25 h
 -3.52767345133 -6.19652037881 -0.25 h
 -1.15741717079 -5.75824399425 -0.25 h
 -1.15741717079 -5.75824399425 0.25 h
 -0.408380423316 -5.3235671592 -0.25 h
 -0.408380423316 -5.3235671592 0.25 h
 -0.406457615467 -6.18959042841 -0.25 h
 -0.406457615467 -6.18959042841 0.25 h
 0.426046068113 -3.91664417381 -0.25 h
 0.426046068113 -3.91664417381 0.25 h
 0.433370504582 -3.0506497439 -0.25 h
 0.433370504582 -3.0506497439 0.25 h
 1.17968146218 -3.48999010691 -0.25 h
 1.17968146218 -3.48999010691 0.25 h
 -0.418038510782 -1.6102906108 -0.25 h
 -0.418038510782 -1.6102906108 0.25 h
 -1.17060234732 -1.18174928031 -0.25 h
 -1.17060234732 -1.18174928031 0.25 h
 -0.423192750276 -0.744280545146 -0.25 h
 -0.423192750276 -0.744280545146 0.25 h
 -3.58445059931 -1.6350102771 0.25 h
 -3.58445059931 -1.6350102771 -0.25 h
 -2.84377507176 -1.18623442783 0.25 h
 -2.84377507176 -1.18623442783 -0.25 h
 -3.60276412161 -0.769178529648 0.25 h
 -3.60276412161 -0.769178529648 -0.25 h
 -4.35843305375 -3.9371287822 0.25 h
 -4.35843305375 -3.9371287822 -0.25 h
 -4.36750460788 -3.07115089166 0.25 h
 -4.36750460788 -3.07115089166 -0.25 h
 -5.11292768314 -3.51199603325 0.25 h
 -5.11292768314 -3.51199603325 -0.25 h
 3.66229029101 -2.96838652856 0.25 h
 3.66229029101 -2.96838652856 -0.25 h
 2.91505699153 -3.40615632669 0.25 h
 2.91505699153 -3.40615632669 -0.25 h
 3.66779340746 -3.83439444753 0.25 h
 3.66779340746 -3.83439444753 -0.25 h
 1.17060134877 1.18214583771 0.25 h
 1.17060134877 1.18214583771 -0.25 h
 0.417697127603 1.61008886401 0.25 h
 0.417697127603 1.61008886401 -0.25 h
 0.423539706045 0.744083168714 0.25 h
 0.423539706045 0.744083168714 -0.25 h
 3.58444953297 1.63500909465 0.25 h
 3.58444953297 1.63500909465 -0.25 h
 2.84377398972 1.1862332713 0.25 h
 2.84377398972 1.1862332713 -0.25 h
 3.60276302498 0.769177346557 0.25 h
 3.60276302498 0.769177346557 -0.25 h
 4.42291365399 -1.63139928651 -0.25 h
 4.42291365399 -1.63139928651 0.25 h
 4.41741053754 -0.765391367542 -0.25 h
 4.41741053754 -0.765391367542 0.25 h
 5.17014695347 -1.19362948838 -0.25 h
 5.17014695347 -1.19362948838 0.25 h
 4.35843390792 3.93713105155 0.25 h
 4.35843390792 3.93713105155 -0.25 h
 4.36750564532 3.07115316293 0.25 h
 4.36750564532 3.07115316293 -0.25 h
 5.11292862728 3.51199846229 0.25 h
 5.11292862728 3.51199846229 -0.25 h
 3.53316017087 5.33258204285 -0.25 h
 3.53316017087 5.33258204285 0.25 h
 2.77866545151 5.75771463211 -0.25 h
 2.77866545151 5.75771463211 0.25 h
 3.52408843347 6.19855993147 -0.25 h
 3.52408843347 6.19855993147 0.25 h
 1.15741565064 5.75824201274 -0.25 h
 1.15741565064 5.75824201274 0.25 h
 0.408379005052 5.32356500211 -0.25 h
 0.408379005052 5.32356500211 0.25 h
 0.406455994206 6.18958827087 -0.25 h
 0.406455994206 6.18958827087 0.25 h
 -0.426045625163 3.91664568055 -0.25 h
 -0.426045625163 3.91664568055 0.25 h
 -0.43337011741 3.05065125112 -0.25 h
 -0.43337011741 3.05065125112 0.25 h
 -1.17968104671 3.48999166219 -0.25 h
 -1.17968104671 3.48999166219 0.25 h
 -3.66229196519 2.96838671691 0.25 h
 -3.66229196519 2.96838671691 -0.25 h
 -2.91505867933 3.40615653828 0.25 h
 -2.91505867933 3.40615653828 -0.25 h
 -3.66779510858 3.8343946357 0.25 h
 -3.66779510858 3.8343946357 -0.25 h
 -4.42291464706 1.63140057531 -0.25 h
 -4.42291464706 1.63140057531 0.25 h
 -4.41741150368 0.76539265652 -0.25 h
 -4.41741150368 0.76539265652 0.25 h
 -5.17014793292 1.19363075394 -0.25 h
 -5.17014793292 1.19363075394 0.25 h
$end
