$coord
    1.35766587225652     -0.21857527964946      0.00000000000000  c
    2.56315994291481      1.47174487465738      0.00000000000000  h
    2.43762529405033     -2.51225217538727      0.00000000000000  c
    1.29310392736269     -4.24157320811336      0.00000000000000  h
    4.49473290666895     -2.74154516526415      0.00000000000000  h
   -1.35749732451175      0.21843526897338      0.00000000000000  c
   -2.56312706461848     -1.47176775298931      0.00000000000000  h
   -2.43747561579428      2.51199230070126      0.00000000000000  c
   -4.49449988554257      2.74170253867688      0.00000000000000  h
   -1.29368805278621      4.24183859839464      0.00000000000000  h
$user-defined bonds
$redundant
     number_of_atoms            10
     degrees_of_freedom         17
     internal_coordinates       17
     frozen_coordinates          0
# definitions of redundant internals
   1 k  1.0000000000000 stre   3    4           val=   2.07376
   2 k  1.0000000000000 stre   8    9           val=   2.06981
   3 k  1.0000000000000 stre   1    3           val=   2.53521
   4 k  1.0000000000000 stre   6    8           val=   2.53510
   5 k  1.0000000000000 stre   1    6           val=   2.75011
   6 k  1.0000000000000 stre   8   10           val=   2.07379
   7 k  1.0000000000000 stre   1    2           val=   2.07615
   8 k  1.0000000000000 stre   6    7           val=   2.07613
   9 k  1.0000000000000 stre   3    5           val=   2.06985
  10 k  0.8164954993247 bend  10    9    8      val=  -2.17437
       -0.4093987000902 bend   6    9    8
       -0.4070967992345 bend   6   10    8
  11 k  0.8164954984349 bend   4    5    3      val=  -2.14689
       -0.4093991729613 bend   1    5    3
       -0.4070963254736 bend   1    4    3
  12 k -0.7071067811865 bend   8    7    6      val=  -1.46400
        0.7071067811865 bend   1    7    6
  13 k -0.7071067811865 bend   3    2    1      val=  -1.46969
        0.7071067811865 bend   6    2    1
  14 k -0.0013295496170 bend   4    5    3      val=  -0.13788
       -0.7064410689118 bend   1    5    3
        0.7077706185288 bend   1    4    3
  15 k -0.0013290030787 bend  10    9    8      val=  -0.13279
       -0.7064413429515 bend   6    9    8
        0.7077703460302 bend   6   10    8
  16 k  1.0000000000000 bend   6    3    1      val= 124.35647
  17 k  1.0000000000000 bend   1    8    6      val= 124.35801
        17 non zero eigenvalues  of BmBt
           1           4.460486474    1    0
         1
           2           4.074988660    2    0
         2
           3           3.682157280    3    0
         3
           4           3.584260468    4    0
         4
           5           2.622778799    5    0
         5
           6           2.500461912    6    0
         6
           7           2.133349954    7    0
         7
           8           1.508568052    8    0
         8
           9           0.900087571    9    0
         9
          10           0.896334676   10    0
        10
          11           0.661724950   11    0
        11
          12           0.558738045   12    0
        12
          13           0.384153817   13    0
        13
          14           0.375214933   14    0
        14
          15           0.319730072   15    0
        15
          16           0.106177510   16    0
        16
          17           0.040165326   17    0
        17
$end
