$coord
    1.20760135427760      0.66742740082010      0.00000000000000  c
    1.12342761781477      2.71830592719869      0.00000000000000  h
    3.45926953319709     -0.47124447942270      0.00000000000000  c
    3.54767573675312     -2.52204582763061      0.00000000000000  h
   -1.20760135428858     -0.66742740102146      0.00000000000000  c
   -1.12342761788780     -2.71830592740155      0.00000000000000  h
   -3.45926953317249      0.47124447930082      0.00000000000000  c
   -3.54767573667226      2.52204582751141      0.00000000000000  h
   -5.87758056081904     -0.87322321043039      0.00000000000000  c
   -5.77998295304280     -2.92301664117848      0.00000000000000  h
   -8.12471506048327      0.24681098586014      0.00000000000000  c
   -9.86074053506649     -0.83972891884306      0.00000000000000  h
   -8.31181309444299      2.28948515594375      0.00000000000000  h
    5.87758056077053      0.87322321043221      0.00000000000000  c
    5.77998295290777      2.92301664117629      0.00000000000000  h
    8.12471506052110     -0.24681098568839      0.00000000000000  c
    9.86074053502589      0.83972891913487      0.00000000000000  h
    8.31181309460789     -2.28948515576169      0.00000000000000  h
$user-defined bonds
$redundant
     number_of_atoms            18
     degrees_of_freedom         33
     internal_coordinates       33
     frozen_coordinates          0
# definitions of redundant internals
   1 k  1.0000000000000 stre   1    2           val=   2.05261
   2 k  1.0000000000000 stre   3    4           val=   2.05271
   3 k  1.0000000000000 stre   5    6           val=   2.05261
   4 k  1.0000000000000 stre   7    8           val=   2.05271
   5 k  1.0000000000000 stre  16   17           val=   2.04801
   6 k  1.0000000000000 stre   9   11           val=   2.51079
   7 k  1.0000000000000 stre   3   14           val=   2.76692
   8 k  1.0000000000000 stre   1    5           val=   2.75954
   9 k  1.0000000000000 stre  16   18           val=   2.05122
  10 k  1.0000000000000 stre   9   10           val=   2.05212
  11 k  1.0000000000000 stre  11   12           val=   2.04801
  12 k  1.0000000000000 stre  14   16           val=   2.51079
  13 k  1.0000000000000 stre   7    9           val=   2.76692
  14 k  1.0000000000000 stre  11   13           val=   2.05122
  15 k  1.0000000000000 stre   1    3           val=   2.52321
  16 k  1.0000000000000 stre   5    7           val=   2.52321
  17 k  1.0000000000000 stre  14   15           val=   2.05212
  18 k -0.8164965809277 bend  13   12   11      val=   2.39388
        0.4082483052160 bend   9   12   11
        0.4082482757117 bend   9   13   11
  19 k  0.8164965809277 bend  17   18   16      val=  -2.39388
       -0.4082482920683 bend  14   18   16
       -0.4082482888594 bend  14   17   16
  20 k -0.7071067811865 bend  16   15   14      val=  -1.43645
        0.7071067811865 bend   3   15   14
  21 k -0.7071067811865 bend   5    8    7      val=  -1.34528
        0.7071067811865 bend   9    8    7
  22 k  0.7071067811865 bend   7    6    5      val=   1.29869
       -0.7071067811865 bend   1    6    5
  23 k  0.7071067811865 bend  11   10    9      val=   1.43645
       -0.7071067811865 bend   7   10    9
  24 k -0.7071067811865 bend   1    4    3      val=  -1.34528
        0.7071067811865 bend  14    4    3
  25 k  0.7071067811865 bend   3    2    1      val=   1.29869
       -0.7071067811865 bend   5    2    1
  26 k  0.0000000170343 bend  13   12   11      val=  -0.13040
        0.7071067726694 bend   9   12   11
       -0.7071067897037 bend   9   13   11
  27 k -0.0000000018527 bend  17   18   16      val=  -0.13040
       -0.7071067802602 bend  14   18   16
        0.7071067821129 bend  14   17   16
  28 k  1.0000000000000 bend   7   11    9      val= 124.43505
  29 k  1.0000000000000 bend   5    9    7      val= 124.10220
  30 k  1.0000000000000 bend   1    7    5      val= 124.24528
  31 k  1.0000000000000 bend   3   16   14      val= 124.43505
  32 k  1.0000000000000 bend   5    3    1      val= 124.24528
  33 k  1.0000000000000 bend   1   14    3      val= 124.10220
        33 non zero eigenvalues  of BmBt
           1           4.597746174    1    0
         1
           2           4.330577311    2    0
         2
           3           3.996559509    3    0
         3
           4           3.904426137    4    0
         4
           5           3.877646531    5    0
         5
           6           3.557550092    6    0
         6
           7           3.315605593    7    0
         7
           8           3.125362297    8    0
         8
           9           2.745002168    9    0
         9
          10           2.512292413   10    0
        10
          11           2.360868975   11    0
        11
          12           2.151816454   12    0
        12
          13           2.040197237   13    0
        13
          14           2.020177126   14    0
        14
          15           1.478520177   15    0
        15
          16           1.106286061   16    0
        16
          17           0.914343952   17    0
        17
          18           0.913655646   18    0
        18
          19           0.659040927   19    0
        19
          20           0.637477535   20    0
        20
          21           0.593811458   21    0
        21
          22           0.542925172   22    0
        22
          23           0.461172042   23    0
        23
          24           0.391438834   24    0
        24
          25           0.360047046   25    0
        25
          26           0.357457750   26    0
        26
          27           0.335571970   27    0
        27
          28           0.136104663   28    0
        28
          29           0.131988284   29    0
        29
          30           0.078811205   30    0
        30
          31           0.047353546   31    0
        31
          32           0.028640338   32    0
        32
          33           0.005218160   33    0
        33
$end
