$hessapprox internal
  0.460575790752D+00 -0.635246986454D-02  0.458466578447D+00 -0.512220880115D-02
 -0.635247068059D-02  0.460575788008D+00 -0.635246979657D-02 -0.723142083324D-02
 -0.635247061261D-02  0.458466577214D+00  0.281781091141D-02  0.277074244692D-02
  0.281780982397D-02  0.277074418818D-02  0.463475320810D+00 -0.328991915121D-02
 -0.514641520289D-02 -0.328992290699D-02 -0.514641171159D-02  0.382391623505D-02
  0.719366082855D+00  0.872303468739D-03  0.161262436084D-02  0.872306146007D-03
  0.161262243668D-02 -0.511502617863D-03  0.477596198159D-02  0.377659623394D+00
  0.575900686951D-02  0.723634791832D-02  0.575901030232D-02  0.723634616634D-02
 -0.486227214221D-02  0.106866946988D-02  0.171304292820D-01  0.386932538991D+00
 -0.404362193994D-03 -0.275437459366D-03 -0.404362469275D-03 -0.275437107259D-03
 -0.156912674890D-02 -0.632973286403D-03  0.149075402741D-02  0.246042502578D-02
  0.464545560112D+00 -0.496011235453D-02 -0.609980934094D-02 -0.496011378614D-02
 -0.609980929737D-02  0.285815949625D-02 -0.283170757963D-02  0.117773018148D-02
  0.460235399586D-02 -0.530806669041D-03  0.461077749588D+00  0.281781133780D-02
  0.277074236450D-02  0.281781025035D-02  0.277074410579D-02 -0.222267700805D-02
  0.382391782452D-02 -0.511504084217D-03 -0.486227357733D-02 -0.156912663195D-02
  0.285815989187D-02  0.463475330780D+00 -0.328992063949D-02 -0.514641605425D-02
 -0.328992439524D-02 -0.514641256296D-02  0.382391533551D-02  0.936222864536D-02
  0.477596612009D-02  0.106867383150D-02 -0.632973380179D-03 -0.283170911384D-02
  0.382391692501D-02  0.719366070660D+00  0.872301667086D-03  0.161262397601D-02
  0.872304344387D-03  0.161262205186D-02 -0.511505345546D-03  0.477595466010D-02
  0.175588227641D-01  0.171304361789D-01  0.149075372886D-02  0.117772832857D-02
 -0.511506811902D-03  0.477595879881D-02  0.377659632665D+00 -0.404362654213D-03
 -0.275437405770D-03 -0.404362929513D-03 -0.275437053642D-03 -0.156912760140D-02
 -0.632976622596D-03  0.149075487759D-02  0.246042533067D-02 -0.115243922723D-02
 -0.530806985465D-03 -0.156912748448D-02 -0.632976716362D-03  0.149075457902D-02
  0.464545559086D+00 -0.659957649291D-02 -0.120083747184D-01 -0.659958617251D-02
 -0.120083681340D-01  0.113987746158D-01  0.114392563659D-01  0.136166540714D-02
 -0.164911856924D-02 -0.274341879667D-02 -0.467839577981D-02  0.113987796679D-01
  0.114392489433D-01  0.136164752612D-02 -0.274342439310D-02  0.744532126580D+00
 -0.659957613037D-02 -0.120083765145D-01 -0.659958581006D-02 -0.120083699302D-01
  0.113987804065D-01  0.114392602723D-01  0.136165575682D-02 -0.164913373173D-02
 -0.274341857418D-02 -0.467839443040D-02  0.113987854587D-01  0.114392528499D-01
  0.136163787559D-02 -0.274342417062D-02  0.345283304715D-01  0.744532194474D+00
 -0.496011155263D-02 -0.609980914210D-02 -0.496011298424D-02 -0.609980909852D-02
  0.285816044402D-02 -0.283170428662D-02  0.117772868005D-02  0.460235304632D-02
 -0.530806443721D-03 -0.462024864887D-02  0.285816083964D-02 -0.283170582083D-02
  0.117772682712D-02 -0.530806760136D-03 -0.467838913479D-02 -0.467838778529D-02
  0.461077750766D+00  0.100832091102D-02  0.203284450095D-02  0.100832095980D-02
  0.203284420811D-02 -0.676575525139D-02  0.129109016279D-01  0.109335670290D-02
  0.150688389399D-02 -0.491000361615D-02  0.163439094440D-02 -0.676575576671D-02
  0.129109018310D-01  0.109335598091D-02 -0.491000148298D-02 -0.407323945308D-02
 -0.407324206115D-02  0.163439067354D-02  0.234725636045D+00 -0.100832182181D-02
 -0.203284554313D-02 -0.100832187057D-02 -0.203284525030D-02  0.676575655827D-02
 -0.129109044151D-01 -0.109335804288D-02 -0.150688607759D-02  0.491000456710D-02
 -0.163439174500D-02  0.676575707369D-02 -0.129109046182D-01 -0.109335732088D-02
  0.491000243393D-02  0.407323972294D-02  0.407324233104D-02 -0.163439147414D-02
  0.109225044084D+00  0.234725600134D+00  0.571349178122D-02  0.801891102848D-02
  0.571349486531D-02  0.801891798402D-02 -0.662142786333D-02 -0.200097521457D-01
  0.537644213912D-02  0.414023711506D-02 -0.101397604086D-02  0.575242082818D-02
 -0.662142719304D-02 -0.200097433654D-01  0.537644592641D-02 -0.101398175760D-02
 -0.280734228529D-01 -0.280734365095D-01  0.575242389756D-02 -0.290736096599D-02
  0.290736045690D-02  0.271548590638D+00 -0.163294490954D-02 -0.158852070788D-02
 -0.163294495856D-02 -0.158852494692D-02  0.210104381776D-02 -0.238351425242D-02
  0.129261265235D-01  0.186727775907D-01 -0.141825465486D-02 -0.191900818611D-02
  0.210104341484D-02 -0.238351627327D-02  0.129261287468D-01 -0.141825074462D-02
 -0.153429391008D-01 -0.153429379320D-01 -0.191901061706D-02  0.750084959769D-03
 -0.750079198305D-03  0.107423439953D-01  0.307967662316D+00  0.114920972050D-02
  0.626039920728D-03  0.114920906949D-02  0.626044288236D-03 -0.694783088626D-03
  0.447449141301D-02 -0.145489961726D-01 -0.222449046406D-01  0.162033815807D-02
  0.164072009096D-02 -0.694782384582D-03  0.447449250410D-02 -0.145489998635D-01
  0.162033412029D-02  0.213214713762D-01  0.213214732112D-01  0.164072270857D-02
  0.258961119775D-02 -0.258961768698D-02 -0.653576725328D-02  0.556609256886D-01
  0.304740702378D+00 -0.571348751777D-02 -0.801891323093D-02 -0.571349060197D-02
 -0.801892018647D-02  0.662144107023D-02  0.200097927649D-01 -0.537645653993D-02
 -0.414024873751D-02  0.101397749716D-02 -0.575241758471D-02  0.662144039995D-02
  0.200097839846D-01 -0.537646032693D-02  0.101398321390D-02  0.280734956737D-01
  0.280735093303D-01 -0.575242065418D-02  0.290734140923D-02 -0.290734090005D-02
  0.904443214941D-01 -0.107423899116D-01  0.653581495277D-02  0.271548446209D+00
 -0.163294101780D-02 -0.158852161086D-02 -0.163294106682D-02 -0.158852584992D-02
  0.210105446501D-02 -0.238349151863D-02  0.129261112250D-01  0.186727602907D-01
 -0.141825216932D-02 -0.191900463831D-02  0.210105406207D-02 -0.238349353939D-02
  0.129261134483D-01 -0.141824825908D-02 -0.153428849671D-01 -0.153428837982D-01
 -0.191900706925D-02  0.750093096880D-03 -0.750087335424D-03  0.107423652926D-01
 -0.540251901519D-01  0.556609404707D-01 -0.107424112088D-01  0.307967635483D+00
  0.114920716284D-02  0.626038011602D-03  0.114920651184D-02  0.626042379128D-03
 -0.694783762709D-03  0.447448983405D-02 -0.145489923984D-01 -0.222448994683D-01
  0.162033772965D-02  0.164071761723D-02 -0.694783058656D-03  0.447449092524D-02
 -0.145489960894D-01  0.162033369187D-02  0.213214622944D-01  0.213214641295D-01
  0.164072023483D-02  0.258961016041D-02 -0.258961664965D-02 -0.653575278668D-02
  0.556609210814D-01 -0.572521337425D-01  0.653580048615D-02  0.556609358636D-01
  0.304740708111D+00 -0.166596466460D-03  0.111439659114D-02 -0.166594306593D-03
  0.111439721537D-02 -0.288390917088D-02 -0.909772261044D-02  0.745069714034D-02
  0.820747048131D-02 -0.122074398508D-02 -0.131417538436D-03 -0.288390990210D-02
 -0.909771893522D-02  0.745070084203D-02 -0.122074444408D-02 -0.173635483858D-01
 -0.173635555345D-01 -0.131417902005D-03  0.520003104052D-02 -0.520003091213D-02
 -0.242650102513D-01 -0.618598063093D-02  0.720637225244D-02  0.242650167855D-01
 -0.618598324347D-02  0.720637721427D-02  0.375174113472D+00 -0.166578834216D-03
  0.111439953288D-02 -0.166576674357D-03  0.111440015712D-02 -0.288388177883D-02
 -0.909763881855D-02  0.745065659395D-02  0.820743063028D-02 -0.122073913684D-02
 -0.131402478131D-03 -0.288388251003D-02 -0.909763514339D-02  0.745066029559D-02
 -0.122073959586D-02 -0.173633749553D-01 -0.173633821039D-01 -0.131402841687D-03
  0.520001085654D-02 -0.520001072814D-02 -0.242649264569D-01 -0.618604744603D-02
  0.720644606419D-02  0.242649329909D-01 -0.618605005837D-02  0.720645102608D-02
 -0.775125092634D-02  0.375174099149D+00 -0.692079780904D-03 -0.270936463827D-02
 -0.692083925508D-03 -0.270936561031D-02  0.203049626754D-02  0.197003186189D-01
  0.402762302568D-02  0.107700760770D-01 -0.113950279079D-02 -0.163249018515D-02
  0.203049693636D-02  0.197003133678D-01  0.402761770204D-02 -0.113950192833D-02
  0.272480909336D-01  0.272480994290D-01 -0.163248920430D-02  0.854924000847D-03
 -0.854922795317D-03  0.293702834086D-01 -0.172624581818D-01  0.168320384268D-01
 -0.293702952310D-01 -0.172624509639D-01  0.168320291729D-01  0.138123905404D-02
  0.138125216680D-02  0.391554657775D+00 -0.722441369317D-02 -0.282083582207D-02
 -0.722440521498D-02 -0.282083833126D-02 -0.110074832898D-01 -0.137499096941D-01
  0.221877473907D-01  0.235501401241D-01 -0.442712706224D-02 -0.665960749498D-02
 -0.110074886663D-01 -0.137498986531D-01  0.221877615131D-01 -0.442712480213D-02
 -0.397508262053D-01 -0.397508515293D-01 -0.665961180131D-02  0.362757127055D-02
 -0.362757219702D-02 -0.128429044486D-01  0.159297498450D-01 -0.182299783991D-01
  0.128428765502D-01  0.159297157918D-01 -0.182299658907D-01  0.314228517910D-02
  0.314218438191D-02 -0.163573606951D-01  0.427243352574D+00 -0.482890093033D-05
 -0.709998115038D-03 -0.483080084979D-05 -0.709997866923D-03 -0.197835226559D-02
  0.128844078119D-01  0.771760944976D-02  0.121410567299D-01 -0.243116065851D-02
 -0.628268700145D-03 -0.197835225103D-02  0.128844059945D-01  0.771760700522D-02
 -0.243116066080D-02  0.188747653304D-01  0.188747684055D-01 -0.628267884488D-03
 -0.103202441669D-02  0.103202529443D-02  0.942024390624D-02 -0.655248793264D-02
  0.661530151076D-02 -0.942024408966D-02 -0.655248172447D-02  0.661529773124D-02
 -0.137689196744D-02 -0.137687784911D-02 -0.750776066592D-02 -0.141496268737D-01
  0.396696625160D+00 -0.692169557809D-03 -0.270939314881D-02 -0.692173702258D-03
 -0.270939412091D-02  0.203038510700D-02  0.196999980119D-01  0.402781388019D-02
  0.107702790424D-01 -0.113952774742D-02 -0.163256947876D-02  0.203038577577D-02
  0.196999927609D-01  0.402780855687D-02 -0.113952688489D-02  0.272473578660D-01
  0.272473663611D-01 -0.163256849800D-02  0.854943158983D-03 -0.854941953501D-03
  0.293701345586D-01 -0.172622704980D-01  0.168318142461D-01 -0.293701463815D-01
 -0.172622632806D-01  0.168318049923D-01  0.138131715441D-02  0.138133026555D-02
 -0.120886522313D-01 -0.163568543411D-01 -0.750785728493D-02  0.391554350446D+00
 -0.498903536723D-05 -0.710045282326D-03 -0.499093505747D-05 -0.710045034287D-03
 -0.197856035157D-02  0.128838169429D-01  0.771796106683D-02  0.121414304924D-01
 -0.243120730847D-02 -0.628410100128D-03 -0.197856033712D-02  0.128838151258D-01
  0.771795862267D-02 -0.243120731069D-02  0.188734187317D-01  0.188734218061D-01
 -0.628409284583D-03 -0.103199953699D-02  0.103200041472D-02  0.941995391100D-02
 -0.655213985630D-02  0.661488736420D-02 -0.941995409530D-02 -0.655213364914D-02
  0.661488358500D-02 -0.137675233843D-02 -0.137673822304D-02 -0.750803357768D-02
 -0.141486997223D-01 -0.694670496942D-02 -0.750813018227D-02  0.396696273985D+00
 -0.722427574812D-02 -0.282079279882D-02 -0.722426727013D-02 -0.282079530792D-02
 -0.110073105851D-01 -0.137494112994D-01  0.221874515880D-01  0.235498210836D-01
 -0.442708879365D-02 -0.665948526177D-02 -0.110073159615D-01 -0.137494002587D-01
  0.221874657098D-01 -0.442708653358D-02 -0.397496863948D-01 -0.397497117183D-01
 -0.665948956800D-02  0.362754624977D-02 -0.362754717624D-02 -0.128426824711D-01
  0.159294652049D-01 -0.182296364740D-01  0.128426545735D-01  0.159294311526D-01
 -0.182296239659D-01  0.314216216611D-02  0.314206137143D-02 -0.163571219689D-01
  0.235994071627D-01 -0.141494777916D-01 -0.163566156271D-01 -0.141485506628D-01
  0.427241770822D+00
$end
