$coord
   -1.31875064911832     -2.28369524407908      0.00000000000000  c
    1.31830338566943     -2.28384337119268      0.00000000000000  c
    2.63698557275565     -0.00020003015774      0.00000000000000  c
    1.31871136208128      2.28373103478677      0.00000000000000  c
   -1.31831077360477      2.28384464676312      0.00000000000000  c
   -2.63700747007383      0.00020592535713      0.00000000000000  c
   -2.35303606338358     -4.07491309819026      0.00000000000000  h
    2.35239128839956     -4.07520865692835      0.00000000000000  h
    4.70538383970824     -0.00024544295579      0.00000000000000  h
    2.35321378818429      4.07482614399033      0.00000000000000  h
   -2.35248285733071      4.07515411448459      0.00000000000000  h
   -4.70540142328727      0.00034397812198      0.00000000000000  h
$user-defined bonds
$redundant
     number_of_atoms            12
     degrees_of_freedom         21
     internal_coordinates       21
     frozen_coordinates          0
# definitions of redundant internals
   1 k  1.0000000000000 stre   2    8           val=   2.06841
   2 k  1.0000000000000 stre   3    9           val=   2.06840
   3 k  1.0000000000000 stre   6    5           val=   2.63704
   4 k  1.0000000000000 stre   3    2           val=   2.63703
   5 k  1.0000000000000 stre   2    1           val=   2.63705
   6 k  1.0000000000000 stre   1    6           val=   2.63704
   7 k  1.0000000000000 stre   4   10           val=   2.06839
   8 k  1.0000000000000 stre   5    4           val=   2.63702
   9 k  1.0000000000000 stre   4    3           val=   2.63708
  10 k  1.0000000000000 stre   5   11           val=   2.06841
  11 k  1.0000000000000 stre   6   12           val=   2.06839
  12 k  1.0000000000000 stre   1    7           val=   2.06838
  13 k -0.4082482904639 bend   1    5    6      val=   0.00036
        0.4082482904639 bend   6    4    5
       -0.4082482904639 bend   5    3    4
        0.4082482904639 bend   4    2    3
       -0.4082482904639 bend   3    1    2
        0.4082482904639 bend   2    6    1
  14 k  0.7071067811865 bend   5   10    4      val=   0.00535
       -0.7071067811865 bend   3   10    4
  15 k  0.7071067811865 bend   6    7    1      val=   0.00193
       -0.7071067811865 bend   2    7    1
  16 k -0.7071067811865 bend   4   11    5      val=  -0.00248
        0.7071067811865 bend   6   11    5
  17 k  0.7071067811865 bend   2    9    3      val=   0.00414
       -0.7071067811865 bend   4    9    3
  18 k -0.7071067811865 bend   3    8    2      val=  -0.00009
        0.7071067811865 bend   1    8    2
  19 k -0.7071067811865 bend   1   12    6      val=   0.00174
        0.7071067811865 bend   5   12    6
  20 k  0.5000000000000 bend   1    5    6      val=   0.00045
       -0.5000000000000 bend   6    4    5
        0.5000000000000 bend   4    2    3
       -0.5000000000000 bend   3    1    2
  21 k -0.2886751345948 bend   1    5    6      val=  -0.00286
       -0.2886751345948 bend   6    4    5
        0.5773502691896 bend   5    3    4
       -0.2886751345948 bend   4    2    3
       -0.2886751345948 bend   3    1    2
        0.5773502691896 bend   2    6    1
        21 non zero eigenvalues  of BmBt
           1           4.381552870    1    0
         1
           2           4.381547449    2    0
         2
           3           3.551768598    3    0
         3
           4           3.504352266    4    0
         4
           5           3.504350716    5    0
         5
           6           3.195985130    6    0
         6
           7           2.618033975    7    0
         7
           8           1.989689755    8    0
         8
           9           1.890658836    9    0
         9
          10           1.890624450   10    0
        10
          11           1.576101712   11    0
        11
          12           1.576075310   12    0
        12
          13           0.544623505   13    0
        13
          14           0.403385109   14    0
        14
          15           0.381966003   15    0
        15
          16           0.357832325   16    0
        16
          17           0.357831121   17    0
        17
          18           0.280433623   18    0
        18
          19           0.280431656   19    0
        19
          20           0.259405800   20    0
        20
          21           0.259401681   21    0
        21
$end
