$coord
    0.00000000338414      1.26842378228379      0.00000000000000  c
   -0.00000000332002     -1.26842361652674      0.00000000000000  c
 2.06278342113e-09 0.768423782284 0.25 h
 2.06278342113e-09 0.768423782284 -0.25 h
 0.433012705937 1.51842378114 0.25 h
 0.433012705937 1.51842378114 -0.25 h
 -0.433012697847 1.51842378343 0.25 h
 -0.433012697847 1.51842378343 -0.25 h
 -1.99866342113e-09 -0.768423616527 0.25 h
 -1.99866342113e-09 -0.768423616527 -0.25 h
 -0.433012705873 -1.51842361538 0.25 h
 -0.433012705873 -1.51842361538 -0.25 h
 0.433012697912 -1.51842361767 0.25 h
 0.433012697912 -1.51842361767 -0.25 h
$end
