$coord
   -1.32688010083649     -2.29779361017668      0.00000000000000  c
    1.32650273106658     -2.29797254475850      0.00000000000000  c
    2.65336464436733     -0.00020794416754      0.00000000000000  c
    1.32688883876731      2.29781502636756      0.00000000000000  c
   -1.32649173305500      2.29800286673633      0.00000000000000  c
   -2.65338217335331      0.00020679936935      0.00000000000000  c
 -1.57684489735 -1.86476058545 -0.25 h
 -1.57684489735 -1.86476058545 0.25 h
 -0.826880102489 -2.2978342587 -0.25 h
 -0.826880102489 -2.2978342587 0.25 h
 -1.57691530267 -2.73078598637 -0.25 h
 -1.57691530267 -2.73078598637 0.25 h
 1.57653762515 -1.86497999085 0.25 h
 1.57653762515 -1.86497999085 -0.25 h
 0.82650273269 -2.29793225161 0.25 h
 0.82650273269 -2.29793225161 -0.25 h
 1.57646783536 -2.73100539182 0.25 h
 1.57646783536 -2.73100539182 -0.25 h
 2.40332975029 -0.433200498079 -0.25 h
 2.40332975029 -0.433200498079 0.25 h
 2.40339954007 0.432824902893 -0.25 h
 2.40339954007 0.432824902893 0.25 h
 3.15336464274 -0.000248237317039 -0.25 h
 3.15336464274 -0.000248237317039 0.25 h
 0.82688884002 2.29785042279 0.25 h
 0.82688884002 2.29785042279 -0.25 h
 1.57685818394 1.86478462735 0.25 h
 1.57685818394 1.86478462735 -0.25 h
 1.57691949234 2.73081002896 0.25 h
 1.57691949234 2.73081002896 -0.25 h
 -0.826491734308 2.29796747031 -0.25 h
 -0.826491734308 2.29796747031 0.25 h
 -1.57652238663 1.86500786414 -0.25 h
 -1.57652238663 1.86500786414 0.25 h
 -1.57646107823 2.73103326576 -0.25 h
 -1.57646107823 2.73103326576 0.25 h
 -2.40341737684 -0.432826225356 0.25 h
 -2.40341737684 -0.432826225356 -0.25 h
 -2.40334697152 0.433199175567 0.25 h
 -2.40334697152 0.433199175567 -0.25 h
 -3.1533821717 0.000247447897156 0.25 h
 -3.1533821717 0.000247447897156 -0.25 h
$user-defined bonds
$redundant
     number_of_atoms            12
     degrees_of_freedom         21
     internal_coordinates       21
     frozen_coordinates          0
# definitions of redundant internals
   1 k  1.0000000000000 stre   2    8           val=   2.07433
   2 k  1.0000000000000 stre   3    9           val=   2.07435
   3 k  1.0000000000000 stre   6    5           val=   2.65339
   4 k  1.0000000000000 stre   3    2           val=   2.65335
   5 k  1.0000000000000 stre   2    1           val=   2.65338
   6 k  1.0000000000000 stre   1    6           val=   2.65338
   7 k  1.0000000000000 stre   4   10           val=   2.07433
   8 k  1.0000000000000 stre   5    4           val=   2.65338
   9 k  1.0000000000000 stre   4    3           val=   2.65338
  10 k  1.0000000000000 stre   5   11           val=   2.07435
  11 k  1.0000000000000 stre   6   12           val=   2.07437
  12 k  1.0000000000000 stre   1    7           val=   2.07432
  13 k -0.4082482904639 bend   1    5    6      val=   0.00025
        0.4082482904639 bend   6    4    5
       -0.4082482904639 bend   5    3    4
        0.4082482904639 bend   4    2    3
       -0.4082482904639 bend   3    1    2
        0.4082482904639 bend   2    6    1
  14 k  0.7071067811865 bend   5   10    4      val=   0.00454
       -0.7071067811865 bend   3   10    4
  15 k  0.7071067811865 bend   6    7    1      val=  -0.00300
       -0.7071067811865 bend   2    7    1
  16 k -0.7071067811865 bend   4   11    5      val=  -0.00458
        0.7071067811865 bend   6   11    5
  17 k  0.7071067811865 bend   2    9    3      val=   0.00199
       -0.7071067811865 bend   4    9    3
  18 k -0.7071067811865 bend   3    8    2      val=   0.00284
        0.7071067811865 bend   1    8    2
  19 k -0.7071067811865 bend   1   12    6      val=   0.00340
        0.7071067811865 bend   5   12    6
  20 k  0.5000000000000 bend   1    5    6      val=  -0.00022
       -0.5000000000000 bend   6    4    5
        0.5000000000000 bend   4    2    3
       -0.5000000000000 bend   3    1    2
  21 k -0.2886751345948 bend   1    5    6      val=  -0.00080
       -0.2886751345948 bend   6    4    5
        0.5773502691896 bend   5    3    4
       -0.2886751345948 bend   4    2    3
       -0.2886751345948 bend   3    1    2
        0.5773502691896 bend   2    6    1
        21 non zero eigenvalues  of BmBt
           1           4.381552870    1    0
         1
           2           4.381547449    2    0
         2
           3           3.551768598    3    0
         3
           4           3.504352266    4    0
         4
           5           3.504350716    5    0
         5
           6           3.195985130    6    0
         6
           7           2.618033975    7    0
         7
           8           1.989689755    8    0
         8
           9           1.890658836    9    0
         9
          10           1.890624450   10    0
        10
          11           1.576101712   11    0
        11
          12           1.576075310   12    0
        12
          13           0.544623505   13    0
        13
          14           0.403385109   14    0
        14
          15           0.381966003   15    0
        15
          16           0.357832325   16    0
        16
          17           0.357831121   17    0
        17
          18           0.280433623   18    0
        18
          19           0.280431656   19    0
        19
          20           0.259405800   20    0
        20
          21           0.259401681   21    0
        21
$end
