$coord
   -5.29221488332106     -4.69431193834839      0.00000000000000  c
   -2.60441280301946     -4.70185412421382      0.00000000000000  c
   -1.30526656711361     -2.35646885084551      0.00000000000000  c
   -2.69336564151740     -0.04782482659170      0.00000000000000  c
   -5.37411913071872     -0.09543437420120      0.00000000000000  c
   -6.62786919142603     -2.47291461270460      0.00000000000000  c
    1.38811823702813     -2.30863210932288      0.00000000000000  c
   -1.38811828858385      2.30863200028975      0.00000000000000  c
    1.30526657554324      2.35646875496930      0.00000000000000  c
    2.69336562638350      0.04782476572067      0.00000000000000  c
    2.60441265948380      4.70185411228435      0.00000000000000  c
    1.17233937176561      6.97641801364838      0.00000000000000  c
   -1.41927430329188      6.93038833745051      0.00000000000000  c
   -2.76972205625142      4.60642736460674      0.00000000000000  c
   -5.45555698594710      4.50344175209787      0.00000000000000  c
   -6.71149579424253      2.23603633904323      0.00000000000000  c
   -1.17233944348727     -6.97641780212713      0.00000000000000  c
    1.41927438529685     -6.93038813481105      0.00000000000000  c
    2.76972227398759     -4.60642744892403      0.00000000000000  c
    5.45555724864244     -4.50344176258890      0.00000000000000  c
    6.71149593266899     -2.23603641078570      0.00000000000000  c
    5.37411921204760      0.09543438165568      0.00000000000000  c
    5.29221455569320      4.69431197336565      0.00000000000000  c
    6.62786903741875      2.47291459696935      0.00000000000000  c
 -5.54986205266 -4.26580530347 -0.25 h
 -5.54986205266 -4.26580530347 0.25 h
 -4.79229366716 -4.68543626193 -0.25 h
 -4.79229366716 -4.68543626193 0.25 h
 -5.53448893015 -5.13169424965 -0.25 h
 -5.53448893015 -5.13169424965 0.25 h
 -2.36213953863 -4.26447137951 0.25 h
 -2.36213953863 -4.26447137951 -0.25 h
 -3.1043340033 -4.71073069495 0.25 h
 -3.1043340033 -4.71073069495 -0.25 h
 -2.34676486713 -5.13036029818 0.25 h
 -2.34676486713 -5.13036029818 -0.25 h
 -1.5475398315 -2.79385159555 0.25 h
 -1.5475398315 -2.79385159555 -0.25 h
 -0.805345366831 -2.34759228011 0.25 h
 -0.805345366831 -2.34759228011 -0.25 h
 -1.56291450301 -1.92796267688 0.25 h
 -1.56291450301 -1.92796267688 -0.25 h
 -3.19328680787 -0.0567033082075 -0.25 h
 -3.19328680787 -0.0567033082075 0.25 h
 -2.45109404897 0.389558844164 -0.25 h
 -2.45109404897 0.389558844164 0.25 h
 -2.43571606772 -0.476330015732 -0.25 h
 -2.43571606772 -0.476330015732 0.25 h
 -4.87419796437 -0.0865558925854 -0.25 h
 -4.87419796437 -0.0865558925854 0.25 h
 -5.61639072327 -0.532818044957 -0.25 h
 -5.61639072327 -0.532818044957 0.25 h
 -5.63176870452 0.333070814939 -0.25 h
 -5.63176870452 0.333070814939 0.25 h
 -6.37022202209 -2.90142124758 0.25 h
 -6.37022202209 -2.90142124758 -0.25 h
 -6.3855951446 -2.03553230141 0.25 h
 -6.3855951446 -2.03553230141 -0.25 h
 -7.12779040759 -2.48179028913 0.25 h
 -7.12779040759 -2.48179028913 -0.25 h
 1.64576733432 -2.73713758497 0.25 h
 1.64576733432 -2.73713758497 -0.25 h
 1.63039031595 -1.87124870798 0.25 h
 1.63039031595 -1.87124870798 -0.25 h
 0.888197060806 -2.31751003502 0.25 h
 0.888197060806 -2.31751003502 -0.25 h
 -1.64576734696 2.73713749934 0.25 h
 -1.64576734696 2.73713749934 -0.25 h
 -1.63039040724 1.87124862095 0.25 h
 -1.63039040724 1.87124862095 -0.25 h
 -0.888197111555 2.31750988058 0.25 h
 -0.888197111555 2.31750988058 -0.25 h
 1.54753981161 2.79385151536 0.25 h
 1.54753981161 2.79385151536 -0.25 h
 0.805345375835 2.34759215187 0.25 h
 0.805345375835 2.34759215187 -0.25 h
 1.56291453918 1.92796259768 0.25 h
 1.56291453918 1.92796259768 -0.25 h
 3.19328679251 0.0567032597548 -0.25 h
 3.19328679251 0.0567032597548 0.25 h
 2.4510940447 -0.389558911054 -0.25 h
 2.4510940447 -0.389558911054 0.25 h
 2.43571604194 0.476329948461 -0.25 h
 2.43571604194 0.476329948461 0.25 h
 2.36213942342 4.2644713519 0.25 h
 2.36213942342 4.2644713519 -0.25 h
 3.10433385919 4.71073071539 0.25 h
 3.10433385919 4.71073071539 -0.25 h
 2.34676469584 5.13036026957 0.25 h
 2.34676469584 5.13036026957 -0.25 h
 0.672418216481 6.96753890905 0.25 h
 0.672418216481 6.96753890905 -0.25 h
 1.42998947955 6.54791314558 0.25 h
 1.42998947955 6.54791314558 -0.25 h
 1.41461041926 7.41380198631 0.25 h
 1.41461041926 7.41380198631 -0.25 h
 -0.919353148007 6.93926744205 -0.25 h
 -0.919353148007 6.93926744205 0.25 h
 -1.66154535079 6.49300436478 -0.25 h
 -1.66154535079 6.49300436478 0.25 h
 -1.67692441108 7.35889320552 -0.25 h
 -1.67692441108 7.35889320552 0.25 h
 -2.51207299788 4.17792186555 -0.25 h
 -2.51207299788 4.17792186555 0.25 h
 -3.26964323328 4.59754948432 -0.25 h
 -3.26964323328 4.59754948432 0.25 h
 -2.5274499376 5.04381074395 -0.25 h
 -2.5274499376 5.04381074395 0.25 h
 -5.69782831048 4.06605793288 0.25 h
 -5.69782831048 4.06605793288 -0.25 h
 -4.95563582504 4.51232054005 0.25 h
 -4.95563582504 4.51232054005 -0.25 h
 -5.71320682232 4.93194678336 0.25 h
 -5.71320682232 4.93194678336 -0.25 h
 -6.46922446971 2.67342015826 -0.25 h
 -6.46922446971 2.67342015826 0.25 h
 -6.45384595787 1.80753130778 -0.25 h
 -6.45384595787 1.80753130778 0.25 h
 -7.21141695515 2.22715755109 -0.25 h
 -7.21141695515 2.22715755109 0.25 h
 -0.672418288162 -6.96753869977 0.25 h
 -0.672418288162 -6.96753869977 -0.25 h
 -1.42998954936 -6.54791293291 0.25 h
 -1.42998954936 -6.54791293291 -0.25 h
 -1.41461049294 -7.41380177371 0.25 h
 -1.41461049294 -7.41380177371 -0.25 h
 0.919353229972 -6.93926723717 -0.25 h
 0.919353229972 -6.93926723717 0.25 h
 1.66154543475 -6.49300416323 -0.25 h
 1.66154543475 -6.49300416323 0.25 h
 1.67692449117 -7.35889300403 -0.25 h
 1.67692449117 -7.35889300403 0.25 h
 2.51207317669 -4.17792197327 -0.25 h
 2.51207317669 -4.17792197327 0.25 h
 3.26964345021 -4.59754952323 -0.25 h
 3.26964345021 -4.59754952323 0.25 h
 2.52745019506 -5.04381085027 -0.25 h
 2.52745019506 -5.04381085027 0.25 h
 5.69782855984 -4.06605793599 0.25 h
 5.69782855984 -4.06605793599 -0.25 h
 4.955636088 -4.51232056578 0.25 h
 4.955636088 -4.51232056578 -0.25 h
 5.71320709808 -4.93194678599 0.25 h
 5.71320709808 -4.93194678599 -0.25 h
 6.46922462147 -2.67342023739 -0.25 h
 6.46922462147 -2.67342023739 0.25 h
 6.45384608323 -1.80753138738 -0.25 h
 6.45384608323 -1.80753138738 0.25 h
 7.21141709331 -2.22715760759 -0.25 h
 7.21141709331 -2.22715760759 0.25 h
 4.87419804592 0.0865558876216 -0.25 h
 4.87419804592 0.0865558876216 0.25 h
 5.61639079373 0.53281805843 -0.25 h
 5.61639079373 0.53281805843 0.25 h
 5.63176879649 -0.333070801084 -0.25 h
 5.63176879649 -0.333070801084 0.25 h
 5.5498617453 4.26580535068 -0.25 h
 5.5498617453 4.26580535068 0.25 h
 4.79229333995 4.68543627329 -0.25 h
 4.79229333995 4.68543627329 0.25 h
 5.53448858182 5.13169429613 -0.25 h
 5.53448858182 5.13169429613 0.25 h
 6.37022184781 2.90142121965 0.25 h
 6.37022184781 2.90142121965 -0.25 h
 6.38559501129 2.03553227421 0.25 h
 6.38559501129 2.03553227421 -0.25 h
 7.12779025316 2.48179029704 0.25 h
 7.12779025316 2.48179029704 -0.25 h
$user-defined bonds
$redundant
     number_of_atoms            36
     degrees_of_freedom         69
     internal_coordinates       90
     frozen_coordinates          0
# definitions of redundant internals
   1 k  1.0000000000000 stre  13   22           val=   2.06833
   2 k  1.0000000000000 stre   1   19           val=   2.06834
   3 k  1.0000000000000 stre  23   26           val=   2.06830
   4 k  1.0000000000000 stre  24   27           val=   2.06833
   5 k  1.0000000000000 stre  28   31           val=   2.06834
   6 k  1.0000000000000 stre  33   34           val=   2.06834
   7 k  1.0000000000000 stre  35   36           val=   2.06834
   8 k  1.0000000000000 stre   6   20           val=   2.06834
   9 k  1.0000000000000 stre  12   21           val=   2.06830
  10 k  1.0000000000000 stre  29   32           val=   2.06832
  11 k  1.0000000000000 stre  15   18           val=   2.06834
  12 k  1.0000000000000 stre  16   17           val=   2.06832
  13 k  0.7071067811865 bend  29   31   28      val=   0.76906
       -0.7071067811865 bend  25   31   28
  14 k -0.7071067811865 bend   1   20    6      val=  -0.76679
        0.7071067811865 bend   5   20    6
  15 k -0.7071067811865 bend  28   32   29      val=  -0.76873
        0.7071067811865 bend  30   32   29
  16 k  0.7071067811865 bend  12   22   13      val=   0.76695
       -0.7071067811865 bend  14   22   13
  17 k -0.7071067811865 bend  16   18   15      val=  -0.76905
        0.7071067811865 bend  14   18   15
  18 k  0.7071067811865 bend  15   17   16      val=   0.76872
       -0.7071067811865 bend   5   17   16
  19 k -0.7071067811865 bend  33   36   35      val=  -0.76679
        0.7071067811865 bend  30   36   35
  20 k -0.7071067811865 bend  13   21   12      val=  -0.76899
        0.7071067811865 bend  11   21   12
  21 k  0.7071067811865 bend   6   19    1      val=   0.76936
       -0.7071067811865 bend   2   19    1
  22 k  0.7071067811865 bend  24   26   23      val=   0.76898
       -0.7071067811865 bend   2   26   23
  23 k  0.7071067811865 bend  23   27   24      val=   0.76693
       -0.7071067811865 bend  25   27   24
  24 k -0.7071067811865 bend  35   34   33      val=  -0.76934
        0.7071067811865 bend  11   34   33
  25 k  1.0000000000000 stre   1    6           val=   2.59202
  26 k  1.0000000000000 stre   1    2           val=   2.68781
  27 k  1.0000000000000 stre   2    3           val=   2.68116
  28 k  1.0000000000000 stre   2   23           val=   2.68784
  29 k  1.0000000000000 stre   3    7           val=   2.69381
  30 k  1.0000000000000 stre   3    4           val=   2.69382
  31 k  1.0000000000000 stre   4    5           val=   2.68118
  32 k  1.0000000000000 stre   4    8           val=   2.69380
  33 k  1.0000000000000 stre   5   16           val=   2.68781
  34 k  1.0000000000000 stre   5    6           val=   2.68781
  35 k  1.0000000000000 stre   7   25           val=   2.68117
  36 k  1.0000000000000 stre   7   10           val=   2.69380
  37 k  1.0000000000000 stre   8   14           val=   2.68117
  38 k  1.0000000000000 stre   8    9           val=   2.69381
  39 k  1.0000000000000 stre   9   11           val=   2.68116
  40 k  1.0000000000000 stre   9   10           val=   2.69382
  41 k  1.0000000000000 stre  10   30           val=   2.68118
  42 k  1.0000000000000 stre  11   33           val=   2.68781
  43 k  1.0000000000000 stre  11   12           val=   2.68784
  44 k  1.0000000000000 stre  12   13           val=   2.59202
  45 k  1.0000000000000 stre  13   14           val=   2.68784
  46 k  1.0000000000000 stre  14   15           val=   2.68781
  47 k  1.0000000000000 stre  15   16           val=   2.59201
  48 k  1.0000000000000 stre  23   24           val=   2.59202
  49 k  1.0000000000000 stre  24   25           val=   2.68784
  50 k  1.0000000000000 stre  25   28           val=   2.68781
  51 k  1.0000000000000 stre  28   29           val=   2.59201
  52 k  1.0000000000000 stre  29   30           val=   2.68781
  53 k  1.0000000000000 stre  30   35           val=   2.68781
  54 k  1.0000000000000 stre  33   35           val=   2.59202
  55 k  1.0000000000000 bend   2    6    1      val= 121.17791
  56 k  0.4082525224562 bend  23    3    2      val=  -1.76658
        0.4082440584569 bend   1    3    2
       -0.8164965809131 bend   1   23    2
  57 k -0.7071043378277 bend  23    3    2      val=  -0.00030
        0.7071092245200 bend   1    3    2
       -0.0000048866923 bend   1   23    2
  58 k  0.7073089209596 bend   7    2    3      val=  -0.00004
       -0.7069044679083 bend   4    2    3
       -0.0004044530513 bend   4    7    3
  59 k -0.4078979737602 bend   7    2    3      val=  -0.00048
       -0.4085985069942 bend   4    2    3
        0.8164964807544 bend   4    7    3
  60 k -0.7072311546363 bend   8    5    4      val=  -0.00010
        0.7069823420737 bend   3    5    4
        0.0002488125626 bend   3    8    4
  61 k  0.4080327935086 bend   8    5    4      val=  -0.00071
        0.4084637495086 bend   3    5    4
       -0.8164965430172 bend   3    8    4
  62 k  0.4081307944136 bend  16    4    5      val=  -1.76695
        0.4083657752432 bend   6    4    5
       -0.8164965696568 bend   6   16    5
  63 k  0.7071746045483 bend  16    4    5      val=  -0.00041
       -0.7070389383030 bend   6    4    5
       -0.0001356662452 bend   6   16    5
  64 k  1.0000000000000 bend   5    1    6      val= 121.17821
  65 k -0.7072087602991 bend   3   25    7      val=   0.00028
        0.7070047579325 bend  10   25    7
        0.0002040023666 bend  10    3    7
  66 k -0.4080716064894 bend   3   25    7      val=  -0.00023
       -0.4084249489532 bend  10   25    7
        0.8164965554426 bend  10    3    7
  67 k -0.7071131856843 bend   4   14    8      val=  -0.00028
        0.7071003765147 bend   9   14    8
        0.0000128091696 bend   9    4    8
  68 k  0.4082371973474 bend   4   14    8      val=   0.00023
        0.4082593834799 bend   9   14    8
       -0.8164965808273 bend   9    4    8
  69 k -0.7070817333158 bend   8   11    9      val=   0.00004
        0.7071318263958 bend  10   11    9
       -0.0000500930800 bend  10    8    9
  70 k  0.4082916715754 bend   8   11    9      val=   0.00048
        0.4082049078157 bend  10   11    9
       -0.8164965793911 bend  10    8    9
  71 k  0.7071778938445 bend   9   30   10      val=  -0.00010
       -0.7070356470671 bend   7   30   10
       -0.0001422467774 bend   7    9   10
  72 k -0.4081250949456 bend   9   30   10      val=   0.00071
       -0.4083714735913 bend   7   30   10
        0.8164965685369 bend   7    9   10
  73 k  0.4079877490035 bend  33    9   11      val=  -1.76658
        0.4085087765107 bend  12    9   11
       -0.8164965255142 bend  12   33   11
  74 k  0.7072571408828 bend  33    9   11      val=  -0.00105
       -0.7069563255112 bend  12    9   11
       -0.0003008153716 bend  12   33   11
  75 k  1.0000000000000 bend  11   13   12      val= 121.17714
  76 k  1.0000000000000 bend  14   12   13      val= 121.17829
  77 k  0.4084830940140 bend  15    8   14      val=  -1.76748
        0.4080134418894 bend  13    8   14
       -0.8164965359034 bend  13   15   14
  78 k -0.7069711653041 bend  15    8   14      val=  -0.00051
        0.7072423190847 bend  13    8   14
       -0.0002711537806 bend  13   15   14
  79 k  1.0000000000000 bend  14   16   15      val= 121.17839
  80 k  1.0000000000000 bend   5   15   16      val= 121.17807
  81 k  1.0000000000000 bend   2   24   23      val= 121.17714
  82 k  1.0000000000000 bend  25   23   24      val= 121.17829
  83 k  0.4084109069247 bend  28    7   25      val=  -1.76748
        0.4080856524087 bend  24    7   25
       -0.8164965593333 bend  24   28   25
  84 k  0.7070128695941 bend  28    7   25      val=   0.00030
       -0.7072006553764 bend  24    7   25
        0.0001877857824 bend  24   28   25
  85 k  1.0000000000000 bend  25   29   28      val= 121.17838
  86 k  1.0000000000000 bend  30   28   29      val= 121.17807
  87 k -0.4089510213534 bend  29   10   30      val=   1.76695
       -0.4075451561316 bend  35   10   30
        0.8164961774850 bend  35   29   30
  88 k  0.7067005934628 bend  29   10   30      val=   0.00196
       -0.7075122701270 bend  35   10   30
        0.0008116766642 bend  35   29   30
  89 k  1.0000000000000 bend  11   35   33      val= 121.17791
  90 k  1.0000000000000 bend  30   33   35      val= 121.17821
        69 non zero eigenvalues  of BmBt
           1           2.158614809    1    0
         1
           2           2.153657145    2    0
         2
           3           2.153654591    3    0
         3
           4           2.143541537    4    0
         4
           5           2.143539403    5    0
         5
           6           2.138331746    6    0
         6
           7           2.066883230    7    0
         7
           8           2.065363550    8    0
         8
           9           2.065362930    9    0
         9
          10           2.062771584   10    0
        10
          11           2.062770744   11    0
        11
          12           2.061644391   12    0
        12
          13           1.639659372   13    0
        13
          14           1.628108157   14    0
        14
          15           1.628098781   15    0
        15
          16           1.601924022   16    0
        16
          17           1.601915047   17    0
        17
          18           1.586823979   18    0
        18
          19           1.201273844   19    0
        19
          20           1.182492309   20    0
        20
          21           1.182486798   21    0
        21
          22           1.148786368   22    0
        22
          23           1.148778238   23    0
        23
          24           1.133394231   24    0
        24
          25           3.000000001   25    0
        25
          26           2.939025873   26    0
        26
          27           2.922960184   27    0
        27
          28           2.922956755   28    0
        28
          29           2.922680452   29    0
        29
          30           2.922672811   30    0
        30
          31           2.425625031   31    0
        31
          32           2.098718918   32    0
        32
          33           2.098717990   33    0
        33
          34           1.772055380   34    0
        34
          35           1.702992491   35    0
        35
          36           1.702984629   36    0
        36
          37           1.634775789   37    0
        37
          38           1.634770759   38    0
        38
          39           1.521974514   39    0
        39
          40           1.437104614   40    0
        40
          41           1.437101915   41    0
        41
          42           1.379263880   42    0
        42
          43           0.803788741   43    0
        43
          44           0.803786796   44    0
        44
          45           0.764003291   45    0
        45
          46           0.660288682   46    0
        46
          47           0.660286847   47    0
        47
          48           0.521195540   48    0
        48
          49           0.501485297   49    0
        49
          50           0.453033542   50    0
        50
          51           0.453031287   51    0
        51
          52           0.322777938   52    0
        52
          53           0.322776066   53    0
        53
          54           0.134520670   54    0
        54
          55           1.606442094    0    0
         0.000000000         0.000000000         0.000000000         0.000000000
         0.000000000         0.000000000         0.000000000         0.000000000
         0.000000000         0.000000000         0.000000000         0.000000000
         0.000000000         0.000000000         0.000000000         0.000000000
         0.000000000         0.000000000         0.000000000         0.000000000
         0.000000000         0.000000000         0.000000000         0.000000000
         0.000000000         0.000000000         0.000000000         0.000000000
         0.000000000         0.000000000         0.000000000         0.000000000
         0.000000000         0.000000000         0.000000000         0.000000000
         0.000000000         0.000000000         0.000000000         0.000000000
         0.000000000         0.000000000         0.000000000         0.000000000
         0.000000000         0.000000000         0.000000000         0.000000000
         0.000000000         0.000000000         0.000000000         0.000000000
         0.000000000         0.000000000        -0.069044205        -0.000000341
         0.214861261         0.333117131         0.000160971         0.333117323
         0.000099064        -0.000034881         0.214862661         0.069043709
         0.333118028        -0.000078576        -0.333115618        -0.000003755
        -0.333117925         0.000018352         0.333117555         0.000054357
        -0.000079129         0.214861665         0.069042927        -0.069042720
        -0.000072136         0.214859857         0.069043167        -0.069043543
         0.069042274        -0.069043192        -0.000048393        -0.214862639
         0.069043535        -0.069044077        -0.000214063         0.214862529
        -0.069043167         0.069043248
          56           0.723932883    0    0
         0.000000000         0.000000000         0.000000000         0.000000000
         0.000000000         0.000000000         0.000000000         0.000000000
         0.000000000         0.000000000         0.000000000         0.000000000
         0.000000000         0.000000000         0.000000000         0.000000000
         0.000000000         0.000000000         0.000000000         0.000000000
         0.000000000         0.000000000         0.000000000         0.000000000
         0.000000000         0.000000000         0.000000000         0.000000000
         0.000000000         0.000000000         0.000000000         0.000000000
         0.000000000         0.000000000         0.000000000         0.000000000
         0.000000000         0.000000000         0.000000000         0.000000000
         0.000000000         0.000000000         0.000000000         0.000000000
         0.000000000         0.000000000         0.000000000         0.000000000
         0.000000000         0.000000000         0.000000000         0.000000000
         0.000000000         0.000000000         0.235817389        -0.041384883
        -0.124011628        -0.052974977        -0.000029222        -0.131235467
        -0.000042561        -0.004940844        -0.307208299        -0.291084694
         0.078261410        -0.000015914         0.078258068         0.000004046
        -0.052976051        -0.000000228         0.131238941         0.000018975
         0.041336817         0.124020744         0.010176058         0.082503981
         0.036443062        -0.183182997        -0.280896790         0.318310952
        -0.010181501        -0.082499975        -0.036425063        -0.183188122
         0.280896011        -0.318310323        -0.005302058         0.307201458
        -0.235807081         0.291075195
          57           0.723929102    0    0
         0.000000000         0.000000000         0.000000000         0.000000000
         0.000000000         0.000000000         0.000000000         0.000000000
         0.000000000         0.000000000         0.000000000         0.000000000
         0.000000000         0.000000000         0.000000000         0.000000000
         0.000000000         0.000000000         0.000000000         0.000000000
         0.000000000         0.000000000         0.000000000         0.000000000
         0.000000000         0.000000000         0.000000000         0.000000000
         0.000000000         0.000000000         0.000000000         0.000000000
         0.000000000         0.000000000         0.000000000         0.000000000
         0.000000000         0.000000000         0.000000000         0.000000000
         0.000000000         0.000000000         0.000000000         0.000000000
         0.000000000         0.000000000         0.000000000         0.000000000
         0.000000000         0.000000000         0.000000000         0.000000000
         0.000000000         0.000000000        -0.231417460        -0.018112490
         0.283132713         0.120952039         0.000064236         0.014599438
         0.000007119        -0.044908245         0.034167967         0.156306427
         0.106354729        -0.000030751         0.106357508         0.000000796
         0.120952627        -0.000006693        -0.014595455        -0.000000162
         0.018229220        -0.283127472        -0.330235997         0.319928721
        -0.026692318        -0.248977022        -0.173935605         0.088513854
         0.330220302        -0.319912561         0.026711790        -0.248965540
         0.173932749        -0.088515315        -0.044864164        -0.034212025
         0.231407578        -0.156295753
          58           0.662105290    0    0
         0.000000000         0.000000000         0.000000000         0.000000000
         0.000000000         0.000000000         0.000000000         0.000000000
         0.000000000         0.000000000         0.000000000         0.000000000
         0.000000000         0.000000000         0.000000000         0.000000000
         0.000000000         0.000000000         0.000000000         0.000000000
         0.000000000         0.000000000         0.000000000         0.000000000
         0.000000000         0.000000000         0.000000000         0.000000000
         0.000000000         0.000000000         0.000000000         0.000000000
         0.000000000         0.000000000         0.000000000         0.000000000
         0.000000000         0.000000000         0.000000000         0.000000000
         0.000000000         0.000000000         0.000000000         0.000000000
         0.000000000         0.000000000         0.000000000         0.000000000
         0.000000000         0.000000000         0.000000000         0.000000000
         0.000000000         0.000000000        -0.085295710         0.251081103
         0.000005144        -0.000152509         0.298444180        -0.000102466
         0.298447231        -0.251086431        -0.000052750         0.085291116
        -0.000075421        -0.298445118         0.000005639        -0.298451060
         0.000016910         0.298449290        -0.000055155         0.298446382
        -0.251097574        -0.000080371         0.085319670        -0.085319294
         0.251096621         0.000094207        -0.085291212         0.085296584
        -0.085280694         0.085278564        -0.251078548         0.000049267
         0.085299920        -0.085299169        -0.251086734        -0.000248562
         0.085289182        -0.085290608
          59           0.623040129    0    0
         0.000000000         0.000000000         0.000000000         0.000000000
         0.000000000         0.000000000         0.000000000         0.000000000
         0.000000000         0.000000000         0.000000000         0.000000000
         0.000000000         0.000000000         0.000000000         0.000000000
         0.000000000         0.000000000         0.000000000         0.000000000
         0.000000000         0.000000000         0.000000000         0.000000000
         0.000000000         0.000000000         0.000000000         0.000000000
         0.000000000         0.000000000         0.000000000         0.000000000
         0.000000000         0.000000000         0.000000000         0.000000000
         0.000000000         0.000000000         0.000000000         0.000000000
         0.000000000         0.000000000         0.000000000         0.000000000
         0.000000000         0.000000000         0.000000000         0.000000000
         0.000000000         0.000000000         0.000000000         0.000000000
         0.000000000         0.000000000        -0.266475741         0.243008396
         0.053326362         0.023887758         0.082414619         0.086768468
         0.056208501        -0.165716582         0.193314911         0.300173539
        -0.110747264        -0.026201325         0.110733546         0.026213782
        -0.023943065        -0.082384222         0.086796771        -0.056150250
         0.242975641         0.053432039        -0.185945762         0.258149966
        -0.077233824        -0.246690549        -0.114195592         0.008298004
        -0.185964345         0.258166593        -0.077275642         0.246692895
        -0.114194063         0.008291872         0.165474097         0.193510484
        -0.266484734         0.300176130
          60           0.623037160    0    0
         0.000000000         0.000000000         0.000000000         0.000000000
         0.000000000         0.000000000         0.000000000         0.000000000
         0.000000000         0.000000000         0.000000000         0.000000000
         0.000000000         0.000000000         0.000000000         0.000000000
         0.000000000         0.000000000         0.000000000         0.000000000
         0.000000000         0.000000000         0.000000000         0.000000000
         0.000000000         0.000000000         0.000000000         0.000000000
         0.000000000         0.000000000         0.000000000         0.000000000
         0.000000000         0.000000000         0.000000000         0.000000000
         0.000000000         0.000000000         0.000000000         0.000000000
         0.000000000         0.000000000         0.000000000         0.000000000
         0.000000000         0.000000000         0.000000000         0.000000000
         0.000000000         0.000000000         0.000000000         0.000000000
         0.000000000         0.000000000         0.144254142         0.051016314
        -0.254042187        -0.114053108         0.017246992         0.077768816
        -0.062674541         0.184904040         0.173242557        -0.041423381
         0.036261145        -0.080018483        -0.036286120         0.079993020
         0.114043166        -0.017293839         0.077737467         0.062727989
         0.051098616        -0.254022024        -0.239227874         0.158630257
        -0.235970408         0.080762705         0.280674886        -0.302906553
        -0.239232773         0.158638482        -0.235974479        -0.080778971
         0.280670836        -0.302904720        -0.185117175         0.173025867
         0.144255224        -0.041427100
          61           0.569465780    0    0
         0.000000000         0.000000000         0.000000000         0.000000000
         0.000000000         0.000000000         0.000000000         0.000000000
         0.000000000         0.000000000         0.000000000         0.000000000
         0.000000000         0.000000000         0.000000000         0.000000000
         0.000000000         0.000000000         0.000000000         0.000000000
         0.000000000         0.000000000         0.000000000         0.000000000
         0.000000000         0.000000000         0.000000000         0.000000000
         0.000000000         0.000000000         0.000000000         0.000000000
         0.000000000         0.000000000         0.000000000         0.000000000
         0.000000000         0.000000000         0.000000000         0.000000000
         0.000000000         0.000000000         0.000000000         0.000000000
         0.000000000         0.000000000         0.000000000         0.000000000
         0.000000000         0.000000000         0.000000000         0.000000000
         0.000000000         0.000000000        -0.255959581        -0.000015423
         0.091480935        -0.165105636        -0.000091669        -0.165114659
        -0.000059359        -0.000004750         0.091459405         0.255952192
        -0.165103299         0.000051184         0.165105018         0.000010842
         0.165108312        -0.000018432        -0.165110015        -0.000037907
        -0.000032690         0.091477397         0.255975364        -0.255976901
        -0.000030173         0.091482190         0.255963698        -0.255958433
         0.255980996        -0.255983641        -0.000004636        -0.091486176
         0.255964884        -0.255960899        -0.000084680         0.091468381
        -0.255965651         0.255962300
          62           0.445167560    0    0
         0.000000000         0.000000000         0.000000000         0.000000000
         0.000000000         0.000000000         0.000000000         0.000000000
         0.000000000         0.000000000         0.000000000         0.000000000
         0.000000000         0.000000000         0.000000000         0.000000000
         0.000000000         0.000000000         0.000000000         0.000000000
         0.000000000         0.000000000         0.000000000         0.000000000
         0.000000000         0.000000000         0.000000000         0.000000000
         0.000000000         0.000000000         0.000000000         0.000000000
         0.000000000         0.000000000         0.000000000         0.000000000
         0.000000000         0.000000000         0.000000000         0.000000000
         0.000000000         0.000000000         0.000000000         0.000000000
         0.000000000         0.000000000         0.000000000         0.000000000
         0.000000000         0.000000000         0.000000000         0.000000000
         0.000000000         0.000000000         0.215056581        -0.135007712
         0.000003193        -0.000114745         0.236518069        -0.000072008
         0.236517829         0.135005412         0.000021752        -0.215057187
        -0.000058080        -0.236514417         0.000001860        -0.236513810
         0.000012317         0.236508015        -0.000041309         0.236508369
         0.135018017         0.000050704        -0.215060521         0.215057728
        -0.135010134        -0.000041476         0.215058342        -0.215056462
         0.215060558        -0.215061873         0.135010613        -0.000035952
        -0.215055811         0.215059433         0.135012385         0.000130438
        -0.215059653         0.215055796
          63           0.363003145    0    0
         0.000000000         0.000000000         0.000000000         0.000000000
         0.000000000         0.000000000         0.000000000         0.000000000
         0.000000000         0.000000000         0.000000000         0.000000000
         0.000000000         0.000000000         0.000000000         0.000000000
         0.000000000         0.000000000         0.000000000         0.000000000
         0.000000000         0.000000000         0.000000000         0.000000000
         0.000000000         0.000000000         0.000000000         0.000000000
         0.000000000         0.000000000         0.000000000         0.000000000
         0.000000000         0.000000000         0.000000000         0.000000000
         0.000000000         0.000000000         0.000000000         0.000000000
         0.000000000         0.000000000         0.000000000         0.000000000
         0.000000000         0.000000000         0.000000000         0.000000000
         0.000000000         0.000000000         0.000000000         0.000000000
         0.000000000         0.000000000         0.117772972         0.000055929
        -0.333321245        -0.166770422        -0.000013657         0.166763929
         0.000065720        -0.000069249         0.333292221         0.117755245
         0.166775081        -0.000096308         0.166765936         0.000056079
        -0.166771411        -0.000057545        -0.166781358        -0.000042781
        -0.000066874         0.333345662         0.117785393         0.117759846
         0.000069788        -0.333303366        -0.117762768        -0.117755811
        -0.117768985        -0.117791641        -0.000124370        -0.333361941
         0.117795536         0.117795501         0.000343716        -0.333375189
        -0.117784911        -0.117796370
          64           0.359141911    0    0
         0.000000000         0.000000000         0.000000000         0.000000000
         0.000000000         0.000000000         0.000000000         0.000000000
         0.000000000         0.000000000         0.000000000         0.000000000
         0.000000000         0.000000000         0.000000000         0.000000000
         0.000000000         0.000000000         0.000000000         0.000000000
         0.000000000         0.000000000         0.000000000         0.000000000
         0.000000000         0.000000000         0.000000000         0.000000000
         0.000000000         0.000000000         0.000000000         0.000000000
         0.000000000         0.000000000         0.000000000         0.000000000
         0.000000000         0.000000000         0.000000000         0.000000000
         0.000000000         0.000000000         0.000000000         0.000000000
         0.000000000         0.000000000         0.000000000         0.000000000
         0.000000000         0.000000000         0.000000000         0.000000000
         0.000000000         0.000000000         0.059370373        -0.274681758
        -0.116867010        -0.019881317        -0.331685804         0.039242615
         0.004636075        -0.003861487         0.228927531         0.119624120
        -0.019089522         0.336300982         0.019244650        -0.336300869
         0.020006159         0.331676685         0.039191062        -0.004612602
        -0.274640211        -0.116846536        -0.062734688         0.060321780
         0.278544993        -0.112032897        -0.056864358        -0.119675736
        -0.062773254         0.060273844         0.278537723         0.111937987
        -0.056828777        -0.119624748         0.003601103         0.228813554
         0.059326350         0.119583435
          65           0.359140057    0    0
         0.000000000         0.000000000         0.000000000         0.000000000
         0.000000000         0.000000000         0.000000000         0.000000000
         0.000000000         0.000000000         0.000000000         0.000000000
         0.000000000         0.000000000         0.000000000         0.000000000
         0.000000000         0.000000000         0.000000000         0.000000000
         0.000000000         0.000000000         0.000000000         0.000000000
         0.000000000         0.000000000         0.000000000         0.000000000
         0.000000000         0.000000000         0.000000000         0.000000000
         0.000000000         0.000000000         0.000000000         0.000000000
         0.000000000         0.000000000         0.000000000         0.000000000
         0.000000000         0.000000000         0.000000000         0.000000000
         0.000000000         0.000000000         0.000000000         0.000000000
         0.000000000         0.000000000         0.000000000         0.000000000
         0.000000000         0.000000000         0.103883822         0.163010982
        -0.196820834        -0.033821403         0.196807556        -0.000596942
         0.385652898        -0.319389068        -0.002808502        -0.003412846
         0.034240051         0.188822297        -0.034202984        -0.188827007
         0.033721165        -0.196833051        -0.000393611        -0.385659595
         0.163078536        -0.196787813        -0.101876947        -0.103349891
         0.156310819         0.199641301         0.105288353        -0.000539799
        -0.101871302        -0.103336993         0.156334760        -0.199597210
         0.105280189        -0.000553337         0.319387573        -0.002409534
         0.103900124        -0.003410597
          66           0.234386059    0    0
         0.000000000         0.000000000         0.000000000         0.000000000
         0.000000000         0.000000000         0.000000000         0.000000000
         0.000000000         0.000000000         0.000000000         0.000000000
         0.000000000         0.000000000         0.000000000         0.000000000
         0.000000000         0.000000000         0.000000000         0.000000000
         0.000000000         0.000000000         0.000000000         0.000000000
         0.000000000         0.000000000         0.000000000         0.000000000
         0.000000000         0.000000000         0.000000000         0.000000000
         0.000000000         0.000000000         0.000000000         0.000000000
         0.000000000         0.000000000         0.000000000         0.000000000
         0.000000000         0.000000000         0.000000000         0.000000000
         0.000000000         0.000000000         0.000000000         0.000000000
         0.000000000         0.000000000         0.000000000         0.000000000
         0.000000000         0.000000000         0.165479554        -0.372062757
         0.068278478         0.111274636         0.000047973         0.288256238
         0.000087772        -0.052592087         0.176865565        -0.040487620
        -0.176985680         0.000050428        -0.176995280        -0.000010726
         0.111272307         0.000002062        -0.288265137        -0.000048411
         0.372091992        -0.068144188        -0.118732972        -0.084847401
         0.319477218         0.108714007        -0.159217743         0.080640643
         0.118726076         0.084847959        -0.319484927         0.108671382
         0.159223463        -0.080639371        -0.052379254        -0.176933149
        -0.165484695         0.040491843
          67           0.234383751    0    0
         0.000000000         0.000000000         0.000000000         0.000000000
         0.000000000         0.000000000         0.000000000         0.000000000
         0.000000000         0.000000000         0.000000000         0.000000000
         0.000000000         0.000000000         0.000000000         0.000000000
         0.000000000         0.000000000         0.000000000         0.000000000
         0.000000000         0.000000000         0.000000000         0.000000000
         0.000000000         0.000000000         0.000000000         0.000000000
         0.000000000         0.000000000         0.000000000         0.000000000
         0.000000000         0.000000000         0.000000000         0.000000000
         0.000000000         0.000000000         0.000000000         0.000000000
         0.000000000         0.000000000         0.000000000         0.000000000
         0.000000000         0.000000000         0.000000000         0.000000000
         0.000000000         0.000000000         0.000000000         0.000000000
         0.000000000         0.000000000        -0.002434002         0.154133509
         0.164816433         0.268607376         0.000127159         0.037939489
         0.000004211         0.399272235         0.023344045        -0.160469832
         0.230679048        -0.000059623         0.230661235         0.000004539
         0.268618713        -0.000009516        -0.037944350         0.000001808
        -0.154056278        -0.164884687         0.115296179        -0.142098312
         0.245203561        -0.141451342        -0.045171605        -0.144523517
        -0.115309367         0.142098720        -0.245188121        -0.141491398
         0.045169231         0.144534518         0.399312327        -0.022886112
         0.002422980         0.160480754
          68           0.206038471    0    0
         0.000000000         0.000000000         0.000000000         0.000000000
         0.000000000         0.000000000         0.000000000         0.000000000
         0.000000000         0.000000000         0.000000000         0.000000000
         0.000000000         0.000000000         0.000000000         0.000000000
         0.000000000         0.000000000         0.000000000         0.000000000
         0.000000000         0.000000000         0.000000000         0.000000000
         0.000000000         0.000000000         0.000000000         0.000000000
         0.000000000         0.000000000         0.000000000         0.000000000
         0.000000000         0.000000000         0.000000000         0.000000000
         0.000000000         0.000000000         0.000000000         0.000000000
         0.000000000         0.000000000         0.000000000         0.000000000
         0.000000000         0.000000000         0.000000000         0.000000000
         0.000000000         0.000000000         0.000000000         0.000000000
         0.000000000         0.000000000         0.167567076        -0.155859580
        -0.105345519        -0.108849865         0.293034174         0.262283087
         0.031698101         0.016774074         0.254182490        -0.012170747
        -0.153639328        -0.261430082         0.153569110         0.261471508
         0.108701281        -0.293093114         0.262285330        -0.031573075
        -0.155810799        -0.105413043         0.162873481        -0.144087045
         0.139100670        -0.148778600        -0.150710413        -0.023480204
         0.162876182        -0.144081855         0.139068552         0.148791095
        -0.150704414        -0.023476742        -0.017058366         0.254155001
         0.167560559        -0.012164047
          69           0.206037652    0    0
         0.000000000         0.000000000         0.000000000         0.000000000
         0.000000000         0.000000000         0.000000000         0.000000000
         0.000000000         0.000000000         0.000000000         0.000000000
         0.000000000         0.000000000         0.000000000         0.000000000
         0.000000000         0.000000000         0.000000000         0.000000000
         0.000000000         0.000000000         0.000000000         0.000000000
         0.000000000         0.000000000         0.000000000         0.000000000
         0.000000000         0.000000000         0.000000000         0.000000000
         0.000000000         0.000000000         0.000000000         0.000000000
         0.000000000         0.000000000         0.000000000         0.000000000
         0.000000000         0.000000000         0.000000000         0.000000000
         0.000000000         0.000000000         0.000000000         0.000000000
         0.000000000         0.000000000         0.000000000         0.000000000
         0.000000000         0.000000000        -0.069629462         0.070565224
        -0.232679212        -0.240038798        -0.132825275         0.025996366
        -0.320163807        -0.170274611         0.025069619         0.181050395
         0.214145285        -0.187518317        -0.214205042         0.187462107
         0.240097155         0.132693162         0.025849822         0.320177315
         0.070655795        -0.232642788        -0.079989285        -0.110294034
         0.099612742         0.207609578        -0.101057313         0.179933449
        -0.079984703        -0.110301980         0.099653928        -0.207592253
        -0.101063726         0.179925273         0.170222488         0.025273630
        -0.069630233         0.181042196
$end
