$coord
   -1.34900770632980      6.99978193126843      0.00000000000000  c
   -2.69680255359236      4.67096529468592      0.00000000000000  c
   -1.34469286373331      2.32914511269604      0.00000000000000  c
    1.34471232430485      2.32914496467508      0.00000000000000  c
    2.69681636613348      4.67098959404772      0.00000000000000  c
    1.34901531467755      6.99976166276772      0.00000000000000  c
   -2.68940735166663      0.00003324233992      0.00000000000000  c
    2.68947204429612      0.00003722568154      0.00000000000000  c
    1.34471602111472     -2.32907301828618      0.00000000000000  c
   -1.34468503964147     -2.32908721724749      0.00000000000000  c
    2.69676964567764     -4.67088916147881      0.00000000000000  c
    5.38741455042009     -4.66817991533412      0.00000000000000  c
    6.73647732270202     -2.33159451969567      0.00000000000000  c
    5.39349062199839      0.00000852700559      0.00000000000000  c
    6.73649939308313      2.33155753144585      0.00000000000000  c
    5.38751056259563      4.66818492992711      0.00000000000000  c
   -5.38746640836042      4.66814843166309      0.00000000000000  c
   -6.73650539933212      2.33151423953073      0.00000000000000  c
   -5.39348540033134     -0.00001666383496      0.00000000000000  c
   -6.73649458418418     -2.33162000477643      0.00000000000000  c
   -5.38739742725167     -4.66818673753736      0.00000000000000  c
   -2.69673286085027     -4.67092666979265      0.00000000000000  c
    1.34900410865636     -6.99973702552728      0.00000000000000  c
   -1.34900910122610     -6.99975435628997      0.00000000000000  c
    6.73373755055387     -7.01958691555242      0.00000000000000  c
    2.71221656932013     -9.34134556777713      0.00000000000000  c
   -2.71223311099004     -9.34138116297929      0.00000000000000  c
   -6.73375718658688     -7.01957865199031      0.00000000000000  c
   -9.44594481789295     -2.32177192797337      0.00000000000000  c
   -9.44596337576299      2.32181396039494      0.00000000000000  c
   -6.73373452251151      7.01953029960850      0.00000000000000  c
   -2.71226116748002      9.34144180897452      0.00000000000000  c
    2.71224515440684      9.34137234852915      0.00000000000000  c
    6.73373344521774      7.01960206885904      0.00000000000000  c
    9.44597032780653      2.32178777961911      0.00000000000000  c
    9.44591889615624     -2.32183882603004      0.00000000000000  c
   -9.45098870965512     -6.94991803969063      0.00000000000000  c
   -5.36746601204772     -9.29681695666488      0.00000000000000  c
   10.73496038730379     -0.00003098473809      0.00000000000000  c
   10.74437857250245     -4.70977402054782      0.00000000000000  c
    5.36749370979229      9.29685063127134      0.00000000000000  c
    1.29336972156706     11.65981112344234      0.00000000000000  c
  -10.74444071037674      4.70973187166553      0.00000000000000  c
  -10.73495769594901      0.00001537700668      0.00000000000000  c
   -1.29339556818351    -11.65983225839284      0.00000000000000  c
    1.29330528468679    -11.65977707159682      0.00000000000000  c
  -10.74431399207312     -4.70974159402932      0.00000000000000  c
   -9.45105266171794      6.94983674563835      0.00000000000000  c
   -1.29332675816845     11.65989483736405      0.00000000000000  c
    9.45106818745756      6.94987442013395      0.00000000000000  c
   10.74442930399981      4.70971564663842      0.00000000000000  c
    9.45098770884676     -6.94993449064612      0.00000000000000  c
    5.36745382894796     -9.29681510561335      0.00000000000000  c
   -5.36752731385865      9.29680208782190      0.00000000000000  c
 -1.59946078592 6.56703113124 0.25 h
 -1.59946078592 6.56703113124 -0.25 h
 -0.849007980203 6.9992586019 0.25 h
 -0.849007980203 6.9992586019 -0.25 h
 -1.59855435287 7.43305606066 0.25 h
 -1.59855435287 7.43305606066 -0.25 h
 -3.19680227959 4.67044184367 -0.25 h
 -3.19680227959 4.67044184367 0.25 h
 -2.44725601247 5.1042394848 -0.25 h
 -2.44725601247 5.1042394848 0.25 h
 -2.44634936871 4.2382145556 -0.25 h
 -2.44634936871 4.2382145556 0.25 h
 -0.844692863733 2.32914508518 -0.25 h
 -0.844692863733 2.32914508518 0.25 h
 -1.59469288757 1.89613242456 -0.25 h
 -1.59469288757 1.89613242456 0.25 h
 -1.5946928399 2.76215782835 -0.25 h
 -1.5946928399 2.76215782835 0.25 h
 0.844712324305 2.32914499219 0.25 h
 0.844712324305 2.32914499219 -0.25 h
 1.59471230047 1.89613224902 0.25 h
 1.59471230047 1.89613224902 -0.25 h
 1.59471234814 2.76215765281 0.25 h
 1.59471234814 2.76215765281 -0.25 h
 2.44635883243 5.10373781624 -0.25 h
 2.44635883243 5.10373781624 0.25 h
 3.19681608685 4.67151806971 -0.25 h
 3.19681608685 4.67151806971 0.25 h
 2.44727417912 4.2377128962 -0.25 h
 2.44727417912 4.2377128962 0.25 h
 1.59947284838 6.56701344057 -0.25 h
 1.59947284838 6.56701344057 0.25 h
 0.849015593964 6.99923318711 -0.25 h
 0.849015593964 6.99923318711 0.25 h
 1.59855750169 7.43303836062 -0.25 h
 1.59855750169 7.43303836062 0.25 h
 -2.43940719514 0.433045853859 -0.25 h
 -2.43940719514 0.433045853859 0.25 h
 -2.4394075082 -0.432979549926 -0.25 h
 -2.4394075082 -0.432979549926 0.25 h
 -3.18940735167 3.34230864268e-05 -0.25 h
 -3.18940735167 3.34230864268e-05 0.25 h
 2.43946524833 0.43304600385 0.25 h
 2.43946524833 0.43304600385 -0.25 h
 2.43947884032 -0.432979399828 0.25 h
 2.43947884032 -0.432979399828 -0.25 h
 3.18947204423 4.50730219458e-05 0.25 h
 3.18947204423 4.50730219458e-05 -0.25 h
 0.844716021122 -2.32907565809 -0.25 h
 0.844716021122 -2.32907565809 0.25 h
 1.59471373498 -1.8960589965 -0.25 h
 1.59471373498 -1.8960589965 0.25 h
 1.59471830725 -2.76208440027 -0.25 h
 1.59471830725 -2.76208440027 0.25 h
 -0.844685039648 -2.32908457745 0.25 h
 -0.844685039648 -2.32908457745 -0.25 h
 -1.59468732577 -1.89607583526 0.25 h
 -1.59468732577 -1.89607583526 -0.25 h
 -1.5946827535 -2.76210123903 0.25 h
 -1.5946827535 -2.76210123903 -0.25 h
 3.19676939221 -4.67038570508 -0.25 h
 3.19676939221 -4.67038570508 0.25 h
 2.44720577844 -5.10415337206 -0.25 h
 2.44720577844 -5.10415337206 0.25 h
 2.44633376638 -4.23812840729 -0.25 h
 2.44633376638 -4.23812840729 0.25 h
 4.88741480389 -4.66868337173 -0.25 h
 4.88741480389 -4.66868337173 0.25 h
 5.63697841766 -4.23491570475 -0.25 h
 5.63697841766 -4.23491570475 0.25 h
 5.63785042971 -5.10094066952 -0.25 h
 5.63785042971 -5.10094066952 0.25 h
 6.48691854392 -1.89832737816 0.25 h
 6.48691854392 -1.89832737816 -0.25 h
 6.4860363609 -2.76435233262 0.25 h
 6.4860363609 -2.76435233262 -0.25 h
 7.23647706329 -2.3321038483 0.25 h
 7.23647706329 -2.3321038483 -0.25 h
 5.64305682369 0.433271392912 -0.25 h
 5.64305682369 0.433271392912 0.25 h
 5.64392416954 -0.432753576539 -0.25 h
 5.64392416954 -0.432753576539 0.25 h
 4.89349087276 -0.000492235356092 -0.25 h
 4.89349087276 -0.000492235356092 0.25 h
 6.48693319139 1.89829466554 -0.25 h
 6.48693319139 1.89829466554 0.25 h
 6.48606584554 2.76431963499 -0.25 h
 6.48606584554 2.76431963499 0.25 h
 7.23649914232 2.33205829381 -0.25 h
 7.23649914232 2.33205829381 0.25 h
 4.88751083422 4.66870610818 0.25 h
 4.88751083422 4.66870610818 -0.25 h
 5.63705907318 4.23491187414 0.25 h
 5.63705907318 4.23491187414 -0.25 h
 5.63796178039 5.10093680746 0.25 h
 5.63796178039 5.10093680746 -0.25 h
 -4.88746668236 4.66867188268 -0.25 h
 -4.88746668236 4.66867188268 0.25 h
 -5.63701294948 4.23487424155 -0.25 h
 -5.63701294948 4.23487424155 0.25 h
 -5.63791959324 5.10089917075 -0.25 h
 -5.63791959324 5.10089917075 0.25 h
 -6.48693617618 1.89825311405 0.25 h
 -6.48693617618 1.89825311405 -0.25 h
 -6.48607486977 2.76427808953 0.25 h
 -6.48607486977 2.76427808953 -0.25 h
 -7.23650515205 2.33201151502 0.25 h
 -7.23650515205 2.33201151502 -0.25 h
 -5.64305462349 0.433244461647 0.25 h
 -5.64305462349 0.433244461647 -0.25 h
 -5.64391592989 -0.43278051383 0.25 h
 -5.64391592989 -0.43278051383 -0.25 h
 -4.89348564761 -0.000513939322075 0.25 h
 -4.89348564761 -0.000513939322075 -0.25 h
 -6.48693269196 -1.89835465658 -0.25 h
 -6.48693269196 -1.89835465658 0.25 h
 -6.48605673218 -2.76437961736 -0.25 h
 -6.48605673218 -2.76437961736 0.25 h
 -7.23649432842 -2.3321257404 -0.25 h
 -7.23649432842 -2.3321257404 0.25 h
 -4.88739768649 -4.66869589257 0.25 h
 -4.88739768649 -4.66869589257 -0.25 h
 -5.63695635644 -4.23491968263 0.25 h
 -5.63695635644 -4.23491968263 -0.25 h
 -5.63783823883 -5.1009446374 0.25 h
 -5.63783823883 -5.1009446374 -0.25 h
 -3.19673260161 -4.67041751476 0.25 h
 -3.19673260161 -4.67041751476 -0.25 h
 -2.44717393167 -5.1041937247 0.25 h
 -2.44717393167 -5.1041937247 -0.25 h
 -2.44629204927 -4.23816876993 0.25 h
 -2.44629204927 -4.23816876993 -0.25 h
 1.59945059254 -6.56698240832 0.25 h
 1.59945059254 -6.56698240832 -0.25 h
 0.849004374612 -6.9992213168 0.25 h
 0.849004374612 -6.9992213168 -0.25 h
 1.59855735882 -7.43300735146 0.25 h
 1.59855735882 -7.43300735146 -0.25 h
 -1.59945139506 -6.56699731422 -0.25 h
 -1.59945139506 -6.56699731422 0.25 h
 -0.849009362212 -6.99924348869 -0.25 h
 -0.849009362212 -6.99924348869 0.25 h
 -1.59856654641 -7.43302226596 -0.25 h
 -1.59856654641 -7.43302226596 0.25 h
 6.4764970368 -7.4483377967 -0.25 h
 6.4764970368 -7.4483377967 0.25 h
 6.49104865246 -6.58243465519 -0.25 h
 6.49104865246 -6.58243465519 0.25 h
 7.2336669624 -7.02798829477 -0.25 h
 7.2336669624 -7.02798829477 0.25 h
 3.21214626919 -9.33296134505 0.25 h
 3.21214626919 -9.33296134505 -0.25 h
 2.45499076951 -8.91258585895 0.25 h
 2.45499076951 -8.91258585895 -0.25 h
 2.46951266926 -9.77848949933 0.25 h
 2.46951266926 -9.77848949933 -0.25 h
 -3.21216270406 -9.3329905749 -0.25 h
 -3.21216270406 -9.3329905749 0.25 h
 -2.45500185202 -8.91262472931 -0.25 h
 -2.45500185202 -8.91262472931 0.25 h
 -2.46953477688 -9.77852818473 -0.25 h
 -2.46953477688 -9.77852818473 0.25 h
 -6.47651648118 -7.44832941815 0.25 h
 -6.47651648118 -7.44832941815 -0.25 h
 -6.49106848391 -6.58242628314 0.25 h
 -6.49106848391 -6.58242628314 -0.25 h
 -7.23368659468 -7.02798025468 0.25 h
 -7.23368659468 -7.02798025468 -0.25 h
 -9.68864125222 -1.8846238515 -0.25 h
 -9.68864125222 -1.8846238515 0.25 h
 -8.94601526129 -2.33016468867 -0.25 h
 -8.94601526129 -2.33016468867 0.25 h
 -9.70317794017 -2.75052724375 -0.25 h
 -9.70317794017 -2.75052724375 0.25 h
 -9.68865623806 1.88466390081 0.25 h
 -9.68865623806 1.88466390081 -0.25 h
 -8.94603388775 2.33021080612 0.25 h
 -8.94603388775 2.33021080612 -0.25 h
 -9.70320000148 2.75056717425 0.25 h
 -9.70320000148 2.75056717425 -0.25 h
 -6.47650822289 7.44828970858 -0.25 h
 -6.47650822289 7.44828970858 0.25 h
 -6.49103113204 6.58238608513 -0.25 h
 -6.49103113204 6.58238608513 0.25 h
 -7.2336642126 7.02791510512 -0.25 h
 -7.2336642126 7.02791510512 0.25 h
 -3.21219052356 9.33303711211 0.25 h
 -3.21219052356 9.33303711211 -0.25 h
 -2.45501780845 8.91269263494 0.25 h
 -2.45501780845 8.91269263494 -0.25 h
 -2.46957517043 9.77859567987 0.25 h
 -2.46957517043 9.77859567987 -0.25 h
 3.21217488247 9.33298980748 -0.25 h
 3.21217488247 9.33298980748 0.25 h
 2.45502079688 8.91261177444 -0.25 h
 2.45502079688 8.91261177444 0.25 h
 2.46953978387 9.77851546367 -0.25 h
 2.46953978387 9.77851546367 0.25 h
 6.47650071324 7.44835761879 0.25 h
 6.47650071324 7.44835761879 -0.25 h
 6.49103661295 6.58245421331 0.25 h
 6.49103661295 6.58245421331 -0.25 h
 7.23366300946 7.02799437447 0.25 h
 7.23366300946 7.02799437447 -0.25 h
 9.68866096442 1.88463648441 -0.25 h
 9.68866096442 1.88463648441 0.25 h
 8.94604088255 2.33018717066 -0.25 h
 8.94604088255 2.33018717066 0.25 h
 9.70320913645 2.75053968379 -0.25 h
 9.70320913645 2.75053968379 0.25 h
 9.68861780757 -1.8846921248 0.25 h
 9.68861780757 -1.8846921248 -0.25 h
 8.945989292 -2.33022875389 0.25 h
 8.945989292 -2.33022875389 -0.25 h
 9.70314958889 -2.7505955994 0.25 h
 9.70314958889 -2.7505955994 -0.25 h
 -9.70098273803 -6.51690189013 -0.25 h
 -9.70098273803 -6.51690189013 0.25 h
 -8.9509887097 -6.9499249351 -0.25 h
 -8.9509887097 -6.9499249351 0.25 h
 -9.70099468123 -7.38292729384 -0.25 h
 -9.70099468123 -7.38292729384 0.25 h
 -4.86753641897 -9.30520754474 0.25 h
 -4.86753641897 -9.30520754474 -0.25 h
 -5.61016434616 -8.85966993492 0.25 h
 -5.61016434616 -8.85966993492 -0.25 h
 -5.62469727101 -9.72557339033 0.25 h
 -5.62469727101 -9.72557339033 -0.25 h
 10.4922697507 0.437120310469 0.25 h
 10.4922697507 0.437120310469 -0.25 h
 10.4777215787 -0.428782888908 0.25 h
 10.4777215787 -0.428782888908 -0.25 h
 11.2348898326 -0.00843037577549 0.25 h
 11.2348898326 -0.00843037577549 -0.25 h
 10.4943736996 -5.14278390903 -0.25 h
 10.4943736996 -5.14278390903 0.25 h
 10.4943834454 -4.2767585053 -0.25 h
 10.4943834454 -4.2767585053 0.25 h
 11.2443785725 -4.70977964732 -0.25 h
 11.2443785725 -4.70977964732 0.25 h
 4.86756398172 9.30523317232 0.25 h
 4.86756398172 9.30523317232 -0.25 h
 5.61019908033 8.85970751614 0.25 h
 5.61019908033 8.85970751614 -0.25 h
 5.62471806732 9.72561120536 0.25 h
 5.62471806732 9.72561120536 -0.25 h
 0.793369721829 11.6598273051 0.25 h
 0.793369721829 11.6598273051 -0.25 h
 1.54335570773 11.226790331 0.25 h
 1.54335570773 11.226790331 -0.25 h
 1.54338373514 12.0928157343 0.25 h
 1.54338373514 12.0928157343 -0.25 h
 -10.4944315921 5.14273930899 -0.25 h
 -10.4944315921 5.14273930899 0.25 h
 -10.4944498288 4.27671390539 -0.25 h
 -10.4944498288 4.27671390539 0.25 h
 -11.2444407103 4.70974240062 -0.25 h
 -11.2444407103 4.70974240062 0.25 h
 -10.4922612616 -0.437132699466 0.25 h
 -10.4922612616 -0.437132699466 -0.25 h
 -10.4777245737 0.42877069278 0.25 h
 -10.4777245737 0.42877069278 -0.25 h
 -11.2348872526 0.00840813770556 0.25 h
 -11.2348872526 0.00840813770556 -0.25 h
 -0.793395568297 -11.659821591 0.25 h
 -0.793395568297 -11.659821591 -0.25 h
 -1.54340480637 -11.2268248903 0.25 h
 -1.54340480637 -11.2268248903 -0.25 h
 -1.54338632988 -12.0928502939 0.25 h
 -1.54338632988 -12.0928502939 -0.25 h
 0.793305284801 -11.659787739 -0.25 h
 0.793305284801 -11.659787739 0.25 h
 1.54329604638 -11.2267590361 -0.25 h
 1.54329604638 -11.2267590361 0.25 h
 1.54331452288 -12.0927844397 -0.25 h
 1.54331452288 -12.0927844397 0.25 h
 -10.4943199637 -5.14275774359 0.25 h
 -10.4943199637 -5.14275774359 -0.25 h
 -10.4943080205 -4.27673233988 0.25 h
 -10.4943080205 -4.27673233988 -0.25 h
 -11.244313992 -4.70973469862 0.25 h
 -11.244313992 -4.70973469862 -0.25 h
 -9.70106178 6.51682930832 0.25 h
 -9.70106178 6.51682930832 -0.25 h
 -8.95105266183 6.94982621668 0.25 h
 -8.95105266183 6.94982621668 -0.25 h
 -9.70104354332 7.38285471191 0.25 h
 -9.70104354332 7.38285471191 -0.25 h
 -0.79332675843 11.6598786557 -0.25 h
 -0.79332675843 11.6598786557 0.25 h
 -1.54334077174 11.2268902265 -0.25 h
 -1.54334077174 11.2268902265 0.25 h
 -1.54331274434 12.0929156298 -0.25 h
 -1.54331274434 12.0929156298 0.25 h
 9.70106888994 6.51686212382 -0.25 h
 9.70106888994 6.51686212382 0.25 h
 8.95106818746 6.94987360898 -0.25 h
 8.95106818746 6.94987360898 0.25 h
 9.70106748498 7.3828875276 -0.25 h
 9.70106748498 7.3828875276 0.25 h
 10.4944286015 5.14272794295 0.25 h
 10.4944286015 5.14272794295 -0.25 h
 10.4944300065 4.27670253917 0.25 h
 10.4944300065 4.27670253917 -0.25 h
 11.244429304 4.70971645779 0.25 h
 11.244429304 4.70971645779 -0.25 h
 9.70099258176 -6.51692460217 0.25 h
 9.70099258176 -6.51692460217 -0.25 h
 8.95098770888 -6.94992886387 0.25 h
 8.95098770888 -6.94992886387 -0.25 h
 9.7009828359 -7.3829500059 0.25 h
 9.7009828359 -7.3829500059 -0.25 h
 4.86752412908 -9.30519932834 -0.25 h
 4.86752412908 -9.30519932834 0.25 h
 5.61015772901 -8.85967117406 -0.25 h
 5.61015772901 -8.85967117406 0.25 h
 5.62467962876 -9.72557481444 -0.25 h
 5.62467962876 -9.72557481444 0.25 h
 -4.86759795778 9.30520678469 -0.25 h
 -4.86759795778 9.30520678469 0.25 h
 -5.6102133109 8.85964821693 -0.25 h
 -5.6102133109 8.85964821693 0.25 h
 -5.62477067289 9.72555126185 -0.25 h
 -5.62477067289 9.72555126185 0.25 h
$end
