$coord
  -18.00617069151069     -0.62794147578680      0.00000000000000  c
  -17.85557527516086     -2.67361967728577      0.00000000000000  h
  -20.23324359559987      0.53205795838160      0.00000000000000  c
  -20.29358362632184      2.58332496904820      0.00000000000000  h
  -22.67491750306705     -0.76791625337933      0.00000000000000  c
  -22.62445035515621     -2.81997700647465      0.00000000000000  h
  -24.90624123508604      0.41244053632048      0.00000000000000  c
  -24.95091249927641      2.46463058713107      0.00000000000000  h
  -27.34405271599111     -0.87433466005445      0.00000000000000  c
  -29.57559834387300      0.31165181849211      0.00000000000000  c
  -27.30176202275780     -2.92631089267407      0.00000000000000  h
  -32.01284313317336     -0.97144349763755      0.00000000000000  c
  -29.61635158349906      2.36375824620954      0.00000000000000  h
  -34.24444815308726      0.21622649450399      0.00000000000000  c
  -31.97284016040780     -3.02349403859035      0.00000000000000  h
  -36.68168131985789     -1.06545037778422      0.00000000000000  c
  -34.28379658002171      2.26833063977081      0.00000000000000  h
  -38.91319273896164      0.12298013323195      0.00000000000000  c
  -36.64266052128701     -3.11753483108686      0.00000000000000  h
  -41.35053055860581     -1.15800823335838      0.00000000000000  c
  -38.95189819506419      2.17508709037648      0.00000000000000  h
  -43.58192102738664      0.03085017851658      0.00000000000000  c
  -41.31200971802013     -3.21010761027773      0.00000000000000  h
  -46.01938318166462     -1.24972704380655      0.00000000000000  c
  -43.62025576877406      2.08296066925288      0.00000000000000  h
  -48.25065766718103     -0.06058098722052      0.00000000000000  c
  -45.98117386613917     -3.30183423665507      0.00000000000000  h
  -50.68823538269348     -1.34087309850188      0.00000000000000  c
  -48.28874077325610      1.99153268067010      0.00000000000000  h
  -52.91940813608191     -0.15151170925285      0.00000000000000  c
  -50.65024843803565     -3.39298532448725      0.00000000000000  h
  -55.35708513598034     -1.43158905726418      0.00000000000000  c
  -52.95730181328599      1.90060459351924      0.00000000000000  h
  -57.58817347656287     -0.24206111076742      0.00000000000000  c
  -55.31926662093784     -3.48370474066104      0.00000000000000  h
  -57.62592213429653      1.81005734219797      0.00000000000000  h
  -60.02593002521709     -1.52197578855863      0.00000000000000  c
  -59.98823830622768     -3.57409395613720      0.00000000000000  h
  -62.25695322118546     -0.33232304093042      0.00000000000000  c
  -62.29459540557565      1.71979696606613      0.00000000000000  h
  -64.69476812415856     -1.61212130781890      0.00000000000000  c
  -64.65716448933151     -3.66424117826949      0.00000000000000  h
  -66.92574666720341     -0.42238401211765      0.00000000000000  c
  -66.96331936865828      1.62973698732259      0.00000000000000  h
  -69.36359800807034     -1.70211022236650      0.00000000000000  c
  -71.59455260668649     -0.51232782948600      0.00000000000000  c
  -69.32604536936073     -3.75423110392508      0.00000000000000  h
  -74.03241806383504     -1.79202591371374      0.00000000000000  c
  -71.63209266786070      1.53979354374821      0.00000000000000  h
  -76.26336988318917     -0.60223817723857      0.00000000000000  c
  -73.99488013153524     -3.84414715013735      0.00000000000000  h
  -78.70122703483001     -1.88195210755776      0.00000000000000  c
  -76.30091459299540      1.44988296108428      0.00000000000000  h
  -78.66366681161942     -3.93407310187281      0.00000000000000  h
  -80.93219699474390     -0.69219845812856      0.00000000000000  c
  -80.96978223092063      1.35992183752917      0.00000000000000  h
  -83.37002377434200     -1.97197139925315      0.00000000000000  c
  -83.33240513810058     -4.02409154695050      0.00000000000000  h
  -85.60103249205959     -0.78229069738937      0.00000000000000  c
  -85.63869431535404      1.26982811008955      0.00000000000000  h
  -88.03880711667833     -2.06216560010692      0.00000000000000  c
  -88.00109454316643     -4.11428430228725      0.00000000000000  h
  -90.26987485794552     -0.87259640857951      0.00000000000000  c
  -92.70757600124155     -2.15261663583774      0.00000000000000  c
  -90.30764990365017      1.17952023789077      0.00000000000000  h
  -94.93872255299136     -0.96319790231045      0.00000000000000  c
  -92.66973303549848     -4.20473333940436      0.00000000000000  h
  -97.37632985700608     -2.24340797442134      0.00000000000000  c
  -94.97664744339048      1.08891582599521      0.00000000000000  h
  -99.60757358373576     -1.05417978773700      0.00000000000000  c
  -97.33831921594005     -4.29552210541406      0.00000000000000  h
  -99.64568851930326      0.99793007068366      0.00000000000000  h
 -102.04506844676580     -2.33462964940914      0.00000000000000  c
 -102.00684781537907     -4.38674076033461      0.00000000000000  h
 -104.27642548858074     -1.14563854077051      0.00000000000000  c
 -104.31478206263732      0.90646592518590      0.00000000000000  h
 -106.71379295871245     -2.42639611138332      0.00000000000000  c
 -106.67530186182549     -4.47850365982756      0.00000000000000  h
 -108.94527647973905     -1.23771235389998      0.00000000000000  c
 -108.98396194685965      0.81438392905723      0.00000000000000  h
 -111.38250904899817     -2.51890110370747      0.00000000000000  c
 -113.61412248146758     -1.33066214506002      0.00000000000000  c
 -111.34363098218262     -4.57100478865939      0.00000000000000  h
 -116.05124150241194     -2.61255604924430      0.00000000000000  c
 -113.65332281633843      0.72141887940071      0.00000000000000  h
 -118.28295566096655     -1.42509119784187      0.00000000000000  c
 -116.01170751815955     -4.66465661974473      0.00000000000000  h
 -120.72007923631087     -2.70841674182610      0.00000000000000  c
 -118.32315016956628      0.62695560196639      0.00000000000000  h
 -120.67913006744482     -4.76051926210233      0.00000000000000  h
 -122.95173938375159     -1.52264574039786      0.00000000000000  c
 -122.99423028226515      0.52932635820241      0.00000000000000  h
 -125.38942457024456     -2.80966031657391      0.00000000000000  c
 -125.34455050278319     -4.86184594526303      0.00000000000000  h
 -127.62086567030924     -1.62952542766118      0.00000000000000  c
 -127.67153743087611      0.42253029839290      0.00000000000000  h
 -130.06240903490303     -2.92974490308728      0.00000000000000  c
 -130.00186121949659     -4.98100579587233      0.00000000000000  h
 -132.28959920311465     -1.76997060495827      0.00000000000000  c
 -132.44039985219442      0.27569241593253      0.00000000000000  h
 -134.04451505160714     -2.82565551425776      0.00000000000000  h
  -16.25114738343924      0.42756501965604      0.00000000000000  h
$user-defined bonds
$redundant
     number_of_atoms           102
     degrees_of_freedom        201
     internal_coordinates      201
     frozen_coordinates          0
# definitions of redundant internals
   1 k  1.0000000000000 stre   3    1           val=   2.51107
   2 k  1.0000000000000 stre  43   41           val=   2.52839
   3 k  1.0000000000000 stre   5    6           val=   2.05268
   4 k  1.0000000000000 stre   7    8           val=   2.05268
   5 k  1.0000000000000 stre   9   11           val=   2.05241
   6 k  1.0000000000000 stre  10   13           val=   2.05251
   7 k  1.0000000000000 stre  12   15           val=   2.05244
   8 k  1.0000000000000 stre  16   19           val=   2.05246
   9 k  1.0000000000000 stre  24   27           val=   2.05246
  10 k  1.0000000000000 stre  26   29           val=   2.05247
  11 k  1.0000000000000 stre  28   31           val=   2.05246
  12 k  1.0000000000000 stre  30   33           val=   2.05247
  13 k  1.0000000000000 stre  34   36           val=   2.05247
  14 k  1.0000000000000 stre  37   38           val=   2.05246
  15 k  1.0000000000000 stre  41   42           val=   2.05246
  16 k  1.0000000000000 stre  43   44           val=   2.05246
  17 k  1.0000000000000 stre  45   47           val=   2.05246
  18 k  1.0000000000000 stre  48   51           val=   2.05246
  19 k  1.0000000000000 stre  57   58           val=   2.05246
  20 k  1.0000000000000 stre  61   62           val=   2.05247
  21 k  1.0000000000000 stre  63   65           val=   2.05246
  22 k  1.0000000000000 stre  66   69           val=   2.05246
  23 k  1.0000000000000 stre  75   76           val=   2.05246
  24 k  1.0000000000000 stre  81   83           val=   2.05247
  25 k  1.0000000000000 stre  84   87           val=   2.05248
  26 k  1.0000000000000 stre  86   89           val=   2.05244
  27 k  1.0000000000000 stre  88   90           val=   2.05251
  28 k  1.0000000000000 stre  91   92           val=   2.05241
  29 k  1.0000000000000 stre  93   94           val=   2.05268
  30 k  1.0000000000000 stre  95   96           val=   2.05268
  31 k  1.0000000000000 stre  97   98           val=   2.05215
  32 k  1.0000000000000 stre  99  101           val=   2.04797
  33 k  1.0000000000000 stre   1    2           val=   2.05121
  34 k  1.0000000000000 stre   5    3           val=   2.76617
  35 k  1.0000000000000 stre  95   97           val=   2.76617
  36 k  1.0000000000000 stre   7    5           val=   2.52429
  37 k  1.0000000000000 stre  93   95           val=   2.52429
  38 k  1.0000000000000 stre  91   93           val=   2.75658
  39 k  1.0000000000000 stre  88   91           val=   2.52712
  40 k  1.0000000000000 stre  12   10           val=   2.75436
  41 k  1.0000000000000 stre  86   88           val=   2.75436
  42 k  1.0000000000000 stre  14   12           val=   2.52797
  43 k  1.0000000000000 stre  16   14           val=   2.75369
  44 k  1.0000000000000 stre  82   84           val=   2.75369
  45 k  1.0000000000000 stre  18   16           val=   2.52824
  46 k  1.0000000000000 stre  81   82           val=   2.52824
  47 k  1.0000000000000 stre  20   18           val=   2.75346
  48 k  1.0000000000000 stre  79   81           val=   2.75346
  49 k  1.0000000000000 stre  22   20           val=   2.52834
  50 k  1.0000000000000 stre  77   79           val=   2.52834
  51 k  1.0000000000000 stre  26   24           val=   2.52837
  52 k  1.0000000000000 stre  70   73           val=   2.75335
  53 k  1.0000000000000 stre  68   70           val=   2.52838
  54 k  1.0000000000000 stre  37   34           val=   2.75333
  55 k  1.0000000000000 stre  63   64           val=   2.75333
  56 k  1.0000000000000 stre  61   63           val=   2.52839
  57 k  1.0000000000000 stre  41   39           val=   2.75333
  58 k  1.0000000000000 stre  59   61           val=   2.75333
  59 k  1.0000000000000 stre   3    4           val=   2.05215
  60 k  1.0000000000000 stre  57   59           val=   2.52839
  61 k  1.0000000000000 stre  45   43           val=   2.75333
  62 k  1.0000000000000 stre  55   57           val=   2.75333
  63 k  1.0000000000000 stre  46   45           val=   2.52839
  64 k  1.0000000000000 stre  48   50           val=   2.52839
  65 k  1.0000000000000 stre  20   23           val=   2.05246
  66 k  1.0000000000000 stre  84   86           val=   2.52797
  67 k  1.0000000000000 stre  82   85           val=   2.05246
  68 k  1.0000000000000 stre  46   49           val=   2.05246
  69 k  1.0000000000000 stre  32   35           val=   2.05246
  70 k  1.0000000000000 stre  50   53           val=   2.05246
  71 k  1.0000000000000 stre  52   54           val=   2.05246
  72 k  1.0000000000000 stre  55   56           val=   2.05246
  73 k  1.0000000000000 stre  22   25           val=   2.05247
  74 k  1.0000000000000 stre  59   60           val=   2.05246
  75 k  1.0000000000000 stre  24   22           val=   2.75338
  76 k  1.0000000000000 stre  75   77           val=   2.75338
  77 k  1.0000000000000 stre  14   17           val=   2.05248
  78 k  1.0000000000000 stre  73   75           val=   2.52837
  79 k  1.0000000000000 stre  28   26           val=   2.75335
  80 k  1.0000000000000 stre  99  100           val=   2.05121
  81 k  1.0000000000000 stre  30   28           val=   2.52838
  82 k  1.0000000000000 stre  39   40           val=   2.05247
  83 k  1.0000000000000 stre  32   30           val=   2.75334
  84 k  1.0000000000000 stre  66   68           val=   2.75334
  85 k  1.0000000000000 stre  64   66           val=   2.52839
  86 k  1.0000000000000 stre  97   99           val=   2.51107
  87 k  1.0000000000000 stre  64   67           val=   2.05247
  88 k  1.0000000000000 stre  39   37           val=   2.52839
  89 k  1.0000000000000 stre   1  102           val=   2.04797
  90 k  1.0000000000000 stre  68   71           val=   2.05247
  91 k  1.0000000000000 stre  70   72           val=   2.05246
  92 k  1.0000000000000 stre   9    7           val=   2.75658
  93 k  1.0000000000000 stre  73   74           val=   2.05247
  94 k  1.0000000000000 stre  10    9           val=   2.52712
  95 k  1.0000000000000 stre  18   21           val=   2.05247
  96 k  1.0000000000000 stre  77   78           val=   2.05247
  97 k  1.0000000000000 stre  52   55           val=   2.52839
  98 k  1.0000000000000 stre  48   46           val=   2.75333
  99 k  1.0000000000000 stre  50   52           val=   2.75333
 100 k  1.0000000000000 stre  79   80           val=   2.05246
 101 k  1.0000000000000 stre  34   32           val=   2.52839
 102 k  0.8164541393268 bend 100  101   99      val=  -2.38886
       -0.4154367008676 bend  97  101   99
       -0.4010174384592 bend  97  100   99
 103 k -0.8164543470698 bend   2  102    1      val=   2.38892
        0.4154191387091 bend   3  102    1
        0.4010352083607 bend   3    2    1
 104 k -0.7071067811865 bend   1    4    3      val=  -1.42593
        0.7071067811865 bend   5    4    3
 105 k -0.7071067811865 bend  99   98   97      val=  -1.42596
        0.7071067811865 bend  95   98   97
 106 k -0.7071067811865 bend  10   11    9      val=  -1.26176
        0.7071067811865 bend   7   11    9
 107 k  0.7071067811865 bend  88   92   91      val=   1.26177
       -0.7071067811865 bend  93   92   91
 108 k -0.7071067811865 bend  14   15   12      val=  -1.24549
        0.7071067811865 bend  10   15   12
 109 k -0.7071067811865 bend  84   89   86      val=  -1.24550
        0.7071067811865 bend  88   89   86
 110 k  0.7071067811865 bend   7    6    5      val=   1.33243
       -0.7071067811865 bend   3    6    5
 111 k -0.7071067811865 bend  93   96   95      val=  -1.33242
        0.7071067811865 bend  97   96   95
 112 k -0.7071067811865 bend  81   85   82      val=  -1.23917
        0.7071067811865 bend  84   85   82
 113 k -0.7071067811865 bend  18   19   16      val=  -1.23917
        0.7071067811865 bend  14   19   16
 114 k -0.7071067811865 bend  22   23   20      val=  -1.23697
        0.7071067811865 bend  18   23   20
 115 k -0.7071067811865 bend  77   80   79      val=  -1.23697
        0.7071067811865 bend  81   80   79
 116 k  0.7071067811865 bend  20   25   22      val=   1.23616
       -0.7071067811865 bend  24   25   22
 117 k  0.7071067811865 bend  79   78   77      val=   1.23617
       -0.7071067811865 bend  75   78   77
 118 k  0.7071067811865 bend  26   27   24      val=   1.23616
       -0.7071067811865 bend  22   27   24
 119 k -0.7071067811865 bend  75   74   73      val=  -1.23581
        0.7071067811865 bend  70   74   73
 120 k  0.7071067811865 bend  70   71   68      val=   1.23568
       -0.7071067811865 bend  66   71   68
 121 k -0.7071067811865 bend  66   67   64      val=  -1.23562
        0.7071067811865 bend  63   67   64
 122 k  0.7071067811865 bend  63   62   61      val=   1.23560
       -0.7071067811865 bend  59   62   61
 123 k -0.7071067811865 bend  24   29   26      val=  -1.23582
        0.7071067811865 bend  28   29   26
 124 k  0.7071067811865 bend  28   33   30      val=   1.23568
       -0.7071067811865 bend  32   33   30
 125 k  0.7071067811865 bend  73   76   75      val=   1.23616
       -0.7071067811865 bend  77   76   75
 126 k  0.7071067811865 bend  16   21   18      val=   1.23720
       -0.7071067811865 bend  20   21   18
 127 k  0.7071067811865 bend  82   83   81      val=   1.23720
       -0.7071067811865 bend  79   83   81
 128 k  0.7071067811865 bend  59   58   57      val=   1.23560
       -0.7071067811865 bend  55   58   57
 129 k  0.7071067811865 bend  32   36   34      val=   1.23563
       -0.7071067811865 bend  37   36   34
 130 k  0.7071067811865 bend  37   40   39      val=   1.23561
       -0.7071067811865 bend  41   40   39
 131 k  0.7071067811865 bend  55   54   52      val=   1.23560
       -0.7071067811865 bend  50   54   52
 132 k -0.7071067811865 bend  41   44   43      val=  -1.23559
        0.7071067811865 bend  45   44   43
 133 k -0.7071067811865 bend  86   87   84      val=  -1.24019
        0.7071067811865 bend  82   87   84
 134 k  0.7071067811865 bend  45   49   46      val=   1.23559
       -0.7071067811865 bend  48   49   46
 135 k  0.7071067811865 bend  50   51   48      val=   1.23560
       -0.7071067811865 bend  46   51   48
 136 k  0.7071067811865 bend  12   17   14      val=   1.24019
       -0.7071067811865 bend  16   17   14
 137 k  0.7071067811865 bend  30   31   28      val=   1.23583
       -0.7071067811865 bend  26   31   28
 138 k  0.7071067811865 bend  48   53   50      val=   1.23560
       -0.7071067811865 bend  52   53   50
 139 k -0.7071067811865 bend  68   72   70      val=  -1.23584
        0.7071067811865 bend  73   72   70
 140 k -0.7071067811865 bend  52   56   55      val=  -1.23560
        0.7071067811865 bend  57   56   55
 141 k  0.7071067811865 bend  57   60   59      val=   1.23561
       -0.7071067811865 bend  61   60   59
 142 k -0.7071067811865 bend  46   47   45      val=  -1.23561
        0.7071067811865 bend  43   47   45
 143 k -0.7071067811865 bend  34   35   32      val=  -1.23570
        0.7071067811865 bend  30   35   32
 144 k -0.7071067811865 bend  64   69   66      val=  -1.23571
        0.7071067811865 bend  68   69   66
 145 k  0.7071067811865 bend  61   65   63      val=   1.23565
       -0.7071067811865 bend  64   65   63
 146 k -0.7071067811865 bend  43   42   41      val=  -1.23562
        0.7071067811865 bend  39   42   41
 147 k  0.7071067811865 bend  39   38   37      val=   1.23564
       -0.7071067811865 bend  34   38   37
 148 k -0.7071067811865 bend   9   13   10      val=  -1.24987
        0.7071067811865 bend  12   13   10
 149 k -0.7071067811865 bend  91   90   88      val=  -1.24987
        0.7071067811865 bend  86   90   88
 150 k  0.7071067811865 bend   5    8    7      val=   1.27283
       -0.7071067811865 bend   9    8    7
 151 k -0.7071067811865 bend  95   94   93      val=  -1.27283
        0.7071067811865 bend  91   94   93
 152 k  0.0083045660587 bend   2  102    1      val=  -0.15741
        0.7029179225634 bend   3  102    1
       -0.7112224886221 bend   3    2    1
 153 k  0.0083249650330 bend 100  101   99      val=  -0.15747
        0.7029075431655 bend  97  101   99
       -0.7112325081985 bend  97  100   99
 154 k  1.0000000000000 bend   5    1    3      val= 124.45534
 155 k  1.0000000000000 bend  95   99   97      val= 124.45538
 156 k  1.0000000000000 bend  91   95   93      val= 124.29460
 157 k  1.0000000000000 bend   9    5    7      val= 124.29453
 158 k  1.0000000000000 bend  12    9   10      val= 124.24625
 159 k  1.0000000000000 bend  86   91   88      val= 124.24637
 160 k  1.0000000000000 bend  16   12   14      val= 124.23919
 161 k  1.0000000000000 bend  82   86   84      val= 124.23936
 162 k  1.0000000000000 bend  79   82   81      val= 124.23688
 163 k  1.0000000000000 bend  20   16   18      val= 124.23668
 164 k  1.0000000000000 bend  75   79   77      val= 124.23585
 165 k  1.0000000000000 bend  24   20   22      val= 124.23561
 166 k  1.0000000000000 bend  28   24   26      val= 124.23499
 167 k  1.0000000000000 bend  70   75   73      val= 124.23526
 168 k  1.0000000000000 bend  32   28   30      val= 124.23451
 169 k  1.0000000000000 bend  66   70   68      val= 124.23482
 170 k  1.0000000000000 bend  37   32   34      val= 124.23405
 171 k  1.0000000000000 bend  63   66   64      val= 124.23437
 172 k  1.0000000000000 bend  41   37   39      val= 124.23357
 173 k  1.0000000000000 bend  59   63   61      val= 124.23391
 174 k  1.0000000000000 bend  45   41   43      val= 124.23308
 175 k  1.0000000000000 bend  55   59   57      val= 124.23344
 176 k  1.0000000000000 bend  48   45   46      val= 124.23258
 177 k  1.0000000000000 bend  50   55   52      val= 124.23295
 178 k  1.0000000000000 bend  48   52   50      val= 124.23207
 179 k  1.0000000000000 bend  50   46   48      val= 124.23244
 180 k  1.0000000000000 bend  46   43   45      val= 124.23193
 181 k  1.0000000000000 bend  52   57   55      val= 124.23157
 182 k  1.0000000000000 bend  43   39   41      val= 124.23140
 183 k  1.0000000000000 bend  57   61   59      val= 124.23106
 184 k  1.0000000000000 bend  61   64   63      val= 124.23053
 185 k  1.0000000000000 bend  39   34   37      val= 124.23086
 186 k  1.0000000000000 bend  64   68   66      val= 124.22997
 187 k  1.0000000000000 bend  34   30   32      val= 124.23028
 188 k  1.0000000000000 bend  68   73   70      val= 124.22931
 189 k  1.0000000000000 bend  30   26   28      val= 124.22960
 190 k  1.0000000000000 bend  73   77   75      val= 124.22836
 191 k  1.0000000000000 bend  26   22   24      val= 124.22862
 192 k  1.0000000000000 bend  77   81   79      val= 124.22660
 193 k  1.0000000000000 bend  22   18   20      val= 124.22683
 194 k  1.0000000000000 bend  81   84   82      val= 124.22280
 195 k  1.0000000000000 bend  18   14   16      val= 124.22298
 196 k  1.0000000000000 bend  84   88   86      val= 124.21304
 197 k  1.0000000000000 bend  14   10   12      val= 124.21319
 198 k  1.0000000000000 bend  88   93   91      val= 124.18397
 199 k  1.0000000000000 bend  10    7    9      val= 124.18406
 200 k  1.0000000000000 bend  93   97   95      val= 124.09004
 201 k  1.0000000000000 bend   7    3    5      val= 124.09010
       201 non zero eigenvalues  of BmBt
           1           4.653447799    1    0
         1
           2           4.643230580    2    0
         2
           3           4.626133278    3    0
         3
           4           4.602214663    4    0
         4
           5           4.571542260    5    0
         5
           6           4.534198821    6    0
         6
           7           4.490286505    7    0
         7
           8           4.439930220    8    0
         8
           9           4.383280633    9    0
         9
          10           4.320518514   10    0
        10
          11           4.251867897   11    0
        11
          12           4.177631492   12    0
        12
          13           4.098388696   13    0
        13
          14           4.018322219   14    0
        14
          15           3.993505566   15    0
        15
          16           3.986623930   16    0
        16
          17           3.973673856   17    0
        17
          18           3.958575636   18    0
        18
          19           3.939556981   19    0
        19
          20           3.917718824   20    0
        20
          21           3.911165338   21    0
        21
          22           3.877854584   22    0
        22
          23           3.842259354   23    0
        23
          24           3.822918315   24    0
        24
          25           3.797913454   25    0
        25
          26           3.750020717   26    0
        26
          27           3.726016247   27    0
        27
          28           3.697686992   28    0
        28
          29           3.643542829   29    0
        29
          30           3.621808737   30    0
        30
          31           3.583855008   31    0
        31
          32           3.521745687   32    0
        32
          33           3.516055072   33    0
        33
          34           3.457227845   34    0
        34
          35           3.406851915   35    0
        35
          36           3.390529906   36    0
        36
          37           3.323258807   37    0
        37
          38           3.293999162   38    0
        38
          39           3.254270929   39    0
        39
          40           3.184886964   40    0
        40
          41           3.179721011   41    0
        41
          42           3.115513020   42    0
        42
          43           3.063885570   43    0
        43
          44           3.046621674   44    0
        44
          45           2.978767205   45    0
        45
          46           2.947765882   46    0
        46
          47           2.912521475   47    0
        47
          48           2.848906055   48    0
        48
          49           2.836107315   49    0
        49
          50           2.788238333   50    0
        50
          51           2.753519073   51    0
        51
          52           2.638254535   52    0
        52
          53           2.636386787   53    0
        53
          54           2.583905993   54    0
        54
          55           2.560706273   55    0
        55
          56           2.531335400   56    0
        56
          57           2.484168160   57    0
        57
          58           2.448618593   58    0
        58
          59           2.435338159   59    0
        59
          60           2.389553187   60    0
        60
          61           2.348219792   61    0
        61
          62           2.333397231   62    0
        62
          63           2.306971107   63    0
        63
          64           2.269373007   64    0
        64
          65           2.235547526   65    0
        65
          66           2.218977248   66    0
        66
          67           2.202884981   67    0
        67
          68           2.173304630   68    0
        68
          69           2.146826209   69    0
        69
          70           2.122282271   70    0
        70
          71           2.106704950   71    0
        71
          72           2.099410684   72    0
        72
          73           2.080798194   73    0
        73
          74           2.063353785   74    0
        74
          75           2.048363860   75    0
        75
          76           2.035307443   76    0
        76
          77           2.024492789   77    0
        77
          78           2.015583115   78    0
        78
          79           2.008790643   79    0
        79
          80           2.003878901   80    0
        80
          81           2.000979611   81    0
        81
          82           1.994253248   82    0
        82
          83           1.886138110   83    0
        83
          84           1.781469602   84    0
        84
          85           1.681033097   85    0
        85
          86           1.585441174   86    0
        86
          87           1.495256416   87    0
        87
          88           1.410988427   88    0
        88
          89           1.333075258   89    0
        89
          90           1.261864621   90    0
        90
          91           1.197591062   91    0
        91
          92           1.140363170   92    0
        92
          93           1.090157066   93    0
        93
          94           1.046826808   94    0
        94
          95           1.010129475   95    0
        95
          96           0.979761421   96    0
        96
          97           0.955399721   97    0
        97
          98           0.936742821   98    0
        98
          99           0.923542386   99    0
        99
         100           0.915647605  100    0
       100
         101           0.886291137  101    0
       101
         102           0.886260728  102    0
       102
         103           0.664124516  103    0
       103
         104           0.663364542  104    0
       104
         105           0.661999217  105    0
       105
         106           0.659976579  106    0
       106
         107           0.657314757  107    0
       107
         108           0.654068934  108    0
       108
         109           0.650301647  109    0
       109
         110           0.646069762  110    0
       110
         111           0.641418497  111    0
       111
         112           0.636382473  112    0
       112
         113           0.630985028  113    0
       113
         114           0.625243060  114    0
       114
         115           0.619168220  115    0
       115
         116           0.612768491  116    0
       116
         117           0.606051049  117    0
       117
         118           0.599021154  118    0
       118
         119           0.591685781  119    0
       119
         120           0.584052656  120    0
       120
         121           0.576131117  121    0
       121
         122           0.567933736  122    0
       122
         123           0.559478817  123    0
       123
         124           0.550795737  124    0
       124
         125           0.541940167  125    0
       125
         126           0.533071706  126    0
       126
         127           0.524880945  127    0
       127
         128           0.512332931  128    0
       128
         129           0.502251640  129    0
       129
         130           0.491968360  130    0
       130
         131           0.481509336  131    0
       131
         132           0.470896799  132    0
       132
         133           0.460152398  133    0
       133
         134           0.449304951  134    0
       134
         135           0.438387776  135    0
       135
         136           0.427441102  136    0
       136
         137           0.416511006  137    0
       137
         138           0.405652633  138    0
       138
         139           0.394926288  139    0
       139
         140           0.384405836  140    0
       140
         141           0.374174473  141    0
       141
         142           0.364336293  142    0
       142
         143           0.355052049  143    0
       143
         144           0.346925788  144    0
       144
         145           0.343378953  145    0
       145
         146           0.341947346  146    0
       146
         147           0.336801695  147    0
       147
         148           0.329757374  148    0
       148
         149           0.323324312  149    0
       149
         150           0.317834402  150    0
       150
         151           0.313430393  151    0
       151
         152           0.310212955  152    0
       152
         153           0.308257691  153    0
       153
         154           0.172367876  154    0
       154
         155           0.172273530  155    0
       155
         156           0.169769374  156    0
       156
         157           0.169448173  157    0
       157
         158           0.165415143  158    0
       158
         159           0.164912348  159    0
       159
         160           0.159240386  160    0
       160
         161           0.158888915  161    0
       161
         162           0.151618401  162    0
       162
         163           0.151179423  163    0
       163
         164           0.143287191  164    0
       164
         165           0.141251164  165    0
       165
         166           0.133402231  166    0
       166
         167           0.130143076  167    0
       167
         168           0.123953068  168    0
       168
         169           0.118175924  169    0
       169
         170           0.112334150  170    0
       170
         171           0.106941186  171    0
       171
         172           0.098469157  172    0
       172
         173           0.096218071  173    0
       173
         174           0.085743309  174    0
       174
         175           0.083260402  175    0
       175
         176           0.075475471  176    0
       176
         177           0.068178413  177    0
       177
         178           0.065030725  178    0
       178
         179           0.057048727  179    0
       179
         180           0.051467275  180    0
       180
         181           0.048106581  181    0
       181
         182           0.039967067  182    0
       182
         183           0.037358506  183    0
       183
         184           0.032571439  184    0
       184
         185           0.026232288  185    0
       185
         186           0.024516975  186    0
       186
         187           0.020360326  187    0
       187
         188           0.015426491  188    0
       188
         189           0.014212643  189    0
       189
         190           0.011310152  190    0
       190
         191           0.007990164  191    0
       191
         192           0.006422943  192    0
       192
         193           0.005370335  193    0
       193
         194           0.003404339  194    0
       194
         195           0.002002190  195    0
       195
         196           0.001623542  196    0
       196
         197           0.001064969  197    0
       197
         198           0.000493073  198    0
       198
         199           0.000185509  199    0
       199
         200           0.000049356  200    0
       200
         201           0.000006606  201    0
       201
$end
