$coord
   -1.35158497341293      7.01923393588645      0.00000000000000  c
   -2.70383960649999      4.68323266920503      0.00000000000000  c
   -1.34893850361745      2.33650241792120      0.00000000000000  c
    1.34895402858134      2.33654641780396      0.00000000000000  c
    2.70386351521161      4.68326071966757      0.00000000000000  c
    1.35164371698101      7.01925675354977      0.00000000000000  c
   -2.69785012573906     -0.00001049452383      0.00000000000000  c
    2.69796909849190      0.00007541525008      0.00000000000000  c
    1.34897332003444     -2.33639024459080      0.00000000000000  c
   -1.34888242971960     -2.33645957512139      0.00000000000000  c
    2.70384388950373     -4.68318238170363      0.00000000000000  c
    5.40294057920238     -4.68021613844189      0.00000000000000  c
    6.75458680938789     -2.33907164733418      0.00000000000000  c
    5.40770788877326     -0.00000567478927      0.00000000000000  c
    6.75466779770861      2.33903256411637      0.00000000000000  c
    5.40295569784806      4.68015970249919      0.00000000000000  c
   -5.40294722626271      4.68017029317064      0.00000000000000  c
   -6.75459887881911      2.33898132770645      0.00000000000000  c
   -5.40767313416506     -0.00004778360634      0.00000000000000  c
   -6.75463407565162     -2.33904552970959      0.00000000000000  c
   -5.40287149592264     -4.68014997188869      0.00000000000000  c
   -2.70382113042954     -4.68322402447837      0.00000000000000  c
    1.35161242730521     -7.01914198508423      0.00000000000000  c
   -1.35163543779197     -7.01924167868949      0.00000000000000  c
    6.75386828287400     -7.03975776722905      0.00000000000000  c
    2.71954084221429     -9.36889006636969      0.00000000000000  c
   -2.71951961606617     -9.36895851834034      0.00000000000000  c
   -6.75386686998269     -7.03967742871027      0.00000000000000  c
   -9.47344128571418     -2.32920539342099      0.00000000000000  c
   -9.47341267856769      2.32921869362547      0.00000000000000  c
   -6.75386984156083      7.03966168287838      0.00000000000000  c
   -2.71952549133776      9.36896781594962      0.00000000000000  c
    2.71956250019714      9.36895872305912      0.00000000000000  c
    6.75382149467830      7.03970543494218      0.00000000000000  c
    9.47349146195579      2.32913180870468      0.00000000000000  c
    9.47342712475032     -2.32924746065639      0.00000000000000  c
   -9.47490891655385     -6.96953245745393      0.00000000000000  c
   -5.38260075026683     -9.32316179541109      0.00000000000000  c
   10.76544306537317     -0.00006665440462      0.00000000000000  c
   10.77331061598803     -4.72075742113800      0.00000000000000  c
    5.38268745858439      9.32327286300102      0.00000000000000  c
    1.29830584962068     11.69051398255897      0.00000000000000  c
  -10.77335971588734      4.72072461769129      0.00000000000000  c
  -10.76537734203272      0.00003997145912      0.00000000000000  c
   -1.29840499963885    -11.69059364013156      0.00000000000000  c
    1.29829368468612    -11.69040470108980      0.00000000000000  c
  -10.77329248126365     -4.72071710375780      0.00000000000000  c
   -9.47503862560015      6.96951460314696      0.00000000000000  c
   -1.29840281313736     11.69050898229881      0.00000000000000  c
    9.47495632744461      6.96954094187170      0.00000000000000  c
   10.77328957345261      4.72071312186068      0.00000000000000  c
    9.47492987084674     -6.96956454119836      0.00000000000000  c
    5.38262186909182     -9.32324985405495      0.00000000000000  c
   -5.38266557147999      9.32318886388890      0.00000000000000  c
 -1.60207991759 6.58650736755 0.25 h
 -1.60207991759 6.58650736755 -0.25 h
 -0.851585300255 7.01866223488 0.25 h
 -0.851585300255 7.01866223488 -0.25 h
 -1.6010897024 7.45253220523 0.25 h
 -1.6010897024 7.45253220523 -0.25 h
 -3.20383928468 4.6826653754 -0.25 h
 -3.20383928468 4.6826653754 0.25 h
 -2.45433105826 5.11652873929 -0.25 h
 -2.45433105826 5.11652873929 0.25 h
 -2.45334847656 4.25050389292 -0.25 h
 -2.45334847656 4.25050389292 0.25 h
 -0.848938503684 2.33651057241 -0.25 h
 -0.848938503684 2.33651057241 0.25 h
 -1.59893144159 1.90348563884 -0.25 h
 -1.59893144159 1.90348563884 0.25 h
 -1.59894556558 2.76951104251 -0.25 h
 -1.59894556558 2.76951104251 0.25 h
 0.848954028648 2.33653826331 0.25 h
 0.848954028648 2.33653826331 -0.25 h
 1.59896109054 1.90353779322 0.25 h
 1.59896109054 1.90353779322 -0.25 h
 1.59894696655 2.76956319688 0.25 h
 1.59894696655 2.76956319688 -0.25 h
 3.20386318521 4.68268626446 0.25 h
 3.20386318521 4.68268626446 -0.25 h
 2.45436117301 5.11656036338 0.25 h
 2.45436117301 5.11656036338 -0.25 h
 2.45336618741 4.25053553117 0.25 h
 2.45336618741 4.25053553117 -0.25 h
 1.60213424812 6.58652763064 -0.25 h
 1.60213424812 6.58652763064 0.25 h
 0.851644038019 7.01869015163 -0.25 h
 0.851644038019 7.01869015163 0.25 h
 1.60115286481 7.45255247838 -0.25 h
 1.60115286481 7.45255247838 0.25 h
 -2.44784759734 -0.433021736635 0.25 h
 -2.44784759734 -0.433021736635 -0.25 h
 -2.44785265415 0.433003667134 0.25 h
 -2.44785265415 0.433003667134 -0.25 h
 -3.19785012573 -1.34140707555e-05 0.25 h
 -3.19785012573 -1.34140707555e-05 -0.25 h
 2.44796399728 -0.432934341415 -0.25 h
 2.44796399728 -0.432934341415 0.25 h
 2.44797419974 0.43309106231 -0.25 h
 2.44797419974 0.43309106231 0.25 h
 3.19796909846 6.95248553998e-05 -0.25 h
 3.19796909846 6.95248553998e-05 0.25 h
 0.8489733202 -2.33640309378 -0.25 h
 0.8489733202 -2.33640309378 0.25 h
 1.59896219223 -1.90337111825 -0.25 h
 1.59896219223 -1.90337111825 0.25 h
 1.59898444768 -2.76939652174 -0.25 h
 1.59898444768 -2.76939652174 0.25 h
 -0.848882429885 -2.33644672593 0.25 h
 -0.848882429885 -2.33644672593 -0.25 h
 -1.59889355736 -1.90345329797 0.25 h
 -1.59889355736 -1.90345329797 -0.25 h
 -1.59887130191 -2.76947870147 0.25 h
 -1.59887130191 -2.76947870147 -0.25 h
 3.20384358757 -4.68263289389 -0.25 h
 3.20384358757 -4.68263289389 0.25 h
 2.45431991088 -5.11646956602 -0.25 h
 2.45431991088 -5.11646956602 0.25 h
 2.45336817007 -4.2504446852 -0.25 h
 2.45336817007 -4.2504446852 0.25 h
 4.90294088114 -4.68076562625 -0.25 h
 4.90294088114 -4.68076562625 0.25 h
 5.65246455783 -4.24692895413 -0.25 h
 5.65246455783 -4.24692895413 0.25 h
 5.65341629864 -5.11295383494 -0.25 h
 5.65341629864 -5.11295383494 0.25 h
 6.50508455782 -1.90577195144 0.25 h
 6.50508455782 -1.90577195144 -0.25 h
 6.50408939107 -2.77179678344 0.25 h
 6.50408939107 -2.77179678344 -0.25 h
 7.25458647927 -2.33964620712 0.25 h
 7.25458647927 -2.33964620712 -0.25 h
 5.65721014034 -0.433305370685 0.25 h
 5.65721014034 -0.433305370685 -0.25 h
 5.65820530709 0.432719461316 0.25 h
 5.65820530709 0.432719461316 -0.25 h
 4.90770821889 0.000568885001276 0.25 h
 4.90770821889 0.000568885001276 -0.25 h
 6.50515205778 1.90574063536 -0.25 h
 6.50515205778 1.90574063536 0.25 h
 6.50418385011 2.77176549792 -0.25 h
 6.50418385011 2.77176549792 0.25 h
 7.25466748523 2.33959155907 -0.25 h
 7.25466748523 2.33959155907 0.25 h
 4.90295602785 4.68073415771 0.25 h
 4.90295602785 4.68073415771 -0.25 h
 5.65245804005 4.24686005879 0.25 h
 5.65245804005 4.24686005879 -0.25 h
 5.65345302565 5.112884891 0.25 h
 5.65345302565 5.112884891 -0.25 h
 -4.90294754809 4.68073758698 -0.25 h
 -4.90294754809 4.68073758698 0.25 h
 -5.65245577451 4.24687422308 -0.25 h
 -5.65245577451 4.24687422308 0.25 h
 -5.6534383562 5.11289906945 -0.25 h
 -5.6534383562 5.11289906945 0.25 h
 -6.50508716039 1.90568708315 0.25 h
 -6.50508716039 1.90568708315 -0.25 h
 -6.50411091493 2.77171193668 0.25 h
 -6.50411091493 2.77171193668 -0.25 h
 -7.25459856113 2.33954496329 0.25 h
 -7.25459856113 2.33954496329 -0.25 h
 -5.65719226161 -0.43333776161 -0.25 h
 -5.65719226161 -0.43333776161 0.25 h
 -5.6581536986 0.432687108494 -0.25 h
 -5.6581536986 0.432687108494 0.25 h
 -4.90767344229 0.000507302296143 -0.25 h
 -4.90767344229 0.000507302296143 0.25 h
 -6.5051149482 -1.90575555171 -0.25 h
 -6.5051149482 -1.90575555171 0.25 h
 -6.50415351122 -2.77178042181 -0.25 h
 -6.50415351122 -2.77178042181 0.25 h
 -7.25463376753 -2.33960061561 -0.25 h
 -7.25463376753 -2.33960061561 0.25 h
 -4.90287182022 -4.68071944081 0.25 h
 -4.90287182022 -4.68071944081 -0.25 h
 -5.65237815922 -4.24685281638 0.25 h
 -5.65237815922 -4.24685281638 -0.25 h
 -5.65336450833 -5.11287765847 0.25 h
 -5.65336450833 -5.11287765847 -0.25 h
 -3.20382080613 -4.68265455556 0.25 h
 -3.20382080613 -4.68265455556 -0.25 h
 -2.45431446713 -5.11652117998 0.25 h
 -2.45431446713 -5.11652117998 -0.25 h
 -2.45332811803 -4.25049633789 0.25 h
 -2.45332811803 -4.25049633789 -0.25 h
 1.60210750288 -6.58641549281 0.25 h
 1.60210750288 -6.58641549281 -0.25 h
 0.851612754321 -7.01857013225 0.25 h
 0.851612754321 -7.01857013225 -0.25 h
 1.60111702472 -7.45244033019 0.25 h
 1.60111702472 -7.45244033019 -0.25 h
 -1.60211950022 -6.58650881136 -0.25 h
 -1.60211950022 -6.58650881136 0.25 h
 -0.851635750416 -7.01868255105 -0.25 h
 -0.851635750416 -7.01868255105 0.25 h
 -1.60115106274 -7.45253367366 -0.25 h
 -1.60115106274 -7.45253367366 0.25 h
 6.49646153089 -7.46840886548 -0.25 h
 6.49646153089 -7.46840886548 0.25 h
 6.51134891842 -6.60251143178 -0.25 h
 6.51134891842 -6.60251143178 0.25 h
 7.25379439931 -7.04835300442 -0.25 h
 7.25379439931 -7.04835300442 0.25 h
 3.21946742956 -9.36032226263 0.25 h
 3.21946742956 -9.36032226263 -0.25 h
 2.46215761284 -8.94022484357 0.25 h
 2.46215761284 -8.94022484357 -0.25 h
 2.47699748424 -9.80612309291 0.25 h
 2.47699748424 -9.80612309291 -0.25 h
 -3.21944569917 -9.36036134268 -0.25 h
 -3.21944569917 -9.36036134268 0.25 h
 -2.46211120199 -8.94030841819 -0.25 h
 -2.46211120199 -8.94030841819 0.25 h
 -2.47700194704 -9.80620579416 -0.25 h
 -2.47700194704 -9.80620579416 0.25 h
 -6.49645675966 -7.46832651025 0.25 h
 -6.49645675966 -7.46832651025 -0.25 h
 -6.51135093123 -6.60242919321 0.25 h
 -6.51135093123 -6.60242919321 -0.25 h
 -7.25379291907 -7.04827658267 0.25 h
 -7.25379291907 -7.04827658267 -0.25 h
 -9.71596301429 -1.89196036925 -0.25 h
 -9.71596301429 -1.89196036925 0.25 h
 -8.97351512281 -2.33779792759 -0.25 h
 -8.97351512281 -2.33779792759 0.25 h
 -9.73084572004 -2.75785788343 -0.25 h
 -9.73084572004 -2.75785788343 0.25 h
 -9.71594382033 1.89197889069 0.25 h
 -9.71594382033 1.89197889069 -0.25 h
 -8.97348633079 2.33780046512 0.25 h
 -8.97348633079 2.33780046512 -0.25 h
 -9.73080788458 2.75787672507 0.25 h
 -9.73080788458 2.75787672507 -0.25 h
 -6.49647181153 7.46831801858 -0.25 h
 -6.49647181153 7.46831801858 0.25 h
 -6.51134158037 6.60242028214 -0.25 h
 -6.51134158037 6.60242028214 0.25 h
 -7.25379613279 7.04824674792 -0.25 h
 -7.25379613279 7.04824674792 0.25 h
 -3.21945163505 9.36037416549 0.25 h
 -3.21945163505 9.36037416549 -0.25 h
 -2.46212009987 8.9403159007 0.25 h
 -2.46212009987 8.9403159007 -0.25 h
 -2.47700473909 9.80621338165 0.25 h
 -2.47700473909 9.80621338165 -0.25 h
 3.21948894308 9.36038249406 -0.25 h
 3.21948894308 9.36038249406 0.25 h
 2.46217204657 8.940297838 -0.25 h
 2.46217204657 8.940297838 0.25 h
 2.47702651094 9.80619583712 -0.25 h
 2.47702651094 9.80619583712 0.25 h
 6.49643648924 7.46836959134 0.25 h
 6.49643648924 7.46836959134 -0.25 h
 6.51127994827 6.60247140348 0.25 h
 6.51127994827 6.60247140348 -0.25 h
 7.25374804653 7.04827531001 0.25 h
 7.25374804653 7.04827531001 -0.25 h
 9.71601915697 1.89189009392 -0.25 h
 9.71601915697 1.89189009392 0.25 h
 8.97356518185 2.33771752109 -0.25 h
 8.97356518185 2.33771752109 0.25 h
 9.73089004705 2.75778781111 -0.25 h
 9.73089004705 2.75778781111 0.25 h
 9.71596546152 -1.89201164877 0.25 h
 9.71596546152 -1.89201164877 -0.25 h
 8.97350063583 -2.33782100557 0.25 h
 8.97350063583 -2.33782100557 -0.25 h
 9.73081527691 -2.75790972763 0.25 h
 9.73081527691 -2.75790972763 -0.25 h
 -9.72491316443 -6.5365222081 -0.25 h
 -9.72491316443 -6.5365222081 0.25 h
 -8.97490891658 -6.96952755242 -0.25 h
 -8.97490891658 -6.96952755242 0.25 h
 -9.72490466865 -7.40254761184 -0.25 h
 -9.72490466865 -7.40254761184 0.25 h
 -4.88267466716 -9.33175897107 0.25 h
 -4.88267466716 -9.33175897107 -0.25 h
 -5.6251184193 -8.88591451959 0.25 h
 -5.6251184193 -8.88591451959 -0.25 h
 -5.64000916434 -9.75181189557 0.25 h
 -5.64000916434 -9.75181189557 -0.25 h
 10.5229153704 0.437175060381 0.25 h
 10.5229153704 0.437175060381 -0.25 h
 10.5080444803 -0.428722656805 0.25 h
 10.5080444803 -0.428722656805 -0.25 h
 11.2653693455 -0.00865236679024 0.25 h
 11.2653693455 -0.00865236679024 -0.25 h
 10.5233060888 -5.15376750922 -0.25 h
 10.5233060888 -5.15376750922 0.25 h
 10.5233151432 -4.28774210548 -0.25 h
 10.5233151432 -4.28774210548 0.25 h
 11.273310616 -4.72076264871 -0.25 h
 11.273310616 -4.72076264871 0.25 h
 4.8827610157 9.331849092 0.25 h
 4.8827610157 9.331849092 -0.25 h
 5.62522344784 8.88603574894 0.25 h
 5.62522344784 8.88603574894 -0.25 h
 5.64007791221 9.75193374806 0.25 h
 5.64007791221 9.75193374806 -0.25 h
 0.798305849622 11.6905130198 0.25 h
 0.798305849622 11.6905130198 -0.25 h
 1.54830668344 11.2575017621 0.25 h
 1.54830668344 11.2575017621 -0.25 h
 1.5483050158 12.1235271659 0.25 h
 1.5483050158 12.1235271659 -0.25 h
 -10.523362375 5.15373885484 -0.25 h
 -10.523362375 5.15373885484 0.25 h
 -10.5233570567 4.28771345107 -0.25 h
 -10.5233570567 4.28771345107 0.25 h
 -11.2733597159 4.72072154717 -0.25 h
 -11.2733597159 4.72072154717 0.25 h
 -10.5228462003 0.437279774399 -0.25 h
 -10.5228462003 0.437279774399 0.25 h
 -10.507982136 -0.428618059987 -0.25 h
 -10.507982136 -0.428618059987 0.25 h
 -11.2653036898 -0.0085418000346 -0.25 h
 -11.2653036898 -0.0085418000346 0.25 h
 -0.798405000962 -11.6905572595 0.25 h
 -0.798405000962 -11.6905572595 -0.25 h
 -1.54843650552 -11.2575991297 0.25 h
 -1.54843650552 -11.2575991297 -0.25 h
 -1.54837349243 -12.1236245312 0.25 h
 -1.54837349243 -12.1236245312 -0.25 h
 0.79829368601 -11.6904410817 -0.25 h
 0.79829368601 -11.6904410817 0.25 h
 1.54826217748 -11.25737381 -0.25 h
 1.54826217748 -11.25737381 0.25 h
 1.54832519057 -12.1233992115 -0.25 h
 1.54832519057 -12.1233992115 0.25 h
 -10.5232882334 -5.15372735311 0.25 h
 -10.5232882334 -5.15372735311 -0.25 h
 -10.5232967292 -4.28770194937 0.25 h
 -10.5232967292 -4.28770194937 -0.25 h
 -11.2732924812 -4.7207220088 0.25 h
 -11.2732924812 -4.7207220088 -0.25 h
 -9.72503596644 6.536500366 0.25 h
 -9.72503596644 6.536500366 -0.25 h
 -8.97503862561 6.96951767367 0.25 h
 -8.97503862561 6.96951767367 -0.25 h
 -9.72504128475 7.40252576977 0.25 h
 -9.72504128475 7.40252576977 -0.25 h
 -0.798402813138 11.6905099451 -0.25 h
 -0.798402813138 11.6905099451 0.25 h
 -1.54840197932 11.257495799 -0.25 h
 -1.54840197932 11.257495799 0.25 h
 -1.54840364695 12.1235212028 -0.25 h
 -1.54840364695 12.1235212028 0.25 h
 9.72495226923 6.536525897 -0.25 h
 9.72495226923 6.536525897 0.25 h
 8.97495632747 6.96954562788 -0.25 h
 8.97495632747 6.96954562788 0.25 h
 9.72496038563 7.40255130074 -0.25 h
 9.72496038563 7.40255130074 0.25 h
 10.5232936317 5.15372816674 0.25 h
 10.5232936317 5.15372816674 -0.25 h
 10.5232855153 4.28770276299 0.25 h
 10.5232855153 4.28770276299 -0.25 h
 11.2732895734 4.72070843585 0.25 h
 11.2732895734 4.72070843585 -0.25 h
 9.72493439805 -6.53655445312 0.25 h
 9.72493439805 -6.53655445312 -0.25 h
 8.97492987087 -6.96955931362 0.25 h
 8.97492987087 -6.96955931362 -0.25 h
 9.72492534362 -7.40257985686 0.25 h
 9.72492534362 -7.40257985686 -0.25 h
 4.88269528174 -9.3318176578 -0.25 h
 4.88269528174 -9.3318176578 0.25 h
 5.62516522707 -8.88601682751 -0.25 h
 5.62516522707 -8.88601682751 0.25 h
 5.64000509846 -9.75191507686 -0.25 h
 5.64000509846 -9.75191507686 0.25 h
 -4.88273942776 9.33178251435 -0.25 h
 -4.88273942776 9.33178251435 0.25 h
 -5.62518632373 8.88594329819 -0.25 h
 -5.62518632373 8.88594329819 0.25 h
 -5.64007096295 9.75184077914 -0.25 h
 -5.64007096295 9.75184077914 0.25 h
$end
