$coord
   -3.27242829684765     -3.46971362015729      0.00000000000000  c
   -0.69850210002839     -3.46489162505339      0.00000000000000  c
    0.67445316245826     -1.15184577619205      0.00000000000000  c
   -0.67438129442024      1.15171295777396      0.00000000000000  c
   -3.36341053729298      1.08638816982593      0.00000000000000  c
   -4.62724462639674     -1.15588309384748      0.00000000000000  c
    3.36350498716933     -1.08638144334962      0.00000000000000  c
    0.69845850083662      3.46482609103221      0.00000000000000  c
    3.27236491557997      3.46973533848446      0.00000000000000  c
    4.62725924542649      1.15593490370944      0.00000000000000  c
 -2.77242917425 -3.46877692146 0.25 h
 -2.77242917425 -3.46877692146 -0.25 h
 -3.52323906301 -3.03717002747 0.25 h
 -3.52323906301 -3.03717002747 -0.25 h
 -3.52161665328 -3.90319391154 0.25 h
 -3.52161665328 -3.90319391154 -0.25 h
 -1.19850122262 -3.46582832375 -0.25 h
 -1.19850122262 -3.46582832375 0.25 h
 -0.4493137436 -3.03141133367 -0.25 h
 -0.4493137436 -3.03141133367 0.25 h
 -0.447691333862 -3.89743521774 -0.25 h
 -0.447691333862 -3.89743521774 0.25 h
 0.421806390066 -0.720372012911 0.25 h
 0.421806390066 -0.720372012911 -0.25 h
 0.427109308587 -1.58638118091 0.25 h
 0.427109308587 -1.58638118091 -0.25 h
 1.17444378872 -1.14878413476 0.25 h
 1.17444378872 -1.14878413476 -0.25 h
 -0.421734522028 0.720239194493 -0.25 h
 -0.421734522028 0.720239194493 0.25 h
 -1.17437192068 1.14865131634 -0.25 h
 -1.17437192068 1.14865131634 0.25 h
 -0.427037440549 1.58624836249 -0.25 h
 -0.427037440549 1.58624836249 0.25 h
 -3.60891831731 0.650812768834 0.25 h
 -3.60891831731 0.650812768834 -0.25 h
 -2.86343728476 1.091559896 0.25 h
 -2.86343728476 1.091559896 -0.25 h
 -3.61787600981 1.51679184465 0.25 h
 -3.61787600981 1.51679184465 -0.25 h
 -4.38173684638 -0.720307692856 -0.25 h
 -4.38173684638 -0.720307692856 0.25 h
 -4.37277915388 -1.58628676867 -0.25 h
 -4.37277915388 -1.58628676867 0.25 h
 -5.12721787893 -1.16105482002 -0.25 h
 -5.12721787893 -1.16105482002 0.25 h
 3.60899725212 -0.650797297803 0.25 h
 3.60899725212 -0.650797297803 -0.25 h
 2.86353191917 -1.09157097825 0.25 h
 2.86353191917 -1.09157097825 -0.25 h
 3.61798579023 -1.516776054 0.25 h
 3.61798579023 -1.516776054 -0.25 h
 1.19845759138 3.46577974624 -0.25 h
 1.19845759138 3.46577974624 0.25 h
 0.449284845204 3.03133734915 -0.25 h
 0.449284845204 3.03133734915 0.25 h
 0.447633065928 3.8973611777 -0.25 h
 0.447633065928 3.8973611777 0.25 h
 2.77236582504 3.46878168327 0.25 h
 2.77236582504 3.46878168327 -0.25 h
 3.52319035049 3.03720025181 0.25 h
 3.52319035049 3.03720025181 -0.25 h
 3.52153857121 3.90322408037 0.25 h
 3.52153857121 3.90322408037 -0.25 h
 4.38176698048 0.720350758163 -0.25 h
 4.38176698048 0.720350758163 0.25 h
 4.37277844237 1.58632951436 -0.25 h
 4.37277844237 1.58632951436 0.25 h
 5.12723231343 1.16112443861 -0.25 h
 5.12723231343 1.16112443861 0.25 h
$end
