$coord
   -3.31075186517090     -5.81936263045589      0.00000000000000  c
   -0.66256079231954     -5.81564892639845      0.00000000000000  c
    0.70064967207810     -3.51979479579394      0.00000000000000  c
   -0.66856525109450     -1.17509337169567      0.00000000000000  c
   -3.38363111409986     -1.19619291569167      0.00000000000000  c
   -4.66063124703586     -3.54102539602073      0.00000000000000  c
    3.42202786251963     -3.43889927893896      0.00000000000000  c
    0.66864028773031      1.17522685251963      0.00000000000000  c
    3.38362816498538      1.19630093972982      0.00000000000000  c
    4.70471921336565     -1.18421592857217      0.00000000000000  c
    4.66052078763144      3.54100206806158      0.00000000000000  c
    3.31064566949611      5.81917179845760      0.00000000000000  c
    0.66260051111324      5.81554263890962      0.00000000000000  c
   -0.70055693366713      3.51984860902380      0.00000000000000  c
   -3.42189542211812      3.43903316120996      0.00000000000000  c
   -4.70467558328407      1.18439927931433      0.00000000000000  c
 -2.81075235682 -5.81866145363 0.25 h
 -2.81075235682 -5.81866145363 -0.25 h
 -3.56135885629 -5.38670094276 0.25 h
 -3.56135885629 -5.38670094276 -0.25 h
 -3.56014438241 -6.25272549498 0.25 h
 -3.56014438241 -6.25272549498 -0.25 h
 -1.16256030067 -5.81635010322 -0.25 h
 -1.16256030067 -5.81635010322 0.25 h
 -0.413168275085 -5.38228606188 -0.25 h
 -0.413168275085 -5.38228606188 0.25 h
 -0.411953801203 -6.2483106141 -0.25 h
 -0.411953801203 -6.2483106141 0.25 h
 0.445373777524 -3.9497182979 -0.25 h
 0.445373777524 -3.9497182979 0.25 h
 0.455962944851 -3.08375763509 -0.25 h
 0.455962944851 -3.08375763509 0.25 h
 1.20061229386 -3.5259084544 -0.25 h
 1.20061229386 -3.5259084544 0.25 h
 -0.4213094994 -0.740507829766 0.25 h
 -0.4213094994 -0.740507829766 -0.25 h
 -1.16855524637 -1.17825638046 0.25 h
 -1.16855524637 -1.17825638046 -0.25 h
 -0.415831007514 -1.60651590486 0.25 h
 -0.415831007514 -1.60651590486 -0.25 h
 -3.62276856351 -1.63529800595 0.25 h
 -3.62276856351 -1.63529800595 -0.25 h
 -2.8837862263 -1.18373947675 0.25 h
 -2.8837862263 -1.18373947675 -0.25 h
 -3.64433855249 -0.76954126438 0.25 h
 -3.64433855249 -0.76954126438 -0.25 h
 -4.40576448189 -3.97119156394 0.25 h
 -4.40576448189 -3.97119156394 -0.25 h
 -4.41552980034 -3.10522121886 0.25 h
 -4.41552980034 -3.10522121886 -0.25 h
 -5.16059945888 -3.54666340526 0.25 h
 -5.16059945888 -3.54666340526 -0.25 h
 3.66926876693 -3.00430529004 0.25 h
 3.66926876693 -3.00430529004 -0.25 h
 2.9220379756 -3.44207936932 0.25 h
 2.9220379756 -3.44207936932 -0.25 h
 3.67477684504 -3.87031317746 0.25 h
 3.67477684504 -3.87031317746 -0.25 h
 0.421384536036 0.74064131059 0.25 h
 0.421384536036 0.74064131059 -0.25 h
 1.16863028301 1.17838986129 0.25 h
 1.16863028301 1.17838986129 -0.25 h
 0.415906044149 1.60664938568 0.25 h
 0.415906044149 1.60664938568 -0.25 h
 3.62276041812 1.63540885985 0.25 h
 3.62276041812 1.63540885985 -0.25 h
 2.88378342459 1.18384158575 0.25 h
 2.88378342459 1.18384158575 -0.25 h
 3.64434065224 0.769652373592 0.25 h
 3.64434065224 0.769652373592 -0.25 h
 4.45747830896 -1.61880991747 -0.25 h
 4.45747830896 -1.61880991747 0.25 h
 4.45197023085 -0.752802030052 -0.25 h
 4.45197023085 -0.752802030052 0.25 h
 5.20470910029 -1.18103583819 -0.25 h
 5.20470910029 -1.18103583819 0.25 h
 4.40564074848 3.97116037106 0.25 h
 4.40564074848 3.97116037106 -0.25 h
 4.41543278916 3.10519032774 0.25 h
 4.41543278916 3.10519032774 -0.25 h
 5.16048882526 3.54665550539 0.25 h
 5.16048882526 3.54665550539 -0.25 h
 2.81064613907 5.81848654652 0.25 h
 2.81064613907 5.81848654652 -0.25 h
 3.56123888029 5.38650212919 0.25 h
 3.56123888029 5.38650212919 -0.25 h
 3.56005198913 6.25252671966 0.25 h
 3.56005198913 6.25252671966 -0.25 h
 1.16260004154 5.81622789085 -0.25 h
 1.16260004154 5.81622789085 0.25 h
 0.413194191483 5.38218771771 -0.25 h
 0.413194191483 5.38218771771 0.25 h
 0.412007300314 6.24821230817 -0.25 h
 0.412007300314 6.24821230817 0.25 h
 -0.445275217909 3.94976865461 -0.25 h
 -0.445275217909 3.94976865461 0.25 h
 -0.45587611047 3.08380813526 -0.25 h
 -0.45587611047 3.08380813526 0.25 h
 -1.20051947262 3.5259690372 -0.25 h
 -1.20051947262 3.5259690372 0.25 h
 -3.6691533572 3.00444886152 0.25 h
 -3.6691533572 3.00444886152 -0.25 h
 -2.92190541096 3.44219365799 0.25 h
 -2.92190541096 3.44219365799 -0.25 h
 -3.6746274982 3.87045696412 0.25 h
 -3.6746274982 3.87045696412 -0.25 h
 -4.4574176482 1.61898357901 -0.25 h
 -4.4574176482 1.61898357901 0.25 h
 -4.4519435072 0.752975476401 -0.25 h
 -4.4519435072 0.752975476401 0.25 h
 -5.20466559444 1.18123878253 -0.25 h
 -5.20466559444 1.18123878253 0.25 h
$user-defined bonds
$redundant
     number_of_atoms            26
     degrees_of_freedom         49
     internal_coordinates       61
     frozen_coordinates          0
# definitions of redundant internals
   1 k  1.0000000000000 stre  16   19           val=   2.07438
   2 k  1.0000000000000 stre  17   18           val=   2.07451
   3 k  1.0000000000000 stre  11   12           val=   2.07422
   4 k  1.0000000000000 stre  13   25           val=   2.07359
   5 k  1.0000000000000 stre  14   26           val=   2.07418
   6 k  1.0000000000000 stre   2   22           val=   2.07433
   7 k  1.0000000000000 stre   6   23           val=   2.07438
   8 k  1.0000000000000 stre  10   24           val=   2.07441
   9 k  1.0000000000000 stre   7   20           val=   2.07449
  10 k  1.0000000000000 stre   1   21           val=   2.07371
  11 k  0.7071067811865 bend   1   23    6      val=   0.50676
       -0.7071067811865 bend   5   23    6
  12 k  0.7071067811865 bend   1   22    2      val=   0.51093
       -0.7071067811865 bend   3   22    2
  13 k -0.7071067811865 bend  13   12   11      val=  -0.50762
        0.7071067811865 bend   9   12   11
  14 k  0.7071067811865 bend  13   26   14      val=   0.51166
       -0.7071067811865 bend  15   26   14
  15 k -0.7071067811865 bend   2   21    1      val=  -0.00214
        0.7071067811865 bend   6   21    1
  16 k -0.7071067811865 bend  11   25   13      val=   0.00208
        0.7071067811865 bend  14   25   13
  17 k  0.7071067811865 bend  10   20    7      val=   0.96885
       -0.7071067811865 bend   3   20    7
  18 k  0.7071067811865 bend   7   24   10      val=   0.96876
       -0.7071067811865 bend   9   24   10
  19 k -0.7071067811865 bend  16   18   17      val=  -0.97032
        0.7071067811865 bend   5   18   17
  20 k -0.7071067811865 bend  17   19   16      val=  -0.96728
        0.7071067811865 bend  15   19   16
  21 k  1.0000000000000 stre   1    2           val=   2.64819
  22 k  1.0000000000000 stre   1    6           val=   2.64821
  23 k  1.0000000000000 stre   2    3           val=   2.67007
  24 k  1.0000000000000 stre   3    4           val=   2.71521
  25 k  1.0000000000000 stre   3    7           val=   2.72258
  26 k  1.0000000000000 stre   4    5           val=   2.71515
  27 k  1.0000000000000 stre   4    8           val=   2.70409
  28 k  1.0000000000000 stre   5    6           val=   2.67001
  29 k  1.0000000000000 stre   5   17           val=   2.72257
  30 k  1.0000000000000 stre   7   10           val=   2.59401
  31 k  1.0000000000000 stre   8    9           val=   2.71507
  32 k  1.0000000000000 stre   8   15           val=   2.71513
  33 k  1.0000000000000 stre   9   11           val=   2.66985
  34 k  1.0000000000000 stre   9   10           val=   2.72252
  35 k  1.0000000000000 stre  11   13           val=   2.64806
  36 k  1.0000000000000 stre  13   14           val=   2.64805
  37 k  1.0000000000000 stre  14   15           val=   2.66991
  38 k  1.0000000000000 stre  15   16           val=   2.72254
  39 k  1.0000000000000 stre  16   17           val=   2.59401
  40 k  1.0000000000000 bend   6    2    1      val= 120.56573
  41 k  1.0000000000000 bend   3    1    2      val= 120.78094
  42 k -0.6925712234382 bend   4    2    3      val=   1.70209
        0.7207970606082 bend   7    2    3
       -0.0282258371700 bend   7    4    3
  43 k -0.4324485716615 bend   4    2    3      val=  -1.01381
       -0.3835599875968 bend   7    2    3
        0.8160085592582 bend   7    4    3
  44 k  0.8164965692537 bend   5    3    4      val=  -0.12148
       -0.4083678578616 bend   8    3    4
       -0.4081287113920 bend   8    5    4
  45 k  0.0001380712786 bend   5    3    4      val=  -0.00183
        0.7070377354372 bend   8    3    4
       -0.7071758067158 bend   8    5    4
  46 k -0.6926044177724 bend   4    6    5      val=   1.69966
        0.7207676149809 bend  17    6    5
       -0.0281631972085 bend  17    4    5
  47 k  0.4323954060219 bend   4    6    5      val=   1.01323
        0.3836153175532 bend  17    6    5
       -0.8160107235752 bend  17    4    5
  48 k  1.0000000000000 bend   5    1    6      val= 120.78112
  49 k  1.0000000000000 bend   3   10    7      val= 121.33826
  50 k -0.8164940167990 bend  15    9    8      val=   0.12070
        0.4100191253876 bend   4    9    8
        0.4064748914114 bend   4   15    8
  51 k  0.0020462644402 bend  15    9    8      val=   0.00146
        0.7060814283658 bend   4    9    8
       -0.7081276928060 bend   4   15    8
  52 k  0.6926679816229 bend   8   11    9      val=  -1.69969
       -0.7207112075672 bend  10   11    9
        0.0280432259443 bend  10    8    9
  53 k  0.4322935737448 bend   8   11    9      val=   1.01183
        0.3837212816011 bend  10   11    9
       -0.8160148553460 bend  10    8    9
  54 k  1.0000000000000 bend   9    7   10      val= 121.33590
  55 k  1.0000000000000 bend   9   13   11      val= 120.78003
  56 k  1.0000000000000 bend  14   11   13      val= 120.56933
  57 k  1.0000000000000 bend  15   13   14      val= 120.77989
  58 k -0.6925242066610 bend   8   14   15      val=   1.70226
        0.7208387542197 bend  16   14   15
       -0.0283145475587 bend  16    8   15
  59 k  0.4325238604461 bend   8   14   15      val=   1.01201
        0.3834816254811 bend  16   14   15
       -0.8160054859272 bend  16    8   15
  60 k  1.0000000000000 bend  15   17   16      val= 121.33884
  61 k  1.0000000000000 bend   5   16   17      val= 121.33528
        49 non zero eigenvalues  of BmBt
           1           2.204755505    1    0
         1
           2           2.204320241    2    0
         2
           3           2.176010321    3    0
         3
           4           2.172655938    4    0
         4
           5           2.151861635    5    0
         5
           6           2.148673572    6    0
         6
           7           2.063284364    7    0
         7
           8           2.063071709    8    0
         8
           9           2.000000001    9    0
         9
          10           2.000000000   10    0
        10
          11           1.702164513   11    0
        11
          12           1.697902874   12    0
        12
          13           1.616551061   13    0
        13
          14           1.608707747   14    0
        14
          15           1.371345370   15    0
        15
          16           1.363322177   16    0
        16
          17           1.163824757   17    0
        17
          18           1.154850334   18    0
        18
          19           1.064473417   19    0
        19
          20           1.059996379   20    0
        20
          21           2.941314801   21    0
        21
          22           2.910641980   22    0
        22
          23           2.858720092   23    0
        23
          24           2.126579847   24    0
        24
          25           1.755727004   25    0
        25
          26           1.730735345   26    0
        26
          27           1.614072919   27    0
        27
          28           1.599186158   28    0
        28
          29           1.584517866   29    0
        29
          30           1.184564338   30    0
        30
          31           1.103499304   31    0
        31
          32           0.862865064   32    0
        32
          33           0.673305914   33    0
        33
          34           0.535385749   34    0
        34
          35           0.523083882   35    0
        35
          36           0.474298528   36    0
        36
          37           0.437920986   37    0
        37
          38           0.374402231   38    0
        38
          39           0.179764338   39    0
        39
          40           0.902895967    0    0
         0.000000000         0.000000000         0.000000000         0.000000000
         0.000000000         0.000000000         0.000000000         0.000000000
         0.000000000         0.000000000         0.000000000         0.000000000
         0.000000000         0.000000000         0.000000000         0.000000000
         0.000000000         0.000000000         0.000000000         0.000000000
         0.000000000         0.000000000         0.000000000         0.000000000
         0.000000000         0.000000000         0.000000000         0.000000000
         0.000000000         0.000000000         0.000000000         0.000000000
         0.000000000         0.000000000         0.000000000         0.000000000
         0.000000000         0.000000000         0.000000000         0.225440152
        -0.228189595        -0.210809996        -0.203343502        -0.290192866
        -0.000041347        -0.210835767         0.203307569        -0.228180660
         0.211265541        -0.290189690         0.000714641        -0.210853202
        -0.203300213        -0.211266258         0.228184780        -0.225438163
         0.228177977         0.210792297        -0.203338600        -0.211245060
         0.211247083
          41           0.733030600    0    0
         0.000000000         0.000000000         0.000000000         0.000000000
         0.000000000         0.000000000         0.000000000         0.000000000
         0.000000000         0.000000000         0.000000000         0.000000000
         0.000000000         0.000000000         0.000000000         0.000000000
         0.000000000         0.000000000         0.000000000         0.000000000
         0.000000000         0.000000000         0.000000000         0.000000000
         0.000000000         0.000000000         0.000000000         0.000000000
         0.000000000         0.000000000         0.000000000         0.000000000
         0.000000000         0.000000000         0.000000000         0.000000000
         0.000000000         0.000000000         0.000000000        -0.000422736
        -0.119192835         0.020708125        -0.305047224         0.000100649
         0.264496253        -0.020308895        -0.305353878         0.119889070
         0.327298027        -0.000814246        -0.264489787         0.020287812
        -0.305348178        -0.327412509         0.119846909        -0.000384161
        -0.119217588         0.020731174         0.305036135         0.327311223
        -0.327432216
          42           0.727908021    0    0
         0.000000000         0.000000000         0.000000000         0.000000000
         0.000000000         0.000000000         0.000000000         0.000000000
         0.000000000         0.000000000         0.000000000         0.000000000
         0.000000000         0.000000000         0.000000000         0.000000000
         0.000000000         0.000000000         0.000000000         0.000000000
         0.000000000         0.000000000         0.000000000         0.000000000
         0.000000000         0.000000000         0.000000000         0.000000000
         0.000000000         0.000000000         0.000000000         0.000000000
         0.000000000         0.000000000         0.000000000         0.000000000
         0.000000000         0.000000000         0.000000000         0.397720552
        -0.325762922        -0.174350908        -0.146497478        -0.140132322
         0.000241284        -0.174408768         0.145863593        -0.325510180
         0.057497384         0.140132765        -0.000615956         0.174428923
         0.145830654         0.056814709        -0.325521902         0.397736905
        -0.325772028        -0.174351772         0.146512247         0.057488726
         0.056825709
          43           0.560886909    0    0
         0.000000000         0.000000000         0.000000000         0.000000000
         0.000000000         0.000000000         0.000000000         0.000000000
         0.000000000         0.000000000         0.000000000         0.000000000
         0.000000000         0.000000000         0.000000000         0.000000000
         0.000000000         0.000000000         0.000000000         0.000000000
         0.000000000         0.000000000         0.000000000         0.000000000
         0.000000000         0.000000000         0.000000000         0.000000000
         0.000000000         0.000000000         0.000000000         0.000000000
         0.000000000         0.000000000         0.000000000         0.000000000
         0.000000000         0.000000000         0.000000000         0.265032126
        -0.191098758        -0.185603187         0.191833720         0.031826356
         0.000010557        -0.185593420        -0.191862755        -0.191086936
        -0.326499554         0.031827591        -0.000080791        -0.185541114
         0.191885160         0.326503625         0.191070979        -0.265014767
         0.191086144         0.185632880         0.191822429         0.326519807
        -0.326522123
          44           0.417742257    0    0
         0.000000000         0.000000000         0.000000000         0.000000000
         0.000000000         0.000000000         0.000000000         0.000000000
         0.000000000         0.000000000         0.000000000         0.000000000
         0.000000000         0.000000000         0.000000000         0.000000000
         0.000000000         0.000000000         0.000000000         0.000000000
         0.000000000         0.000000000         0.000000000         0.000000000
         0.000000000         0.000000000         0.000000000         0.000000000
         0.000000000         0.000000000         0.000000000         0.000000000
         0.000000000         0.000000000         0.000000000         0.000000000
         0.000000000         0.000000000         0.000000000         0.000015007
        -0.276464817        -0.192363754        -0.321742721        -0.000025157
         0.181873075         0.192429651        -0.321690115         0.276457413
         0.128511263         0.000495812         0.181892220         0.192456399
         0.321702333         0.128485296        -0.276444634        -0.000018734
         0.276470799         0.192327363        -0.321743373        -0.128506047
        -0.128468443
          45           0.389455567    0    0
         0.000000000         0.000000000         0.000000000         0.000000000
         0.000000000         0.000000000         0.000000000         0.000000000
         0.000000000         0.000000000         0.000000000         0.000000000
         0.000000000         0.000000000         0.000000000         0.000000000
         0.000000000         0.000000000         0.000000000         0.000000000
         0.000000000         0.000000000         0.000000000         0.000000000
         0.000000000         0.000000000         0.000000000         0.000000000
         0.000000000         0.000000000         0.000000000         0.000000000
         0.000000000         0.000000000         0.000000000         0.000000000
         0.000000000         0.000000000         0.000000000         0.349940495
        -0.176313216         0.225082223         0.022901100         0.409373872
         0.000037664         0.225092090        -0.022849066        -0.176311021
         0.150673467         0.409386795        -0.001014960         0.225069855
         0.022824186        -0.150685906         0.176348208        -0.349948349
         0.176281123        -0.225108317         0.022945727        -0.150628720
         0.150652640
          46           0.325466066    0    0
         0.000000000         0.000000000         0.000000000         0.000000000
         0.000000000         0.000000000         0.000000000         0.000000000
         0.000000000         0.000000000         0.000000000         0.000000000
         0.000000000         0.000000000         0.000000000         0.000000000
         0.000000000         0.000000000         0.000000000         0.000000000
         0.000000000         0.000000000         0.000000000         0.000000000
         0.000000000         0.000000000         0.000000000         0.000000000
         0.000000000         0.000000000         0.000000000         0.000000000
         0.000000000         0.000000000         0.000000000         0.000000000
         0.000000000         0.000000000         0.000000000        -0.000027435
        -0.145539919        -0.250804606         0.070032006         0.000041775
        -0.474861674         0.250768640         0.070065252         0.145571572
         0.219682979         0.001170013         0.474854425        -0.250790741
         0.070087602        -0.219686795         0.145560654         0.000004125
        -0.145566280        -0.250789188        -0.069998808         0.219706770
        -0.219702371
          47           0.275248999    0    0
         0.000000000         0.000000000         0.000000000         0.000000000
         0.000000000         0.000000000         0.000000000         0.000000000
         0.000000000         0.000000000         0.000000000         0.000000000
         0.000000000         0.000000000         0.000000000         0.000000000
         0.000000000         0.000000000         0.000000000         0.000000000
         0.000000000         0.000000000         0.000000000         0.000000000
         0.000000000         0.000000000         0.000000000         0.000000000
         0.000000000         0.000000000         0.000000000         0.000000000
         0.000000000         0.000000000         0.000000000         0.000000000
         0.000000000         0.000000000         0.000000000         0.000048099
        -0.238729706        -0.326802871        -0.020387088         0.000002854
         0.295645098         0.326804738        -0.020482479         0.238690760
        -0.205210317        -0.000808521        -0.295650616        -0.326803233
        -0.020439965         0.205161216         0.238691468         0.000032930
        -0.238725371        -0.326786496         0.020439199        -0.205191973
         0.205152084
          48           0.251087133    0    0
         0.000000000         0.000000000         0.000000000         0.000000000
         0.000000000         0.000000000         0.000000000         0.000000000
         0.000000000         0.000000000         0.000000000         0.000000000
         0.000000000         0.000000000         0.000000000         0.000000000
         0.000000000         0.000000000         0.000000000         0.000000000
         0.000000000         0.000000000         0.000000000         0.000000000
         0.000000000         0.000000000         0.000000000         0.000000000
         0.000000000         0.000000000         0.000000000         0.000000000
         0.000000000         0.000000000         0.000000000         0.000000000
         0.000000000         0.000000000         0.000000000        -0.246963592
         0.111273408        -0.005178433        -0.352629150        -0.352403691
         0.000001928        -0.005148060         0.352616654         0.111310792
         0.143690866         0.352387563        -0.000944368         0.005152813
         0.352611450         0.143772510         0.111344041        -0.246952651
         0.111229807        -0.005168276         0.352635026         0.143704605
         0.143765027
          49           0.164732688    0    0
         0.000000000         0.000000000         0.000000000         0.000000000
         0.000000000         0.000000000         0.000000000         0.000000000
         0.000000000         0.000000000         0.000000000         0.000000000
         0.000000000         0.000000000         0.000000000         0.000000000
         0.000000000         0.000000000         0.000000000         0.000000000
         0.000000000         0.000000000         0.000000000         0.000000000
         0.000000000         0.000000000         0.000000000         0.000000000
         0.000000000         0.000000000         0.000000000         0.000000000
         0.000000000         0.000000000         0.000000000         0.000000000
         0.000000000         0.000000000         0.000000000         0.000007129
         0.146601227         0.370120278        -0.258745790        -0.000012477
         0.156768702        -0.370108787        -0.258803897        -0.146612772
         0.110737362         0.000380793         0.156760432        -0.370073900
         0.258827207         0.110745039         0.146615199        -0.000001906
        -0.146615185        -0.370166122        -0.258732461        -0.110755672
        -0.110753163
$end
