$coord
   -1.12865338731809      0.56685263159165      0.00000000000000  c
   -1.21867619316044      2.61732298288713      0.00000000000000  h
    1.12864383555079     -0.56669552569894      0.00000000000000  c
    1.21865118949077     -2.61716650051309      0.00000000000000  h
   -3.53720157781253     -0.77587438366849      0.00000000000000  c
   -3.44546529486931     -2.82646264129398      0.00000000000000  h
   -5.79431619704660      0.35358689640223      0.00000000000000  c
   -5.89129210613736      2.40397846676719      0.00000000000000  h
   -8.20628200139145     -1.00130692707921      0.00000000000000  c
   -8.09951223137866     -3.05066329826621      0.00000000000000  h
  -10.45875227475590      0.10835560801449      0.00000000000000  c
  -12.18965966003462     -0.98629151035312      0.00000000000000  h
  -10.65533970983231      2.15013073783734      0.00000000000000  h
    3.53721165027900      0.77599637247897      0.00000000000000  c
    3.44551919365401      2.82658660258213      0.00000000000000  h
    5.79429364856755     -0.35353006476330      0.00000000000000  c
    5.89120003132479     -2.40392506087659      0.00000000000000  h
    8.20631702956392      1.00125832002892      0.00000000000000  c
    8.09966685400507      3.05062137673008      0.00000000000000  h
   10.45873216103206     -0.10851758015883      0.00000000000000  c
   10.65522262439646     -2.15030252918130      0.00000000000000  h
   12.18969241587283      0.98604602653297      0.00000000000000  h
$user-defined bonds
$redundant
     number_of_atoms            22
     degrees_of_freedom         41
     internal_coordinates       41
     frozen_coordinates          0
# definitions of redundant internals
   1 k  1.0000000000000 stre   1    2           val=   2.05245
   2 k  1.0000000000000 stre   3    4           val=   2.05245
   3 k  1.0000000000000 stre   5    6           val=   2.05264
   4 k  1.0000000000000 stre   9   10           val=   2.05214
   5 k  1.0000000000000 stre  11   12           val=   2.04800
   6 k  1.0000000000000 stre  11   13           val=   2.05122
   7 k  1.0000000000000 stre  14   15           val=   2.05264
   8 k  1.0000000000000 stre  16   17           val=   2.05268
   9 k  1.0000000000000 stre  18   19           val=   2.05214
  10 k  1.0000000000000 stre  20   21           val=   2.05122
  11 k  1.0000000000000 stre   9   11           val=   2.51097
  12 k  1.0000000000000 stre  18   20           val=   2.51097
  13 k  1.0000000000000 stre   5    7           val=   2.52394
  14 k  1.0000000000000 stre  14   16           val=   2.52394
  15 k  1.0000000000000 stre   3   14           val=   2.75754
  16 k  1.0000000000000 stre   7    8           val=   2.05268
  17 k  1.0000000000000 stre  20   22           val=   2.04800
  18 k  1.0000000000000 stre   1    5           val=   2.75754
  19 k  1.0000000000000 stre  16   18           val=   2.76646
  20 k  1.0000000000000 stre   1    3           val=   2.52593
  21 k  1.0000000000000 stre   7    9           val=   2.76646
  22 k  0.8164965809277 bend  13   12   11      val=  -2.39240
       -0.4082483052160 bend   9   12   11
       -0.4082482757117 bend   9   13   11
  23 k -0.8164910912577 bend  22   21   20      val=   2.39285
        0.4108385019821 bend  18   21   20
        0.4056525892755 bend  18   22   20
  24 k -0.7071067811865 bend  14   17   16      val=  -1.33739
        0.7071067811865 bend  18   17   16
  25 k  0.7071067811865 bend  16   15   14      val=   1.28375
       -0.7071067811865 bend   3   15   14
  26 k  0.7071067811865 bend   5    8    7      val=   1.33727
       -0.7071067811865 bend   9    8    7
  27 k  0.7071067811865 bend   7    6    5      val=   1.28373
       -0.7071067811865 bend   1    6    5
  28 k  0.7071067811865 bend  11   10    9      val=   1.43348
       -0.7071067811865 bend   7   10    9
  29 k -0.7071067811865 bend   1    4    3      val=  -1.27660
        0.7071067811865 bend  14    4    3
  30 k  0.7071067811865 bend   3    2    1      val=   1.27661
       -0.7071067811865 bend   5    2    1
  31 k  0.7071067811865 bend  20   19   18      val=   1.43281
       -0.7071067811865 bend  16   19   18
  32 k  0.0029940880971 bend  22   21   20      val=   0.12126
        0.7056049829442 bend  18   21   20
       -0.7085990710414 bend  18   22   20
  33 k  0.0000000170343 bend  13   12   11      val=  -0.13151
        0.7071067726694 bend   9   12   11
       -0.7071067897037 bend   9   13   11
  34 k  1.0000000000000 bend  16   20   18      val= 124.44820
  35 k  1.0000000000000 bend   7   11    9      val= 124.44859
  36 k  1.0000000000000 bend   5    9    7      val= 124.09200
  37 k  1.0000000000000 bend  14   18   16      val= 124.09283
  38 k  1.0000000000000 bend   1    7    5      val= 124.27763
  39 k  1.0000000000000 bend   3   16   14      val= 124.27681
  40 k  1.0000000000000 bend   3    5    1      val= 124.19658
  41 k  1.0000000000000 bend   1   14    3      val= 124.19741
        41 non zero eigenvalues  of BmBt
           1           4.623847263    1    0
         1
           2           4.439513340    2    0
         2
           3           4.132920500    3    0
         3
           4           3.977957326    4    0
         4
           5           3.937597598    5    0
         5
           6           3.709945506    6    0
         6
           7           3.701129217    7    0
         7
           8           3.386080977    8    0
         8
           9           3.226998554    9    0
         9
          10           3.043064480   10    0
        10
          11           2.760513966   11    0
        11
          12           2.519665227   12    0
        12
          13           2.421938183   13    0
        13
          14           2.226586575   14    0
        14
          15           2.144305918   15    0
        15
          16           2.095707342   16    0
        16
          17           2.023806824   17    0
        17
          18           1.673167758   18    0
        18
          19           1.292498456   19    0
        19
          20           1.056300430   20    0
        20
          21           0.914055873   21    0
        21
          22           0.913592817   22    0
        22
          23           0.659721983   23    0
        23
          24           0.646411841   24    0
        24
          25           0.618399123   25    0
        25
          26           0.580580858   26    0
        26
          27           0.541876227   27    0
        27
          28           0.475886951   28    0
        28
          29           0.420100929   29    0
        29
          30           0.368961592   30    0
        30
          31           0.358552856   31    0
        31
          32           0.357264465   32    0
        32
          33           0.328989267   33    0
        33
          34           0.154279946   34    0
        34
          35           0.137237325   35    0
        35
          36           0.099073690   36    0
        36
          37           0.092021190   37    0
        37
          38           0.045123840   38    0
        38
          39           0.031692046   39    0
        39
          40           0.015136527   40    0
        40
          41           0.002510608   41    0
        41
$end
