$coord
  -17.77510189790965     -0.54028796302633      0.00000000000000  c
  -20.06731056049511      0.58933878298996      0.00000000000000  c
  -22.45396649168283     -0.73813947574285      0.00000000000000  c
  -24.76245395332818      0.42381675059010      0.00000000000000  c
  -27.13812478874384     -0.87722588986673      0.00000000000000  c
  -29.45146013779168      0.29788071573014      0.00000000000000  c
  -31.82255976899515     -0.99276185714924      0.00000000000000  c
  -34.13866738465093      0.18856455958877      0.00000000000000  c
  -36.50731044011197     -1.09643642422128      0.00000000000000  c
  -38.82505447420014      0.08860737175891      0.00000000000000  c
  -41.19219007636406     -1.19292964382250      0.00000000000000  c
  -43.51099582967707     -0.00548808225158      0.00000000000000  c
  -45.87713227586870     -1.28477056858691      0.00000000000000  c
  -48.19665058604294     -0.09573659940440      0.00000000000000  c
  -50.56214939370315     -1.37343549265409      0.00000000000000  c
  -52.88216966417481     -0.18322916888381      0.00000000000000  c
  -55.24718110363607     -1.45984563477285      0.00000000000000  c
  -57.56754764524469     -0.26889103886260      0.00000000000000  c
  -59.93220038623436     -1.54478849120134      0.00000000000000  c
  -62.25283622306108     -0.35333198665649      0.00000000000000  c
  -64.61723693264258     -1.62876717773584      0.00000000000000  c
  -66.93808192084418     -0.43698521981727      0.00000000000000  c
  -69.30232024249646     -1.71215524422117      0.00000000000000  c
  -71.62324774165799     -0.52019609664640      0.00000000000000  c
  -73.98739127691165     -1.79520943913127      0.00000000000000  c
  -76.30836179972799     -0.60315329432374      0.00000000000000  c
  -78.67250769695248     -1.87814836979041      0.00000000000000  c
  -80.99344458533473     -0.68614529054236      0.00000000000000  c
  -83.35767489405713     -1.96126001638690      0.00000000000000  c
  -85.67849441663149     -0.76941112229592      0.00000000000000  c
  -88.04289820177988     -2.04479562107214      0.00000000000000  c
  -90.36350701155645     -0.85326325962622      0.00000000000000  c
  -92.72822270699261     -2.12904701443420      0.00000000000000  c
  -95.04853783465575     -0.93792298482957      0.00000000000000  c
  -97.41364804836429     -2.21434503687773      0.00000000000000  c
  -99.73352469480362     -1.02391963803616      0.00000000000000  c
 -102.09916970368526     -2.30132709126560      0.00000000000000  c
 -104.41848868823716     -1.11193767495276      0.00000000000000  c
 -106.78486833614707     -2.39082448851555      0.00000000000000  c
 -109.10344276425025     -1.20296557324573      0.00000000000000  c
 -111.47086510742739     -2.48406598221813      0.00000000000000  c
 -113.78834659862495     -1.29856449693497      0.00000000000000  c
 -116.15725908154319     -2.58307621877783      0.00000000000000  c
 -118.47310063976286     -1.40123567095121      0.00000000000000  c
 -120.84448576882137     -2.69132244546827      0.00000000000000  c
 -123.15755865192467     -1.51566623328190      0.00000000000000  c
 -125.53349683013096     -2.81608839384477      0.00000000000000  c
 -127.84170198715677     -1.65355322098067      0.00000000000000  c
 -130.22866313403870     -2.98035851833901      0.00000000000000  c
 -132.52057918764822     -1.85013731109160      0.00000000000000  c
 -18.2235976639 -0.319264100317 -0.25 h
 -18.2235976639 -0.319264100317 0.25 h
 -17.359441735 -0.262391167542 -0.25 h
 -17.359441735 -0.262391167542 0.25 h
 -17.7422662949 -1.03920862122 -0.25 h
 -17.7422662949 -1.03920862122 0.25 h
 -19.6188147945 0.368314920281 -0.25 h
 -19.6188147945 0.368314920281 0.25 h
 -20.4829707234 0.311441987505 -0.25 h
 -20.4829707234 0.311441987505 0.25 h
 -20.1001461635 1.08825944118 -0.25 h
 -20.1001461635 1.08825944118 0.25 h
 -22.9005816501 -0.513339786471 -0.25 h
 -22.9005816501 -0.513339786471 0.25 h
 -22.0359766708 -0.463759247498 -0.25 h
 -22.0359766708 -0.463759247498 0.25 h
 -22.4253411542 -1.23731939326 -0.25 h
 -22.4253411542 -1.23731939326 0.25 h
 -24.3158387949 0.199017061318 -0.25 h
 -24.3158387949 0.199017061318 0.25 h
 -25.1804437742 0.149436522345 -0.25 h
 -25.1804437742 0.149436522345 0.25 h
 -24.7910792909 0.922996668107 -0.25 h
 -24.7910792909 0.922996668107 0.25 h
 -27.5839080661 -0.650781040842 -0.25 h
 -27.5839080661 -0.650781040842 0.25 h
 -26.7191261583 -0.604388671626 -0.25 h
 -26.7191261583 -0.604388671626 0.25 h
 -27.1113401419 -1.37650795713 -0.25 h
 -27.1113401419 -1.37650795713 0.25 h
 -29.0056768605 0.0714358667052 -0.25 h
 -29.0056768605 0.0714358667052 0.25 h
 -29.8704587683 0.0250434974896 -0.25 h
 -29.8704587683 0.0250434974896 0.25 h
 -29.4782447846 0.797162782996 -0.25 h
 -29.4782447846 0.797162782996 0.25 h
 -32.2679688159 -0.765581794422 -0.25 h
 -32.2679688159 -0.765581794422 0.25 h
 -31.40311154 -0.720616338785 -0.25 h
 -31.40311154 -0.720616338785 0.25 h
 -31.7965989511 -1.49208743824 -0.25 h
 -31.7965989511 -1.49208743824 0.25 h
 -33.6932583377 -0.0386155031388 -0.25 h
 -33.6932583377 -0.0386155031388 0.25 h
 -34.5581156137 -0.0835809587759 -0.25 h
 -34.5581156137 -0.0835809587759 0.25 h
 -34.1646282026 0.687890140681 -0.25 h
 -34.1646282026 0.687890140681 0.25 h
 -36.9524951571 -0.868817075778 -0.25 h
 -36.9524951571 -0.868817075778 0.25 h
 -36.0875939435 -0.82470482418 -0.25 h
 -36.0875939435 -0.82470482418 0.25 h
 -36.4818422198 -1.59578737271 -0.25 h
 -36.4818422198 -1.59578737271 0.25 h
 -38.3798697572 -0.139011976685 -0.25 h
 -38.3798697572 -0.139011976685 0.25 h
 -39.2447709708 -0.183124228283 -0.25 h
 -39.2447709708 -0.183124228283 0.25 h
 -38.8505226945 0.587958320244 -0.25 h
 -38.8505226945 0.587958320244 0.25 h
 -41.637230403 -0.965028113187 -0.25 h
 -41.637230403 -0.965028113187 0.25 h
 -40.772301398 -0.921464180563 -0.25 h
 -40.772301398 -0.921464180563 0.25 h
 -41.1670384281 -1.69229663772 -0.25 h
 -41.1670384281 -1.69229663772 0.25 h
 -43.065955503 -0.233389612887 -0.25 h
 -43.065955503 -0.233389612887 0.25 h
 -43.9308845081 -0.276953545511 -0.25 h
 -43.9308845081 -0.276953545511 0.25 h
 -43.5361474779 0.493878911643 -0.25 h
 -43.5361474779 0.493878911643 0.25 h
 -46.3220770331 -1.05668250889 -0.25 h
 -46.3220770331 -1.05668250889 0.25 h
 -45.4571298432 -1.01348113536 -0.25 h
 -45.4571298432 -1.01348113536 0.25 h
 -45.8521899512 -1.78414806151 -0.25 h
 -45.8521899512 -1.78414806151 0.25 h
 -47.7517058288 -0.323824659104 -0.25 h
 -47.7517058288 -0.323824659104 0.25 h
 -48.6166530187 -0.367026032632 -0.25 h
 -48.6166530187 -0.367026032632 0.25 h
 -48.2215929107 0.403640893522 -0.25 h
 -48.2215929107 0.403640893522 0.25 h
 -51.0070229009 -1.14520849469 -0.25 h
 -51.0070229009 -1.14520849469 0.25 h
 -50.142062262 -1.10227723294 -0.25 h
 -50.142062262 -1.10227723294 0.25 h
 -50.5373630182 -1.87282075033 -0.25 h
 -50.5373630182 -1.87282075033 0.25 h
 -52.437296157 -0.411456166845 -0.25 h
 -52.437296157 -0.411456166845 0.25 h
 -53.3022567958 -0.454387428603 -0.25 h
 -53.3022567958 -0.454387428603 0.25 h
 -52.9069560397 0.316156088796 -0.25 h
 -52.9069560397 0.316156088796 0.25 h
 -55.6920101746 -1.23153203992 -0.25 h
 -55.6920101746 -1.23153203992 0.25 h
 -54.827041195 -1.18876915638 -0.25 h
 -54.827041195 -1.18876915638 0.25 h
 -55.2224919413 -1.95923570803 -0.25 h
 -55.2224919413 -1.95923570803 0.25 h
 -57.1227185742 -0.497204633719 -0.25 h
 -57.1227185742 -0.497204633719 0.25 h
 -57.9876875539 -0.53996751726 -0.25 h
 -57.9876875539 -0.53996751726 0.25 h
 -57.5922368076 0.230499034391 -0.25 h
 -57.5922368076 0.230499034391 0.25 h
 -60.377001135 -1.31641972391 -0.25 h
 -60.377001135 -1.31641972391 0.25 h
 -59.5120268579 -1.27376412677 -0.25 h
 -59.5120268579 -1.27376412677 0.25 h
 -59.9075731657 -2.04418162292 -0.25 h
 -59.9075731657 -2.04418162292 0.25 h
 -61.8080354743 -0.581700753943 -0.25 h
 -61.8080354743 -0.581700753943 0.25 h
 -62.6730097514 -0.624356351091 -0.25 h
 -62.6730097514 -0.624356351091 0.25 h
 -62.2774634436 0.146061145065 -0.25 h
 -62.2774634436 0.146061145065 0.25 h
 -65.0620206992 -1.40036533666 -0.25 h
 -65.0620206992 -1.40036533666 0.25 h
 -64.1970432527 -1.35777405724 -0.25 h
 -64.1970432527 -1.35777405724 0.25 h
 -64.592646846 -2.1281621393 -0.25 h
 -64.592646846 -2.1281621393 0.25 h
 -66.4932981543 -0.665387060894 -0.25 h
 -66.4932981543 -0.665387060894 0.25 h
 -67.3582756008 -0.707978340309 -0.25 h
 -67.3582756008 -0.707978340309 0.25 h
 -66.9626720075 0.0624097417505 -0.25 h
 -66.9626720075 0.0624097417505 0.25 h
 -69.7470935098 -1.48373295839 -0.25 h
 -69.7470935098 -1.48373295839 0.25 h
 -68.8821141065 -1.4411814387 -0.25 h
 -68.8821141065 -1.4411814387 0.25 h
 -69.2777531111 -2.21155133557 -0.25 h
 -69.2777531111 -2.21155133557 0.25 h
 -71.1784744743 -0.748618382474 -0.25 h
 -71.1784744743 -0.748618382474 0.25 h
 -72.0434538776 -0.79116990217 -0.25 h
 -72.0434538776 -0.79116990217 0.25 h
 -71.647814873 -0.0208000052949 -0.25 h
 -71.647814873 -0.0208000052949 0.25 h
 -74.4321587111 -1.56677579565 -0.25 h
 -74.4321587111 -1.56677579565 0.25 h
 -73.5671782215 -1.52424636408 -0.25 h
 -73.5671782215 -1.52424636408 0.25 h
 -73.9628368981 -2.29460615767 -0.25 h
 -73.9628368981 -2.29460615767 0.25 h
 -75.8635943655 -0.831586937808 -0.25 h
 -75.8635943655 -0.831586937808 0.25 h
 -76.7285748552 -0.874116369374 -0.25 h
 -76.7285748552 -0.874116369374 0.25 h
 -76.3329161785 -0.103756575789 -0.25 h
 -76.3329161785 -0.103756575789 0.25 h
 -79.1172779185 -1.64972015345 -0.25 h
 -79.1172779185 -1.64972015345 0.25 h
 -78.2522979479 -1.60718016725 -0.25 h
 -78.2522979479 -1.60718016725 0.25 h
 -78.6479472245 -2.37754478867 -0.25 h
 -78.6479472245 -2.37754478867 0.25 h
 -80.5486743638 -0.914573506881 -0.25 h
 -80.5486743638 -0.914573506881 0.25 h
 -81.4136543344 -0.957113493084 -0.25 h
 -81.4136543344 -0.957113493084 0.25 h
 -81.0180050578 -0.186748871661 -0.25 h
 -81.0180050578 -0.186748871661 0.25 h
 -83.8024524293 -1.73284604094 -0.25 h
 -83.8024524293 -1.73284604094 0.25 h
 -82.9374738211 -1.69027835959 -0.25 h
 -82.9374738211 -1.69027835959 0.25 h
 -83.3330984318 -2.46065564863 -0.25 h
 -83.3330984318 -2.46065564863 0.25 h
 -85.2337168814 -0.997825097743 -0.25 h
 -85.2337168814 -0.997825097743 0.25 h
 -86.0986954895 -1.04039277909 -0.25 h
 -86.0986954895 -1.04039277909 0.25 h
 -85.7030708789 -0.270015490055 -0.25 h
 -85.7030708789 -0.270015490055 0.25 h
 -88.4876919621 -1.81641324257 -0.25 h
 -88.4876919621 -1.81641324257 0.25 h
 -87.6227163801 -1.77378411447 -0.25 h
 -87.6227163801 -1.77378411447 0.25 h
 -88.0182862632 -2.54418950618 -0.25 h
 -88.0182862632 -2.54418950618 0.25 h
 -89.9187132513 -1.08164563813 -0.25 h
 -89.9187132513 -1.08164563813 0.25 h
 -90.7836888333 -1.12427476623 -0.25 h
 -90.7836888333 -1.12427476623 0.25 h
 -90.3881189501 -0.353869374522 -0.25 h
 -90.3881189501 -0.353869374522 0.25 h
 -93.1730365267 -1.90070370752 -0.25 h
 -93.1730365267 -1.90070370752 0.25 h
 -92.3080646926 -1.85799860009 -0.25 h
 -92.3080646926 -1.85799860009 0.25 h
 -92.7035669017 -2.6284387357 -0.25 h
 -92.7035669017 -2.6284387357 0.25 h
 -94.603724015 -1.16626629174 -0.25 h
 -94.603724015 -1.16626629174 0.25 h
 -95.4686958491 -1.20897139918 -0.25 h
 -95.4686958491 -1.20897139918 0.25 h
 -95.0731936399 -0.438531263566 -0.25 h
 -95.0731936399 -0.438531263566 0.25 h
 -97.8584987541 -1.98607359854 -0.25 h
 -97.8584987541 -1.98607359854 0.25 h
 -96.9935338309 -1.94322874395 -0.25 h
 -96.9935338309 -1.94322874395 0.25 h
 -97.38891156 -2.71373276815 -0.25 h
 -97.38891156 -2.71373276815 0.25 h
 -99.288673989 -1.25219107638 -0.25 h
 -99.288673989 -1.25219107638 0.25 h
 -100.153638912 -1.29503593097 -0.25 h
 -100.153638912 -1.29503593097 0.25 h
 -99.7582611831 -0.524531906764 -0.25 h
 -99.7582611831 -0.524531906764 0.25 h
 -102.544078819 -2.07316951698 -0.25 h
 -102.544078819 -2.07316951698 0.25 h
 -101.67912489 -2.03010328178 -0.25 h
 -101.67912489 -2.03010328178 0.25 h
 -102.074305401 -2.80070847504 -0.25 h
 -102.074305401 -2.80070847504 0.25 h
 -103.973579572 -1.34009524924 -0.25 h
 -103.973579572 -1.34009524924 0.25 h
 -104.838533502 -1.38316148444 -0.25 h
 -104.838533502 -1.38316148444 0.25 h
 -104.443352991 -0.612556291177 -0.25 h
 -104.443352991 -0.612556291177 0.25 h
 -107.229866934 -2.16284148941 -0.25 h
 -107.229866934 -2.16284148941 0.25 h
 -106.364929968 -2.11943589766 -0.25 h
 -106.364929968 -2.11943589766 0.25 h
 -106.759808106 -2.89019607848 -0.25 h
 -106.759808106 -2.89019607848 0.25 h
 -108.658444166 -1.43094857235 -0.25 h
 -108.658444166 -1.43094857235 0.25 h
 -109.523381132 -1.47435416411 -0.25 h
 -109.523381132 -1.47435416411 0.25 h
 -109.128502994 -0.703593983277 -0.25 h
 -109.128502994 -0.703593983277 0.25 h
 -111.916003731 -2.2563565049 -0.25 h
 -111.916003731 -2.2563565049 0.25 h
 -111.051093604 -2.21241936491 -0.25 h
 -111.051093604 -2.21241936491 0.25 h
 -111.445497988 -2.98342207685 -0.25 h
 -111.445497988 -2.98342207685 0.25 h
 -113.343207975 -1.52627397425 -0.25 h
 -113.343207975 -1.52627397425 0.25 h
 -114.208118102 -1.57021111424 -0.25 h
 -114.208118102 -1.57021111424 0.25 h
 -113.813713718 -0.799208402306 -0.25 h
 -113.813713718 -0.799208402306 0.25 h
 -116.602617536 -2.35579699157 -0.25 h
 -116.602617536 -2.35579699157 0.25 h
 -115.73775027 -2.31102409711 -0.25 h
 -115.73775027 -2.31102409711 0.25 h
 -116.131409439 -3.08240756766 -0.25 h
 -116.131409439 -3.08240756766 0.25 h
 -118.027742185 -1.62851489816 -0.25 h
 -118.027742185 -1.62851489816 0.25 h
 -118.892609451 -1.67328779262 -0.25 h
 -118.892609451 -1.67328779262 0.25 h
 -118.498950282 -0.901904322072 -0.25 h
 -118.498950282 -0.901904322072 0.25 h
 -121.290215896 -2.46477299407 -0.25 h
 -121.290215896 -2.46477299407 0.25 h
 -120.425423125 -2.418583558 -0.25 h
 -120.425423125 -2.418583558 0.25 h
 -120.817818285 -3.19061078434 -0.25 h
 -120.817818285 -3.19061078434 0.25 h
 -122.711828525 -1.74221568468 -0.25 h
 -122.711828525 -1.74221568468 0.25 h
 -123.576621296 -1.78840512075 -0.25 h
 -123.576621296 -1.78840512075 0.25 h
 -123.184226135 -1.01637789441 -0.25 h
 -123.184226135 -1.01637789441 0.25 h
 -125.980055953 -2.59117741236 -0.25 h
 -125.980055953 -2.59117741236 0.25 h
 -125.115438645 -2.54181233971 -0.25 h
 -125.115438645 -2.54181233971 0.25 h
 -125.504995892 -3.31527542947 -0.25 h
 -125.504995892 -3.31527542947 0.25 h
 -127.395142864 -1.87846420247 -0.25 h
 -127.395142864 -1.87846420247 0.25 h
 -128.259760172 -1.92782927512 -0.25 h
 -128.259760172 -1.92782927512 0.25 h
 -127.870202925 -1.15436618536 -0.25 h
 -127.870202925 -1.15436618536 0.25 h
 -130.677101578 -2.75921837724 -0.25 h
 -130.677101578 -2.75921837724 0.25 h
 -129.812930932 -2.70256950441 -0.25 h
 -129.812930932 -2.70256950441 0.25 h
 -130.195956892 -3.47928767337 -0.25 h
 -130.195956892 -3.47928767337 0.25 h
 -132.072140744 -2.07127745219 -0.25 h
 -132.072140744 -2.07127745219 0.25 h
 -132.93631139 -2.12792632502 -0.25 h
 -132.93631139 -2.12792632502 0.25 h
 -132.55328543 -1.35120815606 -0.25 h
 -132.55328543 -1.35120815606 0.25 h
$end
