$coord
   -1.31298477814784     -2.27380782895095      0.00000000000000  c
    1.31271887734650     -2.27406756797785      0.00000000000000  c
    2.62572250864618     -0.00015699191647      0.00000000000000  c
    1.31296575771871      2.27390545849672      0.00000000000000  c
   -1.31275152697941      2.27391013306058      0.00000000000000  c
   -2.62567056810716      0.00004443038124      0.00000000000000  c
   -2.33657459143076     -4.04596498692990      0.00000000000000  h
    2.33610132924708     -4.04636732524815      0.00000000000000  h
    4.67220684426880     -0.00016529953598      0.00000000000000  h
    2.33642405557465      4.04616131880830      0.00000000000000  h
   -2.33599808470165      4.04628902708403      0.00000000000000  h
   -4.67215982343509      0.00021963272842      0.00000000000000  h
$user-defined bonds
$redundant
     number_of_atoms            12
     degrees_of_freedom         21
     internal_coordinates       21
     frozen_coordinates          0
# definitions of redundant internals
   1 k  1.0000000000000 stre   2    8           val=   2.04655
   2 k  1.0000000000000 stre   3    9           val=   2.04648
   3 k  1.0000000000000 stre   6    5           val=   2.62568
   4 k  1.0000000000000 stre   3    2           val=   2.62577
   5 k  1.0000000000000 stre   2    1           val=   2.62570
   6 k  1.0000000000000 stre   1    6           val=   2.62556
   7 k  1.0000000000000 stre   4   10           val=   2.04655
   8 k  1.0000000000000 stre   5    4           val=   2.62572
   9 k  1.0000000000000 stre   4    3           val=   2.62577
  10 k  1.0000000000000 stre   5   11           val=   2.04655
  11 k  1.0000000000000 stre   6   12           val=   2.04649
  12 k  1.0000000000000 stre   1    7           val=   2.04653
  13 k -0.4082482904639 bend   1    5    6      val=   0.00180
        0.4082482904639 bend   6    4    5
       -0.4082482904639 bend   5    3    4
        0.4082482904639 bend   4    2    3
       -0.4082482904639 bend   3    1    2
        0.4082482904639 bend   2    6    1
  14 k  0.7071067811865 bend   5   10    4      val=   0.00427
       -0.7071067811865 bend   3   10    4
  15 k  0.7071067811865 bend   6    7    1      val=  -0.00653
       -0.7071067811865 bend   2    7    1
  16 k -0.7071067811865 bend   4   11    5      val=  -0.00012
        0.7071067811865 bend   6   11    5
  17 k  0.7071067811865 bend   2    9    3      val=   0.00293
       -0.7071067811865 bend   4    9    3
  18 k -0.7071067811865 bend   3    8    2      val=   0.00786
        0.7071067811865 bend   1    8    2
  19 k -0.7071067811865 bend   1   12    6      val=  -0.00277
        0.7071067811865 bend   5   12    6
  20 k  0.5000000000000 bend   1    5    6      val=   0.00036
       -0.5000000000000 bend   6    4    5
        0.5000000000000 bend   4    2    3
       -0.5000000000000 bend   3    1    2
  21 k -0.2886751345948 bend   1    5    6      val=   0.00006
       -0.2886751345948 bend   6    4    5
        0.5773502691896 bend   5    3    4
       -0.2886751345948 bend   4    2    3
       -0.2886751345948 bend   3    1    2
        0.5773502691896 bend   2    6    1
        21 non zero eigenvalues  of BmBt
           1           4.381552870    1    0
         1
           2           4.381547449    2    0
         2
           3           3.551768598    3    0
         3
           4           3.504352266    4    0
         4
           5           3.504350716    5    0
         5
           6           3.195985130    6    0
         6
           7           2.618033975    7    0
         7
           8           1.989689755    8    0
         8
           9           1.890658836    9    0
         9
          10           1.890624450   10    0
        10
          11           1.576101712   11    0
        11
          12           1.576075310   12    0
        12
          13           0.544623505   13    0
        13
          14           0.403385109   14    0
        14
          15           0.381966003   15    0
        15
          16           0.357832325   16    0
        16
          17           0.357831121   17    0
        17
          18           0.280433623   18    0
        18
          19           0.280431656   19    0
        19
          20           0.259405800   20    0
        20
          21           0.259401681   21    0
        21
$end
