$coord
    3.55220181142186      0.74581790722059      0.00000000000000  c
    3.45964600120500      2.82553917443650      0.00000000000000  h
    5.84477342152710     -0.39419576149920      0.00000000000000  c
    6.02363793515903     -2.46570394005576      0.00000000000000  h
    7.60484194462278      0.70531476955062      0.00000000000000  h
    1.15258434375410     -0.58019325400788      0.00000000000000  c
    1.22663613879169     -2.66127505175777      0.00000000000000  h
   -1.15252597636253      0.58019841503639      0.00000000000000  c
   -1.22658272467392      2.66130479440171      0.00000000000000  h
   -3.55218129395305     -0.74582476010824      0.00000000000000  c
   -3.45962290472883     -2.82555010363788      0.00000000000000  h
   -5.84481123802090      0.39418957370007      0.00000000000000  c
   -7.60489762641509     -0.70535224851286      0.00000000000000  h
   -6.02369983232730      2.46573048523369      0.00000000000000  h
$user-defined bonds
$redundant
     number_of_atoms            14
     degrees_of_freedom         25
     internal_coordinates       25
     frozen_coordinates          0
# definitions of redundant internals
   1 k  1.0000000000000 stre   6    7           val=   2.08240
   2 k  1.0000000000000 stre   8    9           val=   2.08242
   3 k  1.0000000000000 stre  10   11           val=   2.08178
   4 k  1.0000000000000 stre  12   13           val=   2.07531
   5 k  1.0000000000000 stre   1    3           val=   2.56037
   6 k  1.0000000000000 stre  10   12           val=   2.56043
   7 k  1.0000000000000 stre   6    1           val=   2.74162
   8 k  1.0000000000000 stre   8   10           val=   2.74166
   9 k  1.0000000000000 stre   3    4           val=   2.07922
  10 k  1.0000000000000 stre   3    5           val=   2.07527
  11 k  1.0000000000000 stre  12   14           val=   2.07925
  12 k  1.0000000000000 stre   1    2           val=   2.08178
  13 k  1.0000000000000 stre   6    8           val=   2.58071
  14 k -0.8164965809277 bend   5    4    3      val=   2.20654
        0.4082482931380 bend   1    4    3
        0.4082482877897 bend   1    5    3
  15 k -0.8164965809277 bend  13   14   12      val=   2.20662
        0.4082482931380 bend  10   14   12
        0.4082482877898 bend  10   13   12
  16 k  0.7071067811865 bend   8    7    6      val=   0.93589
       -0.7071067811865 bend   1    7    6
  17 k -0.7071067811865 bend   6    9    8      val=  -0.93608
        0.7071067811865 bend  10    9    8
  18 k  0.7071067811865 bend   3    2    1      val=   1.30560
       -0.7071067811865 bend   6    2    1
  19 k -0.7071067811865 bend  12   11   10      val=  -1.30547
        0.7071067811865 bend   8   11   10
  20 k -0.0000000030878 bend   5    4    3      val=   0.09654
       -0.7071067796426 bend   1    4    3
        0.7071067827305 bend   1    5    3
  21 k -0.0000000030878 bend  13   14   12      val=   0.09658
       -0.7071067796427 bend  10   14   12
        0.7071067827304 bend  10   13   12
  22 k  1.0000000000000 bend   6    3    1      val= 124.63577
  23 k  1.0000000000000 bend   8   12   10      val= 124.63650
  24 k  1.0000000000000 bend   8    1    6      val= 124.35461
  25 k  1.0000000000000 bend   6   10    8      val= 124.35478
        25 non zero eigenvalues  of BmBt
           1           4.549708579    1    0
         1
           2           4.126574164    2    0
         2
           3           4.004133024    3    0
         3
           4           3.827565268    4    0
         4
           5           3.448600449    5    0
         5
           6           3.272086587    6    0
         6
           7           2.720514691    7    0
         7
           8           2.500389905    8    0
         8
           9           2.272470670    9    0
         9
          10           2.063972899   10    0
        10
          11           1.840683864   11    0
        11
          12           1.219777301   12    0
        12
          13           0.914786761   13    0
        13
          14           0.913419020   14    0
        14
          15           0.657698155   15    0
        15
          16           0.616512090   16    0
        16
          17           0.544938040   17    0
        17
          18           0.435446482   18    0
        18
          19           0.361593587   19    0
        19
          20           0.357417811   20    0
        20
          21           0.347846185   21    0
        21
          22           0.125783100   22    0
        22
          23           0.085404181   23    0
        23
          24           0.055377103   24    0
        24
          25           0.012704919   25    0
        25
$end
