$coord
  -41.43545356752352     -1.19418672440038      0.00000000000000  c
  -43.66070721350298     -0.03069530015801      0.00000000000000  c
  -41.28791753649712     -3.24008791206869      0.00000000000000  h
  -46.10440480469548     -1.32692096971314      0.00000000000000  c
  -43.71777071343198      2.02064791250734      0.00000000000000  h
  -48.33388123026334     -0.14309324922895      0.00000000000000  c
  -46.05702901592226     -3.37904183782065      0.00000000000000  h
  -50.77374534233467     -1.42604612055733      0.00000000000000  c
  -48.37535358101919      1.90915723860267      0.00000000000000  h
  -53.00333643863262     -0.23648362564120      0.00000000000000  c
  -50.73465899149866     -3.47808098844134      0.00000000000000  h
  -55.44269490979291     -1.51555810917129      0.00000000000000  c
  -53.04075083722865      1.81568367183985      0.00000000000000  h
  -57.67230675118519     -0.32415597003745      0.00000000000000  c
  -55.40610503730083     -3.56767327686355      0.00000000000000  h
  -57.70817372579170      1.72801453984697      0.00000000000000  h
  -60.11171686578363     -1.60165579792666      0.00000000000000  c
  -60.07623731806409     -3.65380715682887      0.00000000000000  h
  -62.34117360550707     -0.40938050589485      0.00000000000000  c
  -62.37631736971861      1.64279226900000      0.00000000000000  h
  -64.78075150978096     -1.68609298148660      0.00000000000000  c
  -64.74584551513587     -3.73825553028948      0.00000000000000  h
  -67.01000544556628     -0.49331368953808      0.00000000000000  c
  -67.04476857900211      1.55885734895656      0.00000000000000  h
  -69.44976987399585     -1.76955866595316      0.00000000000000  c
  -71.67889089492922     -0.57639043420524      0.00000000000000  c
  -69.41522909020979     -3.82172704959723      0.00000000000000  h
  -74.11882238915747     -1.85226353885403      0.00000000000000  c
  -71.71329341138880      1.47578143027799      0.00000000000000  h
  -76.34780160465509     -0.65878307994289      0.00000000000000  c
  -74.08458862773549     -3.90443321413204      0.00000000000000  h
  -78.78788302473352     -1.93433424755401      0.00000000000000  c
  -76.38190738181842      1.39339072246853      0.00000000000000  h
  -78.75389488920158     -3.98650821001422      0.00000000000000  h
  -81.01672633613283     -0.74058740591727      0.00000000000000  c
  -81.05059277761900      1.31158969988596      0.00000000000000  h
  -83.45694927725881     -2.01585873389430      0.00000000000000  c
  -83.42319059723458     -4.06803689721665      0.00000000000000  h
  -85.68566412010982     -0.82187287986773      0.00000000000000  c
  -85.71930477210987      1.23030773096914      0.00000000000000  h
  -88.12601811031165     -2.09690219819233      0.00000000000000  c
  -88.09243643236243     -4.14908567257801      0.00000000000000  h
  -90.35461399112923     -0.90271677535967      0.00000000000000  c
  -92.79506302298570     -2.17754917286132      0.00000000000000  c
  -90.38808837626138      1.14947141385310      0.00000000000000  h
  -95.02355124693862     -0.98323162135387      0.00000000000000  c
  -92.76160707620676     -4.22973880698616      0.00000000000000  h
  -97.46406582660670     -2.25788362850867      0.00000000000000  c
  -95.05687746643066      1.06896107346586      0.00000000000000  h
  -99.69253280831315     -1.06345902513058      0.00000000000000  c
  -97.43078511408392     -4.31008155032044      0.00000000000000  h
  -99.72578296980073      0.98873886459397      0.00000000000000  h
 -102.13307618015297     -2.33805520910672      0.00000000000000  c
 -102.09982784810693     -4.39025572218663      0.00000000000000  h
 -104.36153485373099     -1.14364038292565      0.00000000000000  c
 -104.39485102392142      0.90855395696340      0.00000000000000  h
 -106.80206969691351     -2.41834490520113      0.00000000000000  c
 -106.76869988523951     -4.47054034787068      0.00000000000000  h
 -109.03053266968500     -1.22408529307340      0.00000000000000  c
 -109.06411000318379      0.82809761115984      0.00000000000000  h
 -111.47102754926308     -2.49910792580631      0.00000000000000  c
 -113.69958046874248     -1.30515012456221      0.00000000000000  c
 -111.43736830063034     -4.55129919834138      0.00000000000000  h
 -116.14002933382623     -2.58076407378480      0.00000000000000  c
 -113.73353712352859      0.74701707583886      0.00000000000000  h
 -118.36864211438859     -1.38747730684213      0.00000000000000  c
 -116.10581597579458     -4.63295048606892      0.00000000000000  h
 -120.80914248740226     -2.66443003071913      0.00000000000000  c
 -118.40348659667946      0.66465767094186      0.00000000000000  h
 -120.77356800088964     -4.71662243668315      0.00000000000000  h
 -123.03767228929487     -1.47276986042634      0.00000000000000  c
 -123.07476353748237      0.57929679608508      0.00000000000000  h
 -125.47877523416975     -2.75334784849947      0.00000000000000  c
 -125.43932962486218     -4.80563434803073      0.00000000000000  h
 -127.70707073931040     -1.56726729742279      0.00000000000000  c
 -127.75230497874917      0.48490473794970      0.00000000000000  h
 -130.15209371049579     -2.86098723979346      0.00000000000000  c
 -130.09701018100185     -4.91239281435982      0.00000000000000  h
 -132.37616235244701     -1.69522435042601      0.00000000000000  c
 -132.52145500439499      0.35083219519038      0.00000000000000  h
 -134.13391375159571     -2.74618342095470      0.00000000000000  h
  -39.67882097982164     -0.14160886276854      0.00000000000000  h
$user-defined bonds
$redundant
     number_of_atoms            82
     degrees_of_freedom        161
     internal_coordinates      161
     frozen_coordinates          0
# definitions of redundant internals
   1 k  1.0000000000000 stre  48   51           val=   2.05247
   2 k  1.0000000000000 stre  21   19           val=   2.75346
   3 k  1.0000000000000 stre  43   44           val=   2.75336
   4 k  1.0000000000000 stre  14   16           val=   2.05248
   5 k  1.0000000000000 stre  25   27           val=   2.05246
   6 k  1.0000000000000 stre  28   31           val=   2.05246
   7 k  1.0000000000000 stre  30   33           val=   2.05246
   8 k  1.0000000000000 stre  32   34           val=   2.05246
   9 k  1.0000000000000 stre  39   40           val=   2.05246
  10 k  1.0000000000000 stre  41   42           val=   2.05246
  11 k  1.0000000000000 stre  43   45           val=   2.05246
  12 k  1.0000000000000 stre  44   47           val=   2.05246
  13 k  1.0000000000000 stre  46   49           val=   2.05246
  14 k  1.0000000000000 stre   1   82           val=   2.04785
  15 k  1.0000000000000 stre  50   52           val=   2.05247
  16 k  1.0000000000000 stre  55   56           val=   2.05246
  17 k  1.0000000000000 stre  59   60           val=   2.05246
  18 k  1.0000000000000 stre  68   70           val=   2.05250
  19 k  1.0000000000000 stre  71   72           val=   2.05240
  20 k  1.0000000000000 stre  73   74           val=   2.05267
  21 k  1.0000000000000 stre  75   76           val=   2.05267
  22 k  1.0000000000000 stre  77   78           val=   2.05214
  23 k  1.0000000000000 stre  79   81           val=   2.04798
  24 k  1.0000000000000 stre   2    1           val=   2.51107
  25 k  1.0000000000000 stre  77   79           val=   2.51107
  26 k  1.0000000000000 stre   4    2           val=   2.76620
  27 k  1.0000000000000 stre  75   77           val=   2.76620
  28 k  1.0000000000000 stre  73   75           val=   2.52430
  29 k  1.0000000000000 stre   8    6           val=   2.75661
  30 k  1.0000000000000 stre  71   73           val=   2.75660
  31 k  1.0000000000000 stre  10    8           val=   2.52708
  32 k  1.0000000000000 stre  12   10           val=   2.75436
  33 k  1.0000000000000 stre  64   66           val=   2.52797
  34 k  1.0000000000000 stre  17   14           val=   2.75368
  35 k  1.0000000000000 stre  19   17           val=   2.52824
  36 k  1.0000000000000 stre  61   62           val=   2.52824
  37 k  1.0000000000000 stre   2    5           val=   2.05214
  38 k  1.0000000000000 stre  59   61           val=   2.75349
  39 k  1.0000000000000 stre  25   23           val=   2.75341
  40 k  1.0000000000000 stre  55   57           val=   2.75338
  41 k  1.0000000000000 stre  26   25           val=   2.52837
  42 k  1.0000000000000 stre  53   55           val=   2.52837
  43 k  1.0000000000000 stre  28   26           val=   2.75338
  44 k  1.0000000000000 stre  30   28           val=   2.52839
  45 k  1.0000000000000 stre  32   30           val=   2.75337
  46 k  1.0000000000000 stre  46   48           val=   2.75333
  47 k  1.0000000000000 stre  44   46           val=   2.52835
  48 k  1.0000000000000 stre  37   35           val=   2.75336
  49 k  1.0000000000000 stre  12   15           val=   2.05244
  50 k  1.0000000000000 stre  39   41           val=   2.75337
  51 k  1.0000000000000 stre  10   13           val=   2.05251
  52 k  1.0000000000000 stre  68   71           val=   2.52713
  53 k  1.0000000000000 stre  61   63           val=   2.05247
  54 k  1.0000000000000 stre  66   68           val=   2.75439
  55 k  1.0000000000000 stre  14   12           val=   2.52797
  56 k  1.0000000000000 stre  62   65           val=   2.05245
  57 k  1.0000000000000 stre  64   67           val=   2.05247
  58 k  1.0000000000000 stre  62   64           val=   2.75372
  59 k  1.0000000000000 stre  66   69           val=   2.05243
  60 k  1.0000000000000 stre   1    3           val=   2.05121
  61 k  1.0000000000000 stre  35   36           val=   2.05246
  62 k  1.0000000000000 stre  37   38           val=   2.05246
  63 k  1.0000000000000 stre  23   21           val=   2.52830
  64 k  1.0000000000000 stre  57   59           val=   2.52830
  65 k  1.0000000000000 stre   4    7           val=   2.05267
  66 k  1.0000000000000 stre  17   18           val=   2.05246
  67 k  1.0000000000000 stre  79   80           val=   2.05121
  68 k  1.0000000000000 stre  19   20           val=   2.05247
  69 k  1.0000000000000 stre  21   22           val=   2.05246
  70 k  1.0000000000000 stre  50   53           val=   2.75333
  71 k  1.0000000000000 stre  23   24           val=   2.05247
  72 k  1.0000000000000 stre  48   50           val=   2.52838
  73 k  1.0000000000000 stre   6    9           val=   2.05267
  74 k  1.0000000000000 stre  26   29           val=   2.05246
  75 k  1.0000000000000 stre  35   32           val=   2.52839
  76 k  1.0000000000000 stre   6    4           val=   2.52428
  77 k  1.0000000000000 stre  53   54           val=   2.05247
  78 k  1.0000000000000 stre   8   11           val=   2.05241
  79 k  1.0000000000000 stre  39   37           val=   2.52839
  80 k  1.0000000000000 stre  41   43           val=   2.52838
  81 k  1.0000000000000 stre  57   58           val=   2.05247
  82 k -0.8164965809099 bend  81   80   79      val=   2.38997
        0.4082529677796 bend  77   80   79
        0.4082436131302 bend  77   81   79
  83 k -0.7071067811865 bend  59   63   61      val=   1.23757
        0.7071067811865 bend  62   63   61
  84 k -0.7071067811865 bend  41   45   43      val=  -1.23599
        0.7071067811865 bend  44   45   43
  85 k -0.7071067811865 bend   4    9    6      val=  -1.27323
        0.7071067811865 bend   8    9    6
  86 k -0.7071067811865 bend  23   27   25      val=   1.23647
        0.7071067811865 bend  26   27   25
  87 k  0.6404543331215 bend  82    3    1      val=  -2.09761
       -0.7588200135036 bend   2    3    1
        0.1183656803820 bend   2   82    1
  88 k -0.7071067811865 bend  68   72   71      val=  -1.26235
        0.7071067811865 bend  73   72   71
  89 k -0.7071067811865 bend  50   54   53      val=   1.23534
        0.7071067811865 bend  55   54   53
  90 k -0.7071067811865 bend  32   36   35      val=  -1.23610
        0.7071067811865 bend  37   36   35
  91 k  0.7071067811865 bend  28   33   30      val=   1.23613
       -0.7071067811865 bend  32   33   30
  92 k  0.7071067811865 bend  64   69   66      val=   1.24589
       -0.7071067811865 bend  68   69   66
  93 k  0.7071067811865 bend  46   51   48      val=  -1.23564
       -0.7071067811865 bend  50   51   48
  94 k  0.7071067811865 bend  73   76   75      val=   1.33330
       -0.7071067811865 bend  77   76   75
  95 k  0.7071067811865 bend  55   58   57      val=  -1.23612
       -0.7071067811865 bend  59   58   57
  96 k  0.7071067811865 bend  37   40   39      val=   1.23573
       -0.7071067811865 bend  41   40   39
  97 k -0.7071067811865 bend  25   29   26      val=  -1.23685
        0.7071067811865 bend  28   29   26
  98 k  0.7071067811865 bend  43   47   44      val=  -1.23737
       -0.7071067811865 bend  46   47   44
  99 k  0.7071067811865 bend  61   65   62      val=   1.24021
       -0.7071067811865 bend  64   65   62
 100 k -0.7071067811865 bend  14   18   17      val=   1.23869
        0.7071067811865 bend  19   18   17
 101 k -0.7071067811865 bend  10   15   12      val=   1.24539
        0.7071067811865 bend  14   15   12
 102 k  0.7071067811865 bend  25   24   23      val=  -1.23808
       -0.7071067811865 bend  21   24   23
 103 k -0.7071067811865 bend   6   11    8      val=   1.26357
        0.7071067811865 bend  10   11    8
 104 k -0.7071067811865 bend   1    5    2      val=  -1.42346
        0.7071067811865 bend   4    5    2
 105 k  0.7071067811865 bend  19   22   21      val=  -1.23686
       -0.7071067811865 bend  23   22   21
 106 k -0.7071067811865 bend   6    7    4      val=  -1.33487
        0.7071067811865 bend   2    7    4
 107 k  0.7071067811865 bend  43   42   41      val=   1.23672
       -0.7071067811865 bend  39   42   41
 108 k  0.7071067811865 bend  61   60   59      val=  -1.23879
       -0.7071067811865 bend  57   60   59
 109 k -0.7071067811865 bend  21   20   19      val=   1.23738
        0.7071067811865 bend  17   20   19
 110 k -0.7071067811865 bend  79   78   77      val=  -1.42674
        0.7071067811865 bend  75   78   77
 111 k  0.7071067811865 bend  12   13   10      val=  -1.25009
       -0.7071067811865 bend   8   13   10
 112 k  0.7071067811865 bend  17   16   14      val=  -1.23994
       -0.7071067811865 bend  12   16   14
 113 k -0.7071067811865 bend  66   67   64      val=  -1.24035
        0.7071067811865 bend  62   67   64
 114 k  0.7071067811865 bend  48   49   46      val=  -1.23573
       -0.7071067811865 bend  44   49   46
 115 k  0.7071067811865 bend  39   38   37      val=   1.23617
       -0.7071067811865 bend  35   38   37
 116 k -0.7071067811865 bend  30   31   28      val=  -1.23601
        0.7071067811865 bend  26   31   28
 117 k -0.7071067811865 bend  75   74   73      val=  -1.27336
        0.7071067811865 bend  71   74   73
 118 k  0.7071067811865 bend  57   56   55      val=  -1.23619
       -0.7071067811865 bend  53   56   55
 119 k  0.7071067811865 bend  71   70   68      val=   1.25043
       -0.7071067811865 bend  66   70   68
 120 k -0.7071067811865 bend  35   34   32      val=  -1.23624
        0.7071067811865 bend  30   34   32
 121 k  0.7071067811865 bend  53   52   50      val=  -1.23544
       -0.7071067811865 bend  48   52   50
 122 k -0.0000054009093 bend  81   80   79      val=  -0.13012
       -0.7071040807164 bend  77   80   79
        0.7071094816257 bend  77   81   79
 123 k -0.5064433964941 bend  82    3    1      val=   1.41231
       -0.3014280242000 bend   2    3    1
        0.8078714206941 bend   2   82    1
 124 k  1.0000000000000 bend  26   23   25      val= 124.22732
 125 k  1.0000000000000 bend  41   44   43      val= 124.23403
 126 k  1.0000000000000 bend  59   62   61      val= 124.23505
 127 k  1.0000000000000 bend   8    4    6      val= 124.29546
 128 k  1.0000000000000 bend  66   71   68      val= 124.24519
 129 k  1.0000000000000 bend  48   53   50      val= 124.23314
 130 k  1.0000000000000 bend  35   30   32      val= 124.22864
 131 k  1.0000000000000 bend  53   57   55      val= 124.23116
 132 k  1.0000000000000 bend  39   35   37      val= 124.22901
 133 k  1.0000000000000 bend  71   75   73      val= 124.29340
 134 k  1.0000000000000 bend  62   66   64      val= 124.23775
 135 k  1.0000000000000 bend  44   48   46      val= 124.23420
 136 k  1.0000000000000 bend  30   26   28      val= 124.22803
 137 k  1.0000000000000 bend  75   79   77      val= 124.45399
 138 k  1.0000000000000 bend  57   61   59      val= 124.22806
 139 k  1.0000000000000 bend  39   43   41      val= 124.22948
 140 k  1.0000000000000 bend  17   12   14      val= 124.24130
 141 k  1.0000000000000 bend  21   17   19      val= 124.23833
 142 k  1.0000000000000 bend  12    8   10      val= 124.24835
 143 k  1.0000000000000 bend  25   21   23      val= 124.23651
 144 k  1.0000000000000 bend  23   19   21      val= 124.22609
 145 k  1.0000000000000 bend   6    2    4      val= 124.08909
 146 k  1.0000000000000 bend   4    1    2      val= 124.45373
 147 k  1.0000000000000 bend  10    6    8      val= 124.18184
 148 k  1.0000000000000 bend  19   14   17      val= 124.22220
 149 k  1.0000000000000 bend  14   10   12      val= 124.21179
 150 k  1.0000000000000 bend  61   64   62      val= 124.22370
 151 k  1.0000000000000 bend  73   77   75      val= 124.09007
 152 k  1.0000000000000 bend  43   46   44      val= 124.23024
 153 k  1.0000000000000 bend  28   25   26      val= 124.23578
 154 k  1.0000000000000 bend  41   37   39      val= 124.23474
 155 k  1.0000000000000 bend  55   59   57      val= 124.23431
 156 k  1.0000000000000 bend  32   28   30      val= 124.23541
 157 k  1.0000000000000 bend  64   68   66      val= 124.21356
 158 k  1.0000000000000 bend  46   50   48      val= 124.23183
 159 k  1.0000000000000 bend  68   73   71      val= 124.18423
 160 k  1.0000000000000 bend  50   55   53      val= 124.23324
 161 k  1.0000000000000 bend  37   32   35      val= 124.23516
       161 non zero eigenvalues  of BmBt
           1           4.682564629    1    0
         1
           2           4.667386275    2    0
         2
           3           4.642105613    3    0
         3
           4           4.606620513    4    0
         4
           5           4.563242040    5    0
         5
           6           4.507511612    6    0
         6
           7           4.443187367    7    0
         7
           8           4.369832432    8    0
         8
           9           4.287449785    9    0
         9
          10           4.199374191   10    0
        10
          11           4.104401577   11    0
        11
          12           4.014447821   12    0
        12
          13           3.978116342   13    0
        13
          14           3.956606920   14    0
        14
          15           3.925386969   15    0
        15
          16           3.913966915   16    0
        16
          17           3.893978798   17    0
        17
          18           3.864780514   18    0
        18
          19           3.822180477   19    0
        19
          20           3.783482094   20    0
        20
          21           3.758040859   21    0
        21
          22           3.720609992   22    0
        22
          23           3.672892034   23    0
        23
          24           3.641099374   24    0
        24
          25           3.567429675   25    0
        25
          26           3.542664955   26    0
        26
          27           3.485255245   27    0
        27
          28           3.435877575   28    0
        28
          29           3.397513275   29    0
        29
          30           3.342826207   30    0
        30
          31           3.301210122   31    0
        31
          32           3.226615260   32    0
        32
          33           3.180733172   33    0
        33
          34           3.138657911   34    0
        34
          35           3.061878363   35    0
        35
          36           3.026655713   36    0
        36
          37           2.992684105   37    0
        37
          38           2.905891913   38    0
        38
          39           2.869114086   39    0
        39
          40           2.817695725   40    0
        40
          41           2.810003923   41    0
        41
          42           2.645116834   42    0
        42
          43           2.628225251   43    0
        43
          44           2.567593216   44    0
        44
          45           2.530729161   45    0
        45
          46           2.477152117   46    0
        46
          47           2.435313195   47    0
        47
          48           2.403239688   48    0
        48
          49           2.367411999   49    0
        49
          50           2.317452101   50    0
        50
          51           2.308284144   51    0
        51
          52           2.261465497   52    0
        52
          53           2.226644445   53    0
        53
          54           2.202041030   54    0
        54
          55           2.164550234   55    0
        55
          56           2.137622586   56    0
        56
          57           2.125205006   57    0
        57
          58           2.099799364   58    0
        58
          59           2.076560620   59    0
        59
          60           2.055838811   60    0
        60
          61           2.039415363   61    0
        61
          62           2.024914292   62    0
        62
          63           2.014902846   63    0
        63
          64           2.006359670   64    0
        64
          65           2.001918958   65    0
        65
          66           2.000679551   66    0
        66
          67           1.876381193   67    0
        67
          68           1.761174501   68    0
        68
          69           1.641465897   69    0
        69
          70           1.532460160   70    0
        70
          71           1.432497161   71    0
        71
          72           1.342769743   72    0
        72
          73           1.261653605   73    0
        73
          74           1.192171382   74    0
        74
          75           1.133105110   75    0
        75
          76           1.084250441   76    0
        76
          77           1.045431533   77    0
        77
          78           1.015662689   78    0
        78
          79           0.994812586   79    0
        79
          80           0.982449013   80    0
        80
          81           0.913962639   81    0
        81
          82           0.824360121   82    0
        82
          83           0.664093570   83    0
        83
          84           0.663040677   84    0
        84
          85           0.661201997   85    0
        85
          86           0.658757448   86    0
        86
          87           0.654585080   87    0
        87
          88           0.649001784   88    0
        88
          89           0.644100832   89    0
        89
          90           0.638423137   90    0
        90
          91           0.631382000   91    0
        91
          92           0.624765326   92    0
        92
          93           0.617550349   93    0
        93
          94           0.609644096   94    0
        94
          95           0.600440635   95    0
        95
          96           0.595338597   96    0
        96
          97           0.584057003   97    0
        97
          98           0.574636769   98    0
        98
          99           0.565574232   99    0
        99
         100           0.556280947  100    0
       100
         101           0.539509032  101    0
       101
         102           0.529107246  102    0
       102
         103           0.517997221  103    0
       103
         104           0.507760311  104    0
       104
         105           0.489834137  105    0
       105
         106           0.478040966  106    0
       106
         107           0.465197573  107    0
       107
         108           0.452179701  108    0
       108
         109           0.437343975  109    0
       109
         110           0.424193981  110    0
       110
         111           0.410682995  111    0
       111
         112           0.397298175  112    0
       112
         113           0.384222624  113    0
       113
         114           0.371729284  114    0
       114
         115           0.360640993  115    0
       115
         116           0.357778927  116    0
       116
         117           0.348531777  117    0
       117
         118           0.338706541  118    0
       118
         119           0.330533620  119    0
       119
         120           0.323610604  120    0
       120
         121           0.318536428  121    0
       121
         122           0.315423759  122    0
       122
         123           0.275577221  123    0
       123
         124           0.172142232  124    0
       124
         125           0.170031507  125    0
       125
         126           0.166670355  126    0
       126
         127           0.165906290  127    0
       127
         128           0.161758883  128    0
       128
         129           0.156464998  129    0
       129
         130           0.149858488  130    0
       130
         131           0.146195656  131    0
       131
         132           0.139824910  132    0
       132
         133           0.135183815  133    0
       133
         134           0.126300988  134    0
       134
         135           0.123024228  135    0
       135
         136           0.111766723  136    0
       136
         137           0.108143856  137    0
       137
         138           0.096412547  138    0
       138
         139           0.092548071  139    0
       139
         140           0.083515904  140    0
       140
         141           0.074257695  141    0
       141
         142           0.070140645  142    0
       142
         143           0.060697720  143    0
       143
         144           0.053123806  144    0
       144
         145           0.050531621  145    0
       145
         146           0.039617152  146    0
       146
         147           0.035848069  147    0
       147
         148           0.030547944  148    0
       148
         149           0.023032553  149    0
       149
         150           0.020927382  150    0
       150
         151           0.016706703  151    0
       151
         152           0.011294246  152    0
       152
         153           0.009639238  153    0
       153
         154           0.007281298  154    0
       154
         155           0.004388932  155    0
       155
         156           0.002686257  156    0
       156
         157           0.002165334  157    0
       157
         158           0.001124109  158    0
       158
         159           0.000426770  159    0
       159
         160           0.000115598  160    0
       160
         161           0.000015648  161    0
       161
$end
