$coord
    1.18772799560951      0.66276382310378      0.00000000000000  c
    3.48281766022703     -0.47654043674931      0.00000000000000  c
   -1.18772799485257     -0.66276381019826      0.00000000000000  c
   -3.48281766174764      0.47654044500037      0.00000000000000  c
   -5.86447766328881     -0.86324606083038      0.00000000000000  c
   -8.14702805916198      0.25401873232000      0.00000000000000  c
    5.86447766664269      0.86324606049683      0.00000000000000  c
    8.14702805735357     -0.25401874321454      0.00000000000000  c
 1.63558295431 0.440444377329 -0.25 h
 1.63558295431 0.440444377329 0.25 h
 0.771266228464 0.386069774548 -0.25 h
 0.771266228464 0.386069774548 0.25 h
 1.15633480406 1.16177731743 -0.25 h
 1.15633480406 1.16177731743 0.25 h
 3.03496270153 -0.254220990975 -0.25 h
 3.03496270153 -0.254220990975 0.25 h
 3.89927942737 -0.199846388193 -0.25 h
 3.89927942737 -0.199846388193 0.25 h
 3.51421085178 -0.97555393108 -0.25 h
 3.51421085178 -0.97555393108 0.25 h
 -1.635582954 -0.440444365329 -0.25 h
 -1.635582954 -0.440444365329 0.25 h
 -0.771266228267 -0.3860697608 -0.25 h
 -0.771266228267 -0.3860697608 0.25 h
 -1.15633480229 -1.16177730447 -0.25 h
 -1.15633480229 -1.16177730447 0.25 h
 -3.0349627026 0.254221000131 -0.25 h
 -3.0349627026 0.254221000131 0.25 h
 -3.89927942833 0.199846395602 -0.25 h
 -3.89927942833 0.199846395602 0.25 h
 -3.51421085431 0.975553939268 -0.25 h
 -3.51421085431 0.975553939268 0.25 h
 -6.31356489001 -0.643426446607 -0.25 h
 -6.31356489001 -0.643426446607 0.25 h
 -5.44956467976 -0.584234921088 -0.25 h
 -5.44956467976 -0.584234921088 0.25 h
 -5.8303034201 -1.3620768148 -0.25 h
 -5.8303034201 -1.3620768148 0.25 h
 -7.69794083244 0.0341991180962 -0.25 h
 -7.69794083244 0.0341991180962 0.25 h
 -8.56194104269 -0.0249924074222 -0.25 h
 -8.56194104269 -0.0249924074222 0.25 h
 -8.18120230235 0.752849486286 -0.25 h
 -8.18120230235 0.752849486286 0.25 h
 6.31356489235 0.643426444196 -0.25 h
 6.31356489235 0.643426444196 0.25 h
 5.44956468182 0.584234922674 -0.25 h
 5.44956468182 0.584234922674 0.25 h
 5.83030342576 1.36207681462 -0.25 h
 5.83030342576 1.36207681462 0.25 h
 7.69794083165 -0.0341991269135 -0.25 h
 7.69794083165 -0.0341991269135 0.25 h
 8.56194104217 0.0249923946085 -0.25 h
 8.56194104217 0.0249923946085 0.25 h
 8.18120229824 -0.752849497339 -0.25 h
 8.18120229824 -0.752849497339 0.25 h
$end
