$coord
   -3.28990888244379     -3.47591462315077      0.00000000000000  c
   -0.68966577586770     -3.47136261451873      0.00000000000000  c
    0.68288006764869     -1.16623947857998      0.00000000000000  c
   -0.68291794373605      1.16631541779730      0.00000000000000  c
   -3.36483506005032      1.09723206732345      0.00000000000000  c
   -4.64121730382524     -1.16817407327152      0.00000000000000  c
    4.40575982738913     -2.88529295877277      0.00000000000000  h
   -4.32328185964839     -5.26707969366878      0.00000000000000  h
    0.36020931820702     -5.25418621532907      0.00000000000000  h
    3.36479682260157     -1.09723228610964      0.00000000000000  c
    0.68968779109110      3.47140683715273      0.00000000000000  c
   -4.40585347403816      2.88525429033020      0.00000000000000  h
   -6.70894000105538     -1.19295508994124      0.00000000000000  h
    3.28993371755004      3.47590564858764      0.00000000000000  c
    4.64121293462094      1.16815152569145      0.00000000000000  c
   -0.36014851038965      5.25424441524791      0.00000000000000  h
    4.32335178834157      5.26704354496119      0.00000000000000  h
    6.70893654360466      1.19288328625060      0.00000000000000  h
$user-defined bonds
$redundant
     number_of_atoms            18
     degrees_of_freedom         33
     internal_coordinates       33
     frozen_coordinates          0
# definitions of redundant internals
   1 k  1.0000000000000 stre   1    8           val=   2.06788
   2 k  1.0000000000000 stre   2    9           val=   2.06898
   3 k  1.0000000000000 stre   6   13           val=   2.06787
   4 k  1.0000000000000 stre  11   16           val=   2.06898
   5 k  1.0000000000000 stre  14   17           val=   2.06788
   6 k  1.0000000000000 stre  15   18           val=   2.06787
   7 k  1.0000000000000 stre   3    2           val=   2.68281
   8 k  1.0000000000000 stre   2    1           val=   2.60025
   9 k  1.0000000000000 stre   3   10           val=   2.68280
  10 k  1.0000000000000 stre  10   15           val=   2.60023
  11 k  1.0000000000000 stre  15   14           val=   2.67426
  12 k  1.0000000000000 stre  14   11           val=   2.60025
  13 k  1.0000000000000 stre  11    4           val=   2.68281
  14 k  1.0000000000000 stre   1    6           val=   2.67427
  15 k  1.0000000000000 stre   6    5           val=   2.60023
  16 k  1.0000000000000 stre   5    4           val=   2.68281
  17 k  1.0000000000000 stre   5   12           val=   2.06900
  18 k  1.0000000000000 stre   3    4           val=   2.70300
  19 k  1.0000000000000 stre  10    7           val=   2.06900
  20 k -0.4082482904639 bend   4    2    3      val=  -0.00098
        0.4082482904639 bend   3    1    2
       -0.4082482904639 bend   2    6    1
        0.4082482904639 bend   1    5    6
       -0.4082482904639 bend   6    4    5
        0.4082482904639 bend   5    3    4
  21 k -0.4082482904639 bend   4   10    3      val=   0.00042
        0.4082482904639 bend   3   15   10
       -0.4082482904639 bend  10   14   15
        0.4082482904639 bend  15   11   14
       -0.4082482904639 bend  14    4   11
        0.4082482904639 bend  11    3    4
  22 k -0.7071067811865 bend  10   18   15      val=  -0.20937
        0.7071067811865 bend  14   18   15
  23 k -0.7071067811865 bend   5   13    6      val=  -0.20994
        0.7071067811865 bend   1   13    6
  24 k  0.7071067811865 bend  11   17   14      val=   0.20818
       -0.7071067811865 bend  15   17   14
  25 k -0.7071067811865 bend   2    8    1      val=  -0.20765
        0.7071067811865 bend   6    8    1
  26 k -0.7071067811865 bend   6   12    5      val=  -0.83009
        0.7071067811865 bend   4   12    5
  27 k  0.7071067811865 bend  15    7   10      val=   0.83069
       -0.7071067811865 bend   3    7   10
  28 k -0.7071067811865 bend   1    9    2      val=  -0.82845
        0.7071067811865 bend   3    9    2
  29 k  0.7071067811865 bend  14   16   11      val=   0.82863
       -0.7071067811865 bend   4   16   11
  30 k  0.5000000000000 bend   4   10    3      val=  -0.65403
       -0.5000000000000 bend   3   15   10
        0.5000000000000 bend  15   11   14
       -0.5000000000000 bend  14    4   11
  31 k  0.5000000000000 bend   4    2    3      val=  -0.65387
       -0.5000000000000 bend   3    1    2
        0.5000000000000 bend   1    5    6
       -0.5000000000000 bend   6    4    5
  32 k -0.2886751345948 bend   4    2    3      val=  -0.32774
       -0.2886751345948 bend   3    1    2
        0.5773502691896 bend   2    6    1
       -0.2886751345948 bend   1    5    6
       -0.2886751345948 bend   6    4    5
        0.5773502691896 bend   5    3    4
  33 k -0.2886751345948 bend   4   10    3      val=  -0.32715
       -0.2886751345948 bend   3   15   10
        0.5773502691896 bend  10   14   15
       -0.2886751345948 bend  15   11   14
       -0.2886751345948 bend  14    4   11
        0.5773502691896 bend  11    3    4
        33 non zero eigenvalues  of BmBt
           1           4.755863014    1    0
         1
           2           4.227214833    2    0
         2
           3           4.022153874    3    0
         3
           4           3.965877952    4    0
         4
           5           3.727973769    5    0
         5
           6           3.308729080    6    0
         6
           7           3.284467571    7    0
         7
           8           3.237240425    8    0
         8
           9           3.059103078    9    0
         9
          10           3.052652160   10    0
        10
          11           2.665834925   11    0
        11
          12           2.141935283   12    0
        12
          13           2.095453934   13    0
        13
          14           1.901770256   14    0
        14
          15           1.727378802   15    0
        15
          16           1.701385752   16    0
        16
          17           1.679599793   17    0
        17
          18           1.391589479   18    0
        18
          19           1.033450304   19    0
        19
          20           0.908163585   20    0
        20
          21           0.463974987   21    0
        21
          22           0.415565723   22    0
        22
          23           0.376780811   23    0
        23
          24           0.374677791   24    0
        24
          25           0.335105570   25    0
        25
          26           0.331027936   26    0
        26
          27           0.313568760   27    0
        27
          28           0.311485825   28    0
        28
          29           0.290499341   29    0
        29
          30           0.242885645   30    0
        30
          31           0.197958548   31    0
        31
          32           0.119493414   32    0
        32
          33           0.036961259   33    0
        33
$end
