$coord
   -1.16684873838771      0.56873357120611      0.00000000000000  c
   -1.25474480346523      2.64902076959798      0.00000000000000  h
    1.16749807635879     -0.57180405272212      0.00000000000000  c
    1.25560761895424     -2.65190659982914      0.00000000000000  h
   -3.53057019035692     -0.76768347446840      0.00000000000000  c
   -3.43977153605032     -2.84817592276010      0.00000000000000  h
   -5.86182208393493      0.36685098553210      0.00000000000000  c
   -5.96044937768767      2.44669501891518      0.00000000000000  h
   -8.23585654490018     -0.98950051450382      0.00000000000000  c
   -8.11496724777291     -3.06799632003990      0.00000000000000  h
  -10.54940315720834      0.11675256199166      0.00000000000000  c
  -12.29195628013810     -1.01011693422795      0.00000000000000  h
  -10.75947768257579      2.18529160929396      0.00000000000000  h
    3.53071733748892      0.76529592615005      0.00000000000000  c
    3.43893876730758      2.84574200326275      0.00000000000000  h
    5.86234262791976     -0.36791674769339      0.00000000000000  c
    5.96235060894407     -2.44739718194971      0.00000000000000  h
    8.23501794218864      0.99027555983263      0.00000000000000  c
    8.11223032647676      3.06853622802834      0.00000000000000  h
   10.54925305057988     -0.11369104321215      0.00000000000000  c
   10.76137605113721     -2.18177021571568      0.00000000000000  h
   12.29053523512220      1.01476477331167      0.00000000000000  h
$user-defined bonds
$redundant
     number_of_atoms            22
     degrees_of_freedom         41
     internal_coordinates       41
     frozen_coordinates          0
# definitions of redundant internals
   1 k  1.0000000000000 stre   1    2           val=   2.08214
   2 k  1.0000000000000 stre   3    4           val=   2.08197
   3 k  1.0000000000000 stre   5    6           val=   2.08247
   4 k  1.0000000000000 stre   9   10           val=   2.08201
   5 k  1.0000000000000 stre  11   12           val=   2.07517
   6 k  1.0000000000000 stre  11   13           val=   2.07918
   7 k  1.0000000000000 stre  14   15           val=   2.08247
   8 k  1.0000000000000 stre  16   17           val=   2.08188
   9 k  1.0000000000000 stre  18   19           val=   2.08188
  10 k  1.0000000000000 stre  20   21           val=   2.07893
  11 k  1.0000000000000 stre   9   11           val=   2.56443
  12 k  1.0000000000000 stre  18   20           val=   2.56406
  13 k  1.0000000000000 stre   5    7           val=   2.59266
  14 k  1.0000000000000 stre  14   16           val=   2.59242
  15 k  1.0000000000000 stre   3   14           val=   2.71526
  16 k  1.0000000000000 stre   7    8           val=   2.08218
  17 k  1.0000000000000 stre  20   22           val=   2.07496
  18 k  1.0000000000000 stre   1    5           val=   2.71536
  19 k  1.0000000000000 stre  16   18           val=   2.73391
  20 k  1.0000000000000 stre   1    3           val=   2.59808
  21 k  1.0000000000000 stre   7    9           val=   2.73418
  22 k  0.8164965809277 bend  13   12   11      val=  -2.18180
       -0.4082483052160 bend   9   12   11
       -0.4082482757117 bend   9   13   11
  23 k -0.8164910912577 bend  22   21   20      val=   2.18271
        0.4108385019821 bend  18   21   20
        0.4056525892755 bend  18   22   20
  24 k -0.7071067811865 bend  14   17   16      val=  -0.81962
        0.7071067811865 bend  18   17   16
  25 k  0.7071067811865 bend  16   15   14      val=   0.73575
       -0.7071067811865 bend   3   15   14
  26 k  0.7071067811865 bend   5    8    7      val=   0.81994
       -0.7071067811865 bend   9    8    7
  27 k  0.7071067811865 bend   7    6    5      val=   0.73258
       -0.7071067811865 bend   1    6    5
  28 k  0.7071067811865 bend  11   10    9      val=   1.23613
       -0.7071067811865 bend   7   10    9
  29 k -0.7071067811865 bend   1    4    3      val=  -0.69482
        0.7071067811865 bend  14    4    3
  30 k  0.7071067811865 bend   3    2    1      val=   0.69762
       -0.7071067811865 bend   5    2    1
  31 k  0.7071067811865 bend  20   19   18      val=   1.23848
       -0.7071067811865 bend  16   19   18
  32 k  0.0029940880971 bend  22   21   20      val=  -0.10533
        0.7056049829442 bend  18   21   20
       -0.7085990710414 bend  18   22   20
  33 k  0.0000000170343 bend  13   12   11      val=   0.10022
        0.7071067726694 bend   9   12   11
       -0.7071067897037 bend   9   13   11
  34 k  1.0000000000000 bend  16   20   18      val= 124.70917
  35 k  1.0000000000000 bend   7   11    9      val= 124.70406
  36 k  1.0000000000000 bend   5    9    7      val= 124.30900
  37 k  1.0000000000000 bend  14   18   16      val= 124.29125
  38 k  1.0000000000000 bend   1    7    5      val= 124.56627
  39 k  1.0000000000000 bend   3   16   14      val= 124.57839
  40 k  1.0000000000000 bend   3    5    1      val= 124.47710
  41 k  1.0000000000000 bend   1   14    3      val= 124.45934
        41 non zero eigenvalues  of BmBt
           1           4.623847263    1    0
         1
           2           4.439513340    2    0
         2
           3           4.132920500    3    0
         3
           4           3.977957326    4    0
         4
           5           3.937597598    5    0
         5
           6           3.709945506    6    0
         6
           7           3.701129217    7    0
         7
           8           3.386080977    8    0
         8
           9           3.226998554    9    0
         9
          10           3.043064480   10    0
        10
          11           2.760513966   11    0
        11
          12           2.519665227   12    0
        12
          13           2.421938183   13    0
        13
          14           2.226586575   14    0
        14
          15           2.144305918   15    0
        15
          16           2.095707342   16    0
        16
          17           2.023806824   17    0
        17
          18           1.673167758   18    0
        18
          19           1.292498456   19    0
        19
          20           1.056300430   20    0
        20
          21           0.914055873   21    0
        21
          22           0.913592817   22    0
        22
          23           0.659721983   23    0
        23
          24           0.646411841   24    0
        24
          25           0.618399123   25    0
        25
          26           0.580580858   26    0
        26
          27           0.541876227   27    0
        27
          28           0.475886951   28    0
        28
          29           0.420100929   29    0
        29
          30           0.368961592   30    0
        30
          31           0.358552856   31    0
        31
          32           0.357264465   32    0
        32
          33           0.328989267   33    0
        33
          34           0.154279946   34    0
        34
          35           0.137237325   35    0
        35
          36           0.099073690   36    0
        36
          37           0.092021190   37    0
        37
          38           0.045123840   38    0
        38
          39           0.031692046   39    0
        39
          40           0.015136527   40    0
        40
          41           0.002510608   41    0
        41
$end
