$coord
    3.61337137251058      0.74424540838043      0.00000000000000  c
    5.95970415449778     -0.45610277031726      0.00000000000000  c
    1.26168084198748     -0.52402040798429      0.00000000000000  c
   -1.08423664778678      0.67734839899907      0.00000000000000  c
   -3.43639378046833     -0.58983102709515      0.00000000000000  c
    8.31102555434491      0.81315767835441      0.00000000000000  c
   10.65763491069155     -0.38625030443633      0.00000000000000  c
   13.00869291911751      0.88389970601144      0.00000000000000  c
   15.35548142082494     -0.31452835564755      0.00000000000000  c
   17.70605326053439      0.95641242720101      0.00000000000000  c
   20.05303354721807     -0.24088207163763      0.00000000000000  c
   22.40335875361431      1.03139808435389      0.00000000000000  c
   24.75067534927209     -0.16458502271867      0.00000000000000  c
   27.10056347594621      1.10925301324176      0.00000000000000  c
   29.44838969987685     -0.08502250345602      0.00000000000000  c
   31.79762061992414      1.19074852035577      0.00000000000000  c
   34.14612515757521     -0.00142045233152      0.00000000000000  c
   -5.78181981157602      0.61249264280764      0.00000000000000  c
   -8.13416434390709     -0.65355229751851      0.00000000000000  c
  -10.47913495087247      0.54949315070907      0.00000000000000  c
  -12.83189754963294     -0.71598267855004      0.00000000000000  c
  -15.17659669199321      0.48759638366464      0.00000000000000  c
  -17.52953450874995     -0.77759420710013      0.00000000000000  c
  -19.87420373930689      0.42604470587544      0.00000000000000  c
  -22.22703087818381     -0.83931191073299      0.00000000000000  c
  -24.57191171591237      0.36391348119374      0.00000000000000  c
   36.49454023522439      1.27648052376042      0.00000000000000  c
   38.84375029838933      0.08650438256525      0.00000000000000  c
   41.19164529177254      1.36691829584898      0.00000000000000  c
   43.54155261250394      0.17927053642385      0.00000000000000  c
   45.88878635434138      1.46213955120978      0.00000000000000  c
   48.23920211590496      0.27679894509405      0.00000000000000  c
   50.58599856506551      1.56195573302022      0.00000000000000  c
   52.93665562259638      0.37876469528067      0.00000000000000  c
   55.28325708476196      1.66606130852720      0.00000000000000  c
   57.63391355163353      0.48501437452926      0.00000000000000  c
   59.98034579342235      1.77440001605340      0.00000000000000  c
   62.33090991793660      0.59555830553298      0.00000000000000  c
   64.67752162133262      1.88755823359066      0.00000000000000  c
   67.02788383762494      0.71121681715710      0.00000000000000  c
   69.37470806957906      2.00620612725608      0.00000000000000  c
   71.72482053733182      0.83295384499681      0.00000000000000  c
   74.07190321522010      2.13164201055225      0.00000000000000  c
   76.42163739147215      0.96224753666201      0.00000000000000  c
  -26.92438670715405     -0.90188993268700      0.00000000000000  c
  -29.26965420808170      0.30074499495340      0.00000000000000  c
  -31.62201473196903     -0.96606027535925      0.00000000000000  c
  -33.96770913961527      0.23574561842658      0.00000000000000  c
  -36.31967050495669     -1.03202060305990      0.00000000000000  c
  -38.66571872467490      0.16888532767567      0.00000000000000  c
  -41.01737402963661     -1.09975840487408      0.00000000000000  c
  -43.36364152458385      0.10031973769318      0.00000000000000  c
  -45.71509286460216     -1.16910373767036      0.00000000000000  c
  -48.06148538706498      0.03010154772958      0.00000000000000  c
  -50.41251318391545     -1.23999632456394      0.00000000000000  c
  -52.75904035249572     -0.04180559731991      0.00000000000000  c
  -55.10988040383762     -1.31313485262348      0.00000000000000  c
  -57.45668927521750     -0.11614648574251      0.00000000000000  c
  -59.80715105688886     -1.38892669187053      0.00000000000000  c
  -62.15441766941378     -0.19354230058677      0.00000000000000  c
  -64.50427772986731     -1.46815469080057      0.00000000000000  c
  -66.85217405519523     -0.27477746003947      0.00000000000000  c
  -69.20126969940453     -1.55142555337326      0.00000000000000  c
  -71.54981814239032     -0.36014251006281      0.00000000000000  c
  -73.89844647613502     -1.63920998468428      0.00000000000000  c
  -76.24765323146021     -0.45017571700384      0.00000000000000  c
  -78.59566423904838     -1.73162030748698      0.00000000000000  c
  -80.94534215029567     -0.54481574769172      0.00000000000000  c
  -83.29295922854767     -1.82847361178108      0.00000000000000  c
  -85.64284338856359     -0.64374382794572      0.00000000000000  c
  -87.99031140142029     -1.92946622033501      0.00000000000000  c
  -90.34015950433590     -0.74680355132078      0.00000000000000  c
  -92.68750777499504     -2.03452602643620      0.00000000000000  c
  -95.03723016100822     -0.85397819835350      0.00000000000000  c
  -97.38480233050228     -2.14423892493456      0.00000000000000  c
  -99.73428783859987     -0.96611613110409      0.00000000000000  c
 -102.08211563914352     -2.25929058661325      0.00000000000000  c
 -104.43131363970788     -1.08417803286673      0.00000000000000  c
 -106.77944852259490     -2.38096730947800      0.00000000000000  c
 -109.12822976388730     -1.20962751720872      0.00000000000000  c
 -111.47687741737751     -2.51083891894241      0.00000000000000  c
 -113.82472037505808     -1.34418383075282      0.00000000000000  c
 -116.17460156583027     -2.65126929260089      0.00000000000000  c
 -118.52094406339275     -1.49066605525020      0.00000000000000  c
 -120.87296826524910     -2.80587840329190      0.00000000000000  c
 -123.21630514371884     -1.65388158476355      0.00000000000000  c
 -125.57285676160390     -2.98201010672805      0.00000000000000  c
 -127.91044948362223     -1.84569856434686      0.00000000000000  c
 -130.27850154885894     -3.20350996489830      0.00000000000000  c
 -132.59741713349285     -2.10317067196390      0.00000000000000  c
   78.76918310451373      2.26544290265255      0.00000000000000  c
   81.11802916873341      1.10081669333671      0.00000000000000  c
   83.46675213127349      2.40997314054010      0.00000000000000  c
   85.81413702997504      1.25147889120571      0.00000000000000  c
   88.16496621957671      2.56884593675714      0.00000000000000  c
   90.50938629119764      1.41902952443504      0.00000000000000  c
   92.86470754582659      2.74939016732112      0.00000000000000  c
   95.20339830949416      1.61531513337104      0.00000000000000  c
   97.57013139566051      2.97541935768588      0.00000000000000  c
   99.89010928431297      1.87733635545346      0.00000000000000  c
 4.05850323497 0.516522715126 -0.25 h
 4.05850323497 0.516522715126 0.25 h
 3.1935918039 0.472611254083 -0.25 h
 3.1935918039 0.472611254083 0.25 h
 3.58801907866 1.24360225593 -0.25 h
 3.58801907866 1.24360225593 0.25 h
 5.51457229204 -0.228380077063 -0.25 h
 5.51457229204 -0.228380077063 0.25 h
 6.3794837231 -0.18446861602 -0.25 h
 6.3794837231 -0.18446861602 0.25 h
 5.98505644835 -0.955459617869 -0.25 h
 5.98505644835 -0.955459617869 0.25 h
 0.81664386687 -0.296112332704 -0.25 h
 0.81664386687 -0.296112332704 0.25 h
 1.68157351247 -0.252561119549 -0.25 h
 1.68157351247 -0.252561119549 0.25 h
 1.28682514663 -1.0233877717 -0.25 h
 1.28682514663 -1.0233877717 0.25 h
 -0.639199672669 0.449440323719 -0.25 h
 -0.639199672669 0.449440323719 0.25 h
 -1.50412931827 0.405889110564 -0.25 h
 -1.50412931827 0.405889110564 0.25 h
 -1.10938095243 1.17671576271 -0.25 h
 -1.10938095243 1.17671576271 0.25 h
 -3.88133785565 -0.361741636817 -0.25 h
 -3.88133785565 -0.361741636817 0.25 h
 -3.01639053656 -0.31854284986 -0.25 h
 -3.01639053656 -0.31854284986 0.25 h
 -3.41145294919 -1.08920859461 -0.25 h
 -3.41145294919 -1.08920859461 0.25 h
 8.75624059903 0.585597655543 -0.25 h
 8.75624059903 0.585597655543 0.25 h
 7.89134527136 0.541370150912 -0.25 h
 7.89134527136 0.541370150912 0.25 h
 8.28549079264 1.31250522861 -0.25 h
 8.28549079264 1.31250522861 0.25 h
 10.212419866 -0.158690281625 -0.25 h
 10.212419866 -0.158690281625 0.25 h
 11.0773151937 -0.114462776994 -0.25 h
 11.0773151937 -0.114462776994 0.25 h
 10.6831696724 -0.88559785469 -0.25 h
 10.6831696724 -0.88559785469 0.25 h
 13.4539903273 0.656500897216 -0.25 h
 13.4539903273 0.656500897216 0.25 h
 12.5891110698 0.61196024266 -0.25 h
 12.5891110698 0.61196024266 0.25 h
 12.9829773602 1.38323797816 -0.25 h
 12.9829773602 1.38323797816 0.25 h
 14.9101840126 -0.0871295468522 -0.25 h
 14.9101840126 -0.0871295468522 0.25 h
 15.7750632701 -0.042588892296 -0.25 h
 15.7750632701 -0.042588892296 0.25 h
 15.3811969797 -0.813866627794 -0.25 h
 15.3811969797 -0.813866627794 0.25 h
 18.1514452901 0.72919900328 -0.25 h
 18.1514452901 0.72919900328 0.25 h
 17.2865846486 0.684298326924 -0.25 h
 17.2865846486 0.684298326924 0.25 h
 17.680129843 1.4557399514 -0.25 h
 17.680129843 1.4557399514 0.25 h
 19.6076415177 -0.013668647717 -0.25 h
 19.6076415177 -0.013668647717 0.25 h
 20.4725021592 0.031232028639 -0.25 h
 20.4725021592 0.031232028639 0.25 h
 20.0789569648 -0.740209595835 -0.25 h
 20.0789569648 -0.740209595835 0.25 h
 22.8488646595 0.804408023238 -0.25 h
 22.8488646595 0.804408023238 0.25 h
 21.9840266414 0.759073682903 -0.25 h
 21.9840266414 0.759073682903 0.25 h
 22.37718496 1.53071254692 -0.25 h
 22.37718496 1.53071254692 0.25 h
 24.3051694434 0.0624050383975 -0.25 h
 24.3051694434 0.0624050383975 0.25 h
 25.1700074615 0.107739378732 -0.25 h
 25.1700074615 0.107739378732 0.25 h
 24.7768491429 -0.663899485286 -0.25 h
 24.7768491429 -0.663899485286 0.25 h
 27.5462203311 0.882559459201 -0.25 h
 27.5462203311 0.882559459201 0.25 h
 26.6814126717 0.836649632318 -0.25 h
 26.6814126717 0.836649632318 0.25 h
 27.074057425 1.60854994821 -0.25 h
 27.074057425 1.60854994821 0.25 h
 29.0027328447 0.141671050585 -0.25 h
 29.0027328447 0.141671050585 0.25 h
 29.8675405041 0.187580877468 -0.25 h
 29.8675405041 0.187580877468 0.25 h
 29.4748957508 -0.584319438421 -0.25 h
 29.4748957508 -0.584319438421 0.25 h
 32.2434654 0.964424787539 -0.25 h
 32.2434654 0.964424787539 0.25 h
 31.3786961278 0.917797481032 -0.25 h
 31.3786961278 0.917797481032 0.25 h
 31.770700332 1.6900232925 -0.25 h
 31.770700332 1.6900232925 0.25 h
 33.7002803775 0.224903280485 -0.25 h
 33.7002803775 0.224903280485 0.25 h
 34.5650496497 0.271530586992 -0.25 h
 34.5650496497 0.271530586992 0.25 h
 34.1730454455 -0.500695224472 -0.25 h
 34.1730454455 -0.500695224472 0.25 h
 -5.33687573639 0.384403252529 -0.25 h
 -5.33687573639 0.384403252529 0.25 h
 -6.20182305548 0.341204465573 -0.25 h
 -6.20182305548 0.341204465573 0.25 h
 -5.80676064285 1.11187021032 -0.25 h
 -5.80676064285 1.11187021032 0.25 h
 -8.5790348296 -0.425319409963 -0.25 h
 -8.5790348296 -0.425319409963 0.25 h
 -7.71407362246 -0.382399599295 -0.25 h
 -7.71407362246 -0.382399599295 0.25 h
 -8.10938457966 -1.1529378833 -0.25 h
 -8.10938457966 -1.1529378833 0.25 h
 -10.0342644652 0.321260263154 -0.25 h
 -10.0342644652 0.321260263154 0.25 h
 -10.8992256723 0.278340452485 -0.25 h
 -10.8992256723 0.278340452485 0.25 h
 -10.5039147151 1.04887873649 -0.25 h
 -10.5039147151 1.04887873649 0.25 h
 -13.2767161787 -0.487648740612 -0.25 h
 -13.2767161787 -0.487648740612 0.25 h
 -12.4117452443 -0.444925414651 -0.25 h
 -12.4117452443 -0.444925414651 0.25 h
 -12.8072312259 -1.21537388039 -0.25 h
 -12.8072312259 -1.21537388039 0.25 h
 -14.7317780629 0.259262445726 -0.25 h
 -14.7317780629 0.259262445726 0.25 h
 -15.5967489973 0.216539119765 -0.25 h
 -15.5967489973 0.216539119765 0.25 h
 -15.2012630157 0.986987585502 -0.25 h
 -15.2012630157 0.986987585502 0.25 h
 -17.9743473413 -0.549248977291 -0.25 h
 -17.9743473413 -0.549248977291 0.25 h
 -17.1093753226 -0.506547609065 -0.25 h
 -17.1093753226 -0.506547609065 0.25 h
 -17.5048808623 -1.27698603494 -0.25 h
 -17.5048808623 -1.27698603494 0.25 h
 -19.4293909067 0.197699476066 -0.25 h
 -19.4293909067 0.197699476066 0.25 h
 -20.2943629254 0.154998107841 -0.25 h
 -20.2943629254 0.154998107841 0.25 h
 -19.8988573857 0.925436533719 -0.25 h
 -19.8988573857 0.925436533719 0.25 h
 -22.6718839496 -0.611045082579 -0.25 h
 -22.6718839496 -0.611045082579 0.25 h
 -21.8069194704 -0.568191263996 -0.25 h
 -21.8069194704 -0.568191263996 0.25 h
 -22.2022892145 -1.33869938562 -0.25 h
 -22.2022892145 -1.33869938562 0.25 h
 -24.1270586445 0.13564665304 -0.25 h
 -24.1270586445 0.13564665304 0.25 h
 -24.9920231237 0.0927928344568 -0.25 h
 -24.9920231237 0.0927928344568 0.25 h
 -24.5966533796 0.863300956084 -0.25 h
 -24.5966533796 0.863300956084 0.25 h
 36.9405803425 1.05054198637 -0.25 h
 36.9405803425 1.05054198637 0.25 h
 36.0758516685 1.00316772843 -0.25 h
 36.0758516685 1.00316772843 0.25 h
 36.4671886947 1.77573185649 -0.25 h
 36.4671886947 1.77573185649 0.25 h
 38.3977101911 0.312442919959 -0.25 h
 38.3977101911 0.312442919959 0.25 h
 39.2624388651 0.359817177897 -0.25 h
 39.2624388651 0.359817177897 0.25 h
 38.871101839 -0.41274695016 -0.25 h
 38.871101839 -0.41274695016 0.25 h
 41.6378904902 1.14138509909 -0.25 h
 41.6378904902 1.14138509909 0.25 h
 40.7732052147 1.09322521603 -0.25 h
 40.7732052147 1.09322521603 0.25 h
 41.1638401703 1.86614457242 -0.25 h
 41.1638401703 1.86614457242 0.25 h
 43.095307414 0.404803733179 -0.25 h
 43.095307414 0.404803733179 0.25 h
 43.9599926895 0.452963616242 -0.25 h
 43.9599926895 0.452963616242 0.25 h
 43.569357734 -0.319955740149 -0.25 h
 43.569357734 -0.319955740149 0.25 h
 46.33522745 1.23699438005 -0.25 h
 46.33522745 1.23699438005 0.25 h
 45.4705843687 1.18808280665 -0.25 h
 45.4705843687 1.18808280665 0.25 h
 45.8605472443 1.96134146693 -0.25 h
 45.8605472443 1.96134146693 0.25 h
 47.7927610202 0.501944116255 -0.25 h
 47.7927610202 0.501944116255 0.25 h
 48.6574041015 0.550855689657 -0.25 h
 48.6574041015 0.550855689657 0.25 h
 48.267441226 -0.22240297063 -0.25 h
 48.267441226 -0.22240297063 0.25 h
 51.032613027 1.33715466007 -0.25 h
 51.032613027 1.33715466007 0.25 h
 50.1680078941 1.28757679977 -0.25 h
 50.1680078941 1.28757679977 0.25 h
 50.5573747741 2.06113573922 -0.25 h
 50.5573747741 2.06113573922 0.25 h
 52.4900411607 0.603565768232 -0.25 h
 52.4900411607 0.603565768232 0.25 h
 53.3546462935 0.653143628529 -0.25 h
 53.3546462935 0.653143628529 0.25 h
 52.9652794136 -0.120415310919 -0.25 h
 52.9652794136 -0.120415310919 0.25 h
 55.7300350645 1.4415853927 -0.25 h
 55.7300350645 1.4415853927 0.25 h
 54.8654662492 1.3913781861 -0.25 h
 54.8654662492 1.3913781861 0.25 h
 55.2542699405 2.16522034678 -0.25 h
 55.2542699405 2.16522034678 0.25 h
 57.1871355719 0.709490290356 -0.25 h
 57.1871355719 0.709490290356 0.25 h
 58.0517043872 0.759697496955 -0.25 h
 58.0517043872 0.759697496955 0.25 h
 57.6629006959 -0.0141446637226 -0.25 h
 57.6629006959 -0.0141446637226 0.25 h
 60.4272883247 1.55025190939 -0.25 h
 60.4272883247 1.55025190939 0.25 h
 59.5627565732 1.49941048325 -0.25 h
 59.5627565732 1.49941048325 0.25 h
 59.9509924824 2.27353765552 -0.25 h
 59.9509924824 2.27353765552 0.25 h
 61.8839673866 0.819706412194 -0.25 h
 61.8839673866 0.819706412194 0.25 h
 62.7484991382 0.870547838335 -0.25 h
 62.7484991382 0.870547838335 0.25 h
 62.360263229 0.0964206660694 -0.25 h
 62.360263229 0.0964206660694 0.25 h
 65.1246468887 1.66377486665 -0.25 h
 65.1246468887 1.66377486665 0.25 h
 64.260156907 1.61222807688 -0.25 h
 64.260156907 1.61222807688 0.25 h
 64.6477610684 2.38667175724 -0.25 h
 64.6477610684 2.38667175724 0.25 h
 66.5807585703 0.935000184097 -0.25 h
 66.5807585703 0.935000184097 0.25 h
 67.445248552 0.986546973865 -0.25 h
 67.445248552 0.986546973865 0.25 h
 67.0576443906 0.212103293509 -0.25 h
 67.0576443906 0.212103293509 0.25 h
 69.8220589357 1.78287408172 -0.25 h
 69.8220589357 1.78287408172 0.25 h
 68.9576214116 1.73045493554 -0.25 h
 68.9576214116 1.73045493554 0.25 h
 69.3444438614 2.50528936451 -0.25 h
 69.3444438614 2.50528936451 0.25 h
 71.2774696712 1.05628589054 -0.25 h
 71.2774696712 1.05628589054 0.25 h
 72.1419071953 1.10870503671 -0.25 h
 72.1419071953 1.10870503671 0.25 h
 71.7550847455 0.333870607746 -0.25 h
 71.7550847455 0.333870607746 0.25 h
 74.5195330513 1.90886963828 -0.25 h
 74.5195330513 1.90886963828 0.25 h
 73.6551617635 1.85536938715 -0.25 h
 73.6551617635 1.85536938715 0.25 h
 74.0410148308 2.63068700623 -0.25 h
 74.0410148308 2.63068700623 0.25 h
 75.9740075554 1.18501990894 -0.25 h
 75.9740075554 1.18501990894 0.25 h
 76.8383788432 1.23852016006 -0.25 h
 76.8383788432 1.23852016006 0.25 h
 76.4525257759 0.463202540985 -0.25 h
 76.4525257759 0.463202540985 0.25 h
 -27.3693005497 -0.673741575805 -0.25 h
 -27.3693005497 -0.673741575805 0.25 h
 -26.504347513 -0.630657421024 -0.25 h
 -26.504347513 -0.630657421024 0.25 h
 -26.8995120588 -1.40127080123 -0.25 h
 -26.8995120588 -1.40127080123 0.25 h
 -28.8247403656 0.072596638071 -0.25 h
 -28.8247403656 0.072596638071 0.25 h
 -29.6896934022 0.0295124832906 -0.25 h
 -29.6896934022 0.0295124832906 0.25 h
 -29.2945288564 0.800125863499 -0.25 h
 -29.2945288564 0.800125863499 0.25 h
 -32.0670092657 -0.738069343702 -0.25 h
 -32.0670092657 -0.738069343702 0.25 h
 -31.2020715264 -0.694679170401 -0.25 h
 -31.2020715264 -0.694679170401 0.25 h
 -31.5969634037 -1.46543231197 -0.25 h
 -31.5969634037 -1.46543231197 0.25 h
 -33.5227146058 0.00775468676913 -0.25 h
 -33.5227146058 0.00775468676913 0.25 h
 -34.3876523451 -0.0356354865316 -0.25 h
 -34.3876523451 -0.0356354865316 0.25 h
 -33.9927604679 0.735117655042 -0.25 h
 -33.9927604679 0.735117655042 0.25 h
 -36.7647482529 -0.804192162598 -0.25 h
 -36.7647482529 -0.804192162598 0.25 h
 -35.8998264138 -0.76048618691 -0.25 h
 -35.8998264138 -0.76048618691 0.25 h
 -36.2944368481 -1.53138345967 -0.25 h
 -36.2944368481 -1.53138345967 0.25 h
 -38.2206409767 -0.0589431127862 -0.25 h
 -38.2206409767 -0.0589431127862 0.25 h
 -39.0855628158 -0.102649088474 -0.25 h
 -39.0855628158 -0.102649088474 0.25 h
 -38.6909523815 0.668248184287 -0.25 h
 -38.6909523815 0.668248184287 0.25 h
 -41.4625240946 -0.87207129576 -0.25 h
 -41.4625240946 -0.87207129576 0.25 h
 -40.5976161765 -0.828090694671 -0.25 h
 -40.5976161765 -0.828090694671 0.25 h
 -40.9919818178 -1.59911322419 -0.25 h
 -40.9919818178 -1.59911322419 0.25 h
 -42.9184914596 -0.127367371421 -0.25 h
 -42.9184914596 -0.127367371421 0.25 h
 -43.7833993777 -0.17134797251 -0.25 h
 -43.7833993777 -0.17134797251 0.25 h
 -43.3890337365 0.599674557011 -0.25 h
 -43.3890337365 0.599674557011 0.25 h
 -46.1603149734 -0.941557536049 -0.25 h
 -46.1603149734 -0.941557536049 0.25 h
 -45.2954210191 -0.89730318197 -0.25 h
 -45.2954210191 -0.89730318197 0.25 h
 -45.6895426014 -1.66845049499 -0.25 h
 -45.6895426014 -1.66845049499 0.25 h
 -47.6162632783 -0.197444653892 -0.25 h
 -47.6162632783 -0.197444653892 0.25 h
 -48.4811572326 -0.241699007971 -0.25 h
 -48.4811572326 -0.241699007971 0.25 h
 -48.0870356503 0.529448305052 -0.25 h
 -48.0870356503 0.529448305052 0.25 h
 -50.8578185766 -1.01261315189 -0.25 h
 -50.8578185766 -1.01261315189 0.25 h
 -49.9929408836 -0.968042128361 -0.25 h
 -49.9929408836 -0.968042128361 0.25 h
 -50.3867800915 -1.73933369344 -0.25 h
 -50.3867800915 -1.73933369344 0.25 h
 -52.3137349598 -0.269188769991 -0.25 h
 -52.3137349598 -0.269188769991 0.25 h
 -53.1786126528 -0.313759793523 -0.25 h
 -53.1786126528 -0.313759793523 0.25 h
 -52.7847734449 0.457531771554 -0.25 h
 -52.7847734449 0.457531771554 0.25 h
 -55.5552892333 -1.08595436347 -0.25 h
 -55.5552892333 -1.08595436347 0.25 h
 -54.6904319143 -1.04098973583 -0.25 h
 -54.6904319143 -1.04098973583 0.25 h
 -55.083920064 -1.81246045857 -0.25 h
 -55.083920064 -1.81246045857 0.25 h
 -57.0112804458 -0.343326974897 -0.25 h
 -57.0112804458 -0.343326974897 0.25 h
 -57.8761377648 -0.388291602535 -0.25 h
 -57.8761377648 -0.388291602535 0.25 h
 -57.4826496151 0.383179120204 -0.25 h
 -57.4826496151 0.383179120204 0.25 h
 -60.252700969 -1.16202302116 -0.25 h
 -60.252700969 -1.16202302116 0.25 h
 -59.3878717578 -1.11652098465 -0.25 h
 -59.3878717578 -1.11652098465 0.25 h
 -59.7808804439 -1.8882360698 -0.25 h
 -59.7808804439 -1.8882360698 0.25 h
 -61.7088677573 -0.420445971299 -0.25 h
 -61.7088677573 -0.420445971299 0.25 h
 -62.5736969685 -0.465948007807 -0.25 h
 -62.5736969685 -0.465948007807 0.25 h
 -62.1806882824 0.305767077346 -0.25 h
 -62.1806882824 0.305767077346 0.25 h
 -64.9500062121 -1.24160200357 -0.25 h
 -64.9500062121 -1.24160200357 0.25 h
 -64.0852131063 -1.19541884558 -0.25 h
 -64.0852131063 -1.19541884558 0.25 h
 -64.4776138712 -1.96744322325 -0.25 h
 -64.4776138712 -1.96744322325 0.25 h
 -66.4064455729 -0.501330147271 -0.25 h
 -66.4064455729 -0.501330147271 0.25 h
 -67.2712386788 -0.547513305261 -0.25 h
 -67.2712386788 -0.547513305261 0.25 h
 -66.8788379139 0.224511072414 -0.25 h
 -66.8788379139 0.224511072414 0.25 h
 -69.6471840594 -1.32523894119 -0.25 h
 -69.6471840594 -1.32523894119 0.25 h
 -68.7824291673 -1.27834569577 -0.25 h
 -68.7824291673 -1.27834569577 0.25 h
 -69.1741958715 -2.05069202315 -0.25 h
 -69.1741958715 -2.05069202315 0.25 h
 -71.1039037824 -0.586329122242 -0.25 h
 -71.1039037824 -0.586329122242 0.25 h
 -71.9686586745 -0.633222367661 -0.25 h
 -71.9686586745 -0.633222367661 0.25 h
 -71.5768919703 0.139123959715 -0.25 h
 -71.5768919703 0.139123959715 0.25 h
 -74.3445585332 -1.41341354428 -0.25 h
 -74.3445585332 -1.41341354428 0.25 h
 -73.4798449941 -1.36576383049 -0.25 h
 -73.4798449941 -1.36576383049 0.25 h
 -73.8709359011 -2.13845257928 -0.25 h
 -73.8709359011 -2.13845257928 0.25 h
 -75.8015411743 -0.67597215741 -0.25 h
 -75.8015411743 -0.67597215741 0.25 h
 -76.6662547135 -0.723621871194 -0.25 h
 -76.6662547135 -0.723621871194 0.25 h
 -76.2751638065 0.049066877592 -0.25 h
 -76.2751638065 0.049066877592 0.25 h
 -79.0419650336 -1.5061971482 -0.25 h
 -79.0419650336 -1.5061971482 0.25 h
 -78.1772916592 -1.45782406128 -0.25 h
 -78.1772916592 -1.45782406128 0.25 h
 -78.5677360243 -2.23083971298 -0.25 h
 -78.5677360243 -2.23083971298 0.25 h
 -80.4990413557 -0.770238906981 -0.25 h
 -80.4990413557 -0.770238906981 0.25 h
 -81.3637147301 -0.818611993895 -0.25 h
 -81.3637147301 -0.818611993895 0.25 h
 -80.973270365 -0.0455963421987 -0.25 h
 -80.973270365 -0.0455963421987 0.25 h
 -83.7394265019 -1.603380356 -0.25 h
 -83.7394265019 -1.603380356 0.25 h
 -82.8747891141 -1.55436823896 -0.25 h
 -82.8747891141 -1.55436823896 0.25 h
 -83.2646620696 -2.32767224038 -0.25 h
 -83.2646620696 -2.32767224038 0.25 h
 -85.1963761152 -0.868837083726 -0.25 h
 -85.1963761152 -0.868837083726 0.25 h
 -86.061013503 -0.917849200764 -0.25 h
 -86.061013503 -0.917849200764 0.25 h
 -85.6711405475 -0.144545199347 -0.25 h
 -85.6711405475 -0.144545199347 0.25 h
 -88.436935113 -1.70468352474 -0.25 h
 -88.436935113 -1.70468352474 0.25 h
 -87.5723320209 -1.65507008795 -0.25 h
 -87.5723320209 -1.65507008795 0.25 h
 -87.9616670703 -2.42864504831 -0.25 h
 -87.9616670703 -2.42864504831 0.25 h
 -89.8935357927 -0.971586246913 -0.25 h
 -89.8935357927 -0.971586246913 0.25 h
 -90.7581388848 -1.0211996837 -0.25 h
 -90.7581388848 -1.0211996837 0.25 h
 -90.3688038354 -0.247624723348 -0.25 h
 -90.3688038354 -0.247624723348 0.25 h
 -93.1342880273 -1.81005463372 -0.25 h
 -93.1342880273 -1.81005463372 0.25 h
 -92.2697197203 -1.75983867439 -0.25 h
 -92.2697197203 -1.75983867439 0.25 h
 -92.6585155774 -2.5336847712 -0.25 h
 -92.6585155774 -2.5336847712 0.25 h
 -94.5904499087 -1.07844959107 -0.25 h
 -94.5904499087 -1.07844959107 0.25 h
 -95.4550182157 -1.1286655504 -0.25 h
 -95.4550182157 -1.1286655504 0.25 h
 -95.0662223586 -0.354819453588 -0.25 h
 -95.0662223586 -0.354819453588 0.25 h
 -97.8317584284 -1.92011787163 -0.25 h
 -97.8317584284 -1.92011787163 0.25 h
 -96.9672297559 -1.86922411641 -0.25 h
 -96.9672297559 -1.86922411641 0.25 h
 -97.3554188072 -2.64337478676 -0.25 h
 -97.3554188072 -2.64337478676 0.25 h
 -99.2873317407 -1.19023718441 -0.25 h
 -99.2873317407 -1.19023718441 0.25 h
 -100.151860413 -1.24113093962 -0.25 h
 -100.151860413 -1.24113093962 0.25 h
 -99.7636713619 -0.466980269279 -0.25 h
 -99.7636713619 -0.466980269279 0.25 h
 -102.529290125 -2.03560558755 -0.25 h
 -102.529290125 -2.03560558755 0.25 h
 -101.664811504 -1.98386862109 -0.25 h
 -101.664811504 -1.98386862109 0.25 h
 -102.052245288 -2.7583975512 -0.25 h
 -102.052245288 -2.7583975512 0.25 h
 -103.984139153 -1.30786303193 -0.25 h
 -103.984139153 -1.30786303193 0.25 h
 -104.848617774 -1.35959999839 -0.25 h
 -104.848617774 -1.35959999839 0.25 h
 -104.461183991 -0.585071068278 -0.25 h
 -104.461183991 -0.585071068278 0.25 h
 -107.226894351 -2.15782558194 -0.25 h
 -107.226894351 -2.15782558194 0.25 h
 -106.362479204 -2.10503871896 -0.25 h
 -106.362479204 -2.10503871896 0.25 h
 -106.748972013 -2.88003762754 -0.25 h
 -106.748972013 -2.88003762754 0.25 h
 -108.680783935 -1.43276924475 -0.25 h
 -108.680783935 -1.43276924475 0.25 h
 -109.545199083 -1.48555610773 -0.25 h
 -109.545199083 -1.48555610773 0.25 h
 -109.158706273 -0.710557199152 -0.25 h
 -109.158706273 -0.710557199152 0.25 h
 -111.92464396 -2.28834145027 -0.25 h
 -111.92464396 -2.28834145027 0.25 h
 -111.060305686 -2.23431045266 -0.25 h
 -111.060305686 -2.23431045266 0.25 h
 -111.445682606 -3.00986485391 -0.25 h
 -111.445682606 -3.00986485391 0.25 h
 -113.376953833 -1.56668129943 -0.25 h
 -113.376953833 -1.56668129943 0.25 h
 -114.241292106 -1.62071229704 -0.25 h
 -114.241292106 -1.62071229704 0.25 h
 -113.855915186 -0.84515789579 -0.25 h
 -113.855915186 -0.84515789579 0.25 h
 -116.622771273 -2.42958502715 -0.25 h
 -116.622771273 -2.42958502715 0.25 h
 -115.758532507 -2.37398507368 -0.25 h
 -115.758532507 -2.37398507368 0.25 h
 -116.142500918 -3.15023777697 -0.25 h
 -116.142500918 -3.15023777697 0.25 h
 -118.072774356 -1.7123503207 -0.25 h
 -118.072774356 -1.7123503207 0.25 h
 -118.937013122 -1.76795027417 -0.25 h
 -118.937013122 -1.76795027417 0.25 h
 -118.553044711 -0.991697570883 -0.25 h
 -118.553044711 -0.991697570883 0.25 h
 -121.321678424 -2.58529011326 -0.25 h
 -121.321678424 -2.58529011326 0.25 h
 -120.457578123 -2.52757815215 -0.25 h
 -120.457578123 -2.52757815215 0.25 h
 -120.839648249 -3.30476694447 -0.25 h
 -120.839648249 -3.30476694447 0.25 h
 -122.767594985 -1.87446987479 -0.25 h
 -122.767594985 -1.87446987479 0.25 h
 -123.631695286 -1.93218183591 -0.25 h
 -123.631695286 -1.93218183591 0.25 h
 -123.24962516 -1.15499304359 -0.25 h
 -123.24962516 -1.15499304359 0.25 h
 -126.022542069 -2.7634165935 -0.25 h
 -126.022542069 -2.7634165935 0.25 h
 -125.158706572 -2.70186796315 -0.25 h
 -125.158706572 -2.70186796315 0.25 h
 -125.537321643 -3.48074576353 -0.25 h
 -125.537321643 -3.48074576353 0.25 h
 -127.460764176 -2.06429207757 -0.25 h
 -127.460764176 -2.06429207757 0.25 h
 -128.324599673 -2.12584070792 -0.25 h
 -128.324599673 -2.12584070792 0.25 h
 -127.945984602 -1.34696290754 -0.25 h
 -127.945984602 -1.34696290754 0.25 h
 -130.730226754 -2.98916365766 -0.25 h
 -130.730226754 -2.98916365766 0.25 h
 -129.867009599 -2.9194776157 -0.25 h
 -129.867009599 -2.9194776157 0.25 h
 -130.238268294 -3.70188862133 -0.25 h
 -130.238268294 -3.70188862133 0.25 h
 -132.145691929 -2.3175169792 -0.25 h
 -132.145691929 -2.3175169792 0.25 h
 -133.008909083 -2.38720302116 -0.25 h
 -133.008909083 -2.38720302116 0.25 h
 -132.637650389 -1.60479201553 -0.25 h
 -132.637650389 -1.60479201553 0.25 h
 79.2171415597 2.04333206895 -0.25 h
 79.2171415597 2.04333206895 0.25 h
 78.3528502525 1.98855491749 -0.25 h
 78.3528502525 1.98855491749 0.25 h
 78.7375575014 2.76444172152 -0.25 h
 78.7375575014 2.76444172152 0.25 h
 80.6700707136 1.32292752704 -0.25 h
 80.6700707136 1.32292752704 0.25 h
 81.5343620208 1.3777046785 -0.25 h
 81.5343620208 1.3777046785 0.25 h
 81.1496547719 0.601817874474 -0.25 h
 81.1496547719 0.601817874474 0.25 h
 83.9151208864 2.18869173727 -0.25 h
 83.9151208864 2.18869173727 0.25 h
 83.0509324371 2.13231510997 -0.25 h
 83.0509324371 2.13231510997 0.25 h
 83.4342030703 2.90891257437 -0.25 h
 83.4342030703 2.90891257437 0.25 h
 85.3657682749 1.47276029447 -0.25 h
 85.3657682749 1.47276029447 0.25 h
 86.2299567241 1.52913692177 -0.25 h
 86.2299567241 1.52913692177 0.25 h
 85.8466860909 0.752539457375 -0.25 h
 85.8466860909 0.752539457375 0.25 h
 88.613881854 2.34867610866 -0.25 h
 88.613881854 2.34867610866 0.25 h
 87.7498357381 2.29015850727 -0.25 h
 87.7498357381 2.29015850727 0.25 h
 88.1311810667 3.06770319434 -0.25 h
 88.1311810667 3.06770319434 0.25 h
 90.0604706568 1.63919935253 -0.25 h
 90.0604706568 1.63919935253 0.25 h
 90.9245167727 1.69771695392 -0.25 h
 90.9245167727 1.69771695392 0.25 h
 90.5431714441 0.920172266852 -0.25 h
 90.5431714441 0.920172266852 0.25 h
 93.3146021865 2.53122781433 -0.25 h
 93.3146021865 2.53122781433 0.25 h
 92.4508260856 2.46885115594 -0.25 h
 92.4508260856 2.46885115594 0.25 h
 92.8286943653 3.2480915317 -0.25 h
 92.8286943653 3.2480915317 0.25 h
 94.7535036688 1.83347748637 -0.25 h
 94.7535036688 1.83347748637 0.25 h
 95.6172797697 1.89585414475 -0.25 h
 95.6172797697 1.89585414475 0.25 h
 95.23941149 1.116613769 -0.25 h
 95.23941149 1.116613769 0.25 h
 98.0220646475 2.7615120509 -0.25 h
 98.0220646475 2.7615120509 0.25 h
 97.158915608 2.69098733419 -0.25 h
 97.158915608 2.69098733419 0.25 h
 97.5294139315 3.47375868797 -0.25 h
 97.5294139315 3.47375868797 0.25 h
 99.4381760325 2.09124366224 -0.25 h
 99.4381760325 2.09124366224 0.25 h
 100.301325072 2.16176837895 -0.25 h
 100.301325072 2.16176837895 0.25 h
 99.9308267485 1.37899702517 -0.25 h
 99.9308267485 1.37899702517 0.25 h
$end
