$coord
  -17.77510189790965     -0.54028796302633      0.00000000000000  c
  -17.58894767005274     -2.60563142992311      0.00000000000000  h
  -20.06731056049511      0.58933878298996      0.00000000000000  c
  -20.16411800895474      2.66347575474332      0.00000000000000  h
  -22.45396649168283     -0.73813947574285      0.00000000000000  c
  -22.38107065954562     -2.81327234156548      0.00000000000000  h
  -24.76245395332818      0.42381675059010      0.00000000000000  c
  -24.82484973636739      2.49990309318144      0.00000000000000  h
  -27.13812478874384     -0.87722588986673      0.00000000000000  c
  -29.45146013779168      0.29788071573014      0.00000000000000  c
  -27.08210955836881     -2.95281167421182      0.00000000000000  h
  -31.82255976899515     -0.99276185714924      0.00000000000000  c
  -29.50324482688011      2.37396399705063      0.00000000000000  h
  -34.13866738465093      0.18856455958877      0.00000000000000  c
  -31.77372844236183     -3.06862177072714      0.00000000000000  h
  -36.50731044011197     -1.09643642422128      0.00000000000000  c
  -34.18505451263793      2.26469647435309      0.00000000000000  h
  -38.82505447420014      0.08860737175891      0.00000000000000  c
  -36.46266092188038     -3.17243950014509      0.00000000000000  h
  -41.19219007636406     -1.19292964382250      0.00000000000000  c
  -38.86818806778665      2.16477624149188      0.00000000000000  h
  -43.51099582967707     -0.00548808225158      0.00000000000000  c
  -41.15016192671710     -3.26901328523585      0.00000000000000  h
  -45.87713227586870     -1.28477056858691      0.00000000000000  c
  -43.55202204016362      2.07070242549414      0.00000000000000  h
  -48.19665058604294     -0.09573659940440      0.00000000000000  c
  -45.83681894990441     -3.36090722269933      0.00000000000000  h
  -50.56214939370315     -1.37343549265409      0.00000000000000  c
  -48.23633260569822      1.98047707071140      0.00000000000000  h
  -52.88216966417481     -0.18322916888381      0.00000000000000  c
  -50.52300679821021     -3.44960925353498      0.00000000000000  h
  -55.24718110363607     -1.45984563477285      0.00000000000000  c
  -52.92087160990734      1.89299402635122      0.00000000000000  h
  -57.56754764524469     -0.26889103886260      0.00000000000000  c
  -55.20882108247506     -3.53603921317200      0.00000000000000  h
  -57.60560799122868      1.80733764206785      0.00000000000000  h
  -59.93220038623436     -1.54478849120134      0.00000000000000  c
  -59.89436988629915     -3.62099690998371      0.00000000000000  h
  -62.25283622306108     -0.35333198665649      0.00000000000000  c
  -62.29046847888266      1.72289946663553      0.00000000000000  h
  -64.61723693264258     -1.62876717773584      0.00000000000000  c
  -64.57975544052857     -3.70498639096842      0.00000000000000  h
  -66.93808192084418     -0.43698521981727      0.00000000000000  c
  -66.97542063417438      1.63924988236829      0.00000000000000  h
  -69.30232024249646     -1.71215524422117      0.00000000000000  c
  -71.62324774165799     -0.52019609664640      0.00000000000000  c
  -69.26502298165998     -3.78837828726734      0.00000000000000  h
  -73.98739127691165     -1.79520943913127      0.00000000000000  c
  -71.66037096236401      1.55603419336488      0.00000000000000  h
  -76.30836179972799     -0.60315329432374      0.00000000000000  c
  -73.95033094426678     -3.87143302510495      0.00000000000000  h
  -78.67250769695248     -1.87814836979041      0.00000000000000  c
  -76.34542884673040      1.47307307547672      0.00000000000000  h
  -78.63542304960534     -3.95437605009986      0.00000000000000  h
  -80.99344458533473     -0.68614529054236      0.00000000000000  c
  -81.03058075776372      1.39007715951238      0.00000000000000  h
  -83.35767489405713     -1.96126001638690      0.00000000000000  c
  -83.32046410718014     -4.03748751335382      0.00000000000000  h
  -85.67849441663149     -0.76941112229592      0.00000000000000  c
  -85.71580710575495      1.30680265953190      0.00000000000000  h
  -88.04289820177988     -2.04479562107214      0.00000000000000  c
  -88.00542456482734     -4.12102405278671      0.00000000000000  h
  -90.36350701155645     -0.85326325962622      0.00000000000000  c
  -92.72822270699261     -2.12904701443420      0.00000000000000  c
  -90.40124778139388      1.22294720318838      0.00000000000000  h
  -95.04853783465575     -0.93792298482957      0.00000000000000  c
  -92.69032476424476     -4.20527699471313      0.00000000000000  h
  -97.41364804836429     -2.21434503687773      0.00000000000000  c
  -95.08673460234790      1.13827481055646      0.00000000000000  h
  -99.73352469480362     -1.02391963803616      0.00000000000000  c
  -97.37513195564475     -4.29056713699841      0.00000000000000  h
  -99.77246620797369      1.05225691794892      0.00000000000000  h
 -102.09916970368526     -2.30132709126560      0.00000000000000  c
 -102.05975645015722     -4.37754088500173      0.00000000000000  h
 -104.41848868823716     -1.11193767495276      0.00000000000000  c
 -104.45853720300131      0.96420708790574      0.00000000000000  h
 -106.78486833614707     -2.39082448851555      0.00000000000000  c
 -106.74411398442211     -4.46702467457258      0.00000000000000  h
 -109.10344276425025     -1.20296557324573      0.00000000000000  c
 -109.14512887134421      0.87313158115523      0.00000000000000  h
 -111.47086510742739     -2.48406598221813      0.00000000000000  c
 -113.78834659862495     -1.29856449693497      0.00000000000000  c
 -111.42810399187942     -4.56024537477331      0.00000000000000  h
 -116.15725908154319     -2.58307621877783      0.00000000000000  c
 -113.83258564955294      0.77744983087363      0.00000000000000  h
 -118.47310063976286     -1.40123567095121      0.00000000000000  c
 -116.11133069559797     -4.65921589598210      0.00000000000000  h
 -120.84448576882137     -2.69132244546827      0.00000000000000  c
 -118.52147961862833      0.67463463099188      0.00000000000000  h
 -120.79320182536415     -4.76741480388218      0.00000000000000  h
 -123.15755865192467     -1.51566623328190      0.00000000000000  c
 -123.21313448703282      0.55993151729020      0.00000000000000  h
 -125.53349683013096     -2.81608839384477      0.00000000000000  c
 -125.47162331221237     -4.89219124151760      0.00000000000000  h
 -127.84170198715677     -1.65355322098067      0.00000000000000  c
 -127.91403901810851      0.42160777931662      0.00000000000000  h
 -130.22866313403870     -2.98035851833901      0.00000000000000  c
 -130.13230939046238     -5.05452358965828      0.00000000000000  h
 -132.52057918764822     -1.85013731109160      0.00000000000000  c
 -132.70593392413122      0.21527415079791      0.00000000000000  h
 -134.27146718023616     -2.95404430033898      0.00000000000000  h
  -16.02442878136355      0.56400119092523      0.00000000000000  h
$user-defined bonds
$redundant
     number_of_atoms           102
     degrees_of_freedom        201
     internal_coordinates      201
     frozen_coordinates          0
# definitions of redundant internals
   1 k  1.0000000000000 stre  68   71           val=   2.07658
   2 k  1.0000000000000 stre  63   64           val=   2.68691
   3 k  1.0000000000000 stre  41   39           val=   2.68647
   4 k  1.0000000000000 stre  16   19           val=   2.07648
   5 k  1.0000000000000 stre  22   25           val=   2.07660
   6 k  1.0000000000000 stre  32   35           val=   2.07655
   7 k  1.0000000000000 stre  34   36           val=   2.07658
   8 k  1.0000000000000 stre  45   47           val=   2.07656
   9 k  1.0000000000000 stre  48   51           val=   2.07655
  10 k  1.0000000000000 stre  50   53           val=   2.07656
  11 k  1.0000000000000 stre  52   54           val=   2.07656
  12 k  1.0000000000000 stre  59   60           val=   2.07655
  13 k  1.0000000000000 stre  61   62           val=   2.07657
  14 k  1.0000000000000 stre  63   65           val=   2.07655
  15 k  1.0000000000000 stre  64   67           val=   2.07658
  16 k  1.0000000000000 stre  66   69           val=   2.07655
  17 k  1.0000000000000 stre   1  102           val=   2.06986
  18 k  1.0000000000000 stre  70   72           val=   2.07654
  19 k  1.0000000000000 stre  75   76           val=   2.07653
  20 k  1.0000000000000 stre  79   80           val=   2.07652
  21 k  1.0000000000000 stre  88   90           val=   2.07673
  22 k  1.0000000000000 stre  91   92           val=   2.07634
  23 k  1.0000000000000 stre  93   94           val=   2.07702
  24 k  1.0000000000000 stre  95   96           val=   2.07642
  25 k  1.0000000000000 stre  97   98           val=   2.07640
  26 k  1.0000000000000 stre  99  101           val=   2.06984
  27 k  1.0000000000000 stre   3    1           val=   2.55544
  28 k  1.0000000000000 stre  97   99           val=   2.55544
  29 k  1.0000000000000 stre  95   97           val=   2.73093
  30 k  1.0000000000000 stre  93   95           val=   2.58443
  31 k  1.0000000000000 stre   9    7           val=   2.70860
  32 k  1.0000000000000 stre  91   93           val=   2.70854
  33 k  1.0000000000000 stre  10    9           val=   2.59469
  34 k  1.0000000000000 stre  12   10           val=   2.69961
  35 k  1.0000000000000 stre  84   86           val=   2.59997
  36 k  1.0000000000000 stre  18   16           val=   2.60313
  37 k  1.0000000000000 stre  81   82           val=   2.60310
  38 k  1.0000000000000 stre  20   18           val=   2.69178
  39 k  1.0000000000000 stre  79   81           val=   2.69182
  40 k  1.0000000000000 stre  22   20           val=   2.60516
  41 k  1.0000000000000 stre  24   22           val=   2.68983
  42 k  1.0000000000000 stre  75   77           val=   2.68985
  43 k  1.0000000000000 stre  73   75           val=   2.60651
  44 k  1.0000000000000 stre  28   26           val=   2.68851
  45 k  1.0000000000000 stre  30   28           val=   2.60751
  46 k  1.0000000000000 stre  32   30           val=   2.68757
  47 k  1.0000000000000 stre  66   68           val=   2.68756
  48 k  1.0000000000000 stre  64   66           val=   2.60819
  49 k  1.0000000000000 stre  37   34           val=   2.68691
  50 k  1.0000000000000 stre   7    8           val=   2.07702
  51 k  1.0000000000000 stre  39   37           val=   2.60862
  52 k  1.0000000000000 stre  10   13           val=   2.07673
  53 k  1.0000000000000 stre  59   61           val=   2.68645
  54 k  1.0000000000000 stre  45   43           val=   2.68620
  55 k  1.0000000000000 stre  55   57           val=   2.68617
  56 k  1.0000000000000 stre  46   45           val=   2.60911
  57 k  1.0000000000000 stre  48   46           val=   2.68604
  58 k  1.0000000000000 stre  50   52           val=   2.68604
  59 k  1.0000000000000 stre  48   50           val=   2.60920
  60 k  1.0000000000000 stre  28   31           val=   2.07654
  61 k  1.0000000000000 stre  88   91           val=   2.59470
  62 k  1.0000000000000 stre  30   33           val=   2.07658
  63 k  1.0000000000000 stre  86   88           val=   2.69959
  64 k  1.0000000000000 stre  14   12           val=   2.59998
  65 k  1.0000000000000 stre   9   11           val=   2.07634
  66 k  1.0000000000000 stre  16   14           val=   2.69475
  67 k  1.0000000000000 stre  82   84           val=   2.69476
  68 k  1.0000000000000 stre   3    4           val=   2.07639
  69 k  1.0000000000000 stre  73   74           val=   2.07659
  70 k  1.0000000000000 stre  37   38           val=   2.07655
  71 k  1.0000000000000 stre  77   78           val=   2.07660
  72 k  1.0000000000000 stre  39   40           val=   2.07657
  73 k  1.0000000000000 stre  77   79           val=   2.60515
  74 k  1.0000000000000 stre  81   83           val=   2.07662
  75 k  1.0000000000000 stre  82   85           val=   2.07649
  76 k  1.0000000000000 stre  26   24           val=   2.60652
  77 k  1.0000000000000 stre  84   87           val=   2.07665
  78 k  1.0000000000000 stre  86   89           val=   2.07643
  79 k  1.0000000000000 stre  70   73           val=   2.68850
  80 k  1.0000000000000 stre  41   42           val=   2.07656
  81 k  1.0000000000000 stre  68   70           val=   2.60748
  82 k  1.0000000000000 stre  43   44           val=   2.07657
  83 k  1.0000000000000 stre  14   17           val=   2.07665
  84 k  1.0000000000000 stre  34   32           val=   2.60816
  85 k  1.0000000000000 stre  46   49           val=   2.07656
  86 k  1.0000000000000 stre   5    6           val=   2.07641
  87 k  1.0000000000000 stre  99  100           val=   2.07371
  88 k  1.0000000000000 stre  18   21           val=   2.07662
  89 k  1.0000000000000 stre  61   63           val=   2.60863
  90 k  1.0000000000000 stre  20   23           val=   2.07651
  91 k  1.0000000000000 stre  55   56           val=   2.07655
  92 k  1.0000000000000 stre  43   41           val=   2.60896
  93 k  1.0000000000000 stre  57   59           val=   2.60897
  94 k  1.0000000000000 stre   5    3           val=   2.73099
  95 k  1.0000000000000 stre  57   58           val=   2.07656
  96 k  1.0000000000000 stre   7    5           val=   2.58443
  97 k  1.0000000000000 stre  52   55           val=   2.60914
  98 k  1.0000000000000 stre   1    2           val=   2.07372
  99 k  1.0000000000000 stre  24   27           val=   2.07653
 100 k  1.0000000000000 stre  26   29           val=   2.07659
 101 k  1.0000000000000 stre  12   15           val=   2.07643
 102 k -0.8164965809099 bend 101  100   99      val=   2.17300
        0.4082529677796 bend  97  100   99
        0.4082436131302 bend  97  101   99
 103 k  0.7071067811865 bend  10   11    9      val=   0.65680
       -0.7071067811865 bend   7   11    9
 104 k -0.7071067811865 bend  79   83   81      val=   0.51611
        0.7071067811865 bend  82   83   81
 105 k -0.7071067811865 bend  61   65   63      val=  -0.45705
        0.7071067811865 bend  64   65   63
 106 k -0.7071067811865 bend  24   29   26      val=  -0.47765
        0.7071067811865 bend  28   29   26
 107 k -0.7071067811865 bend  43   47   45      val=   0.45072
        0.7071067811865 bend  46   47   45
 108 k -0.7588196990446 bend 102    2    1      val=   2.15687
        0.6404548614579 bend   3    2    1
        0.1183648375867 bend   3  102    1
 109 k -0.7071067811865 bend  88   92   91      val=  -0.65851
        0.7071067811865 bend  93   92   91
 110 k -0.7071067811865 bend  70   74   73      val=   0.47818
        0.7071067811865 bend  75   74   73
 111 k -0.7071067811865 bend  52   56   55      val=  -0.44714
        0.7071067811865 bend  57   56   55
 112 k  0.7071067811865 bend  48   53   50      val=   0.44627
       -0.7071067811865 bend  52   53   50
 113 k  0.7071067811865 bend  84   89   86      val=   0.57973
       -0.7071067811865 bend  88   89   86
 114 k  0.7071067811865 bend  66   71   68      val=  -0.46729
       -0.7071067811865 bend  70   71   68
 115 k  0.7071067811865 bend  93   96   95      val=   0.82870
       -0.7071067811865 bend  97   96   95
 116 k  0.7071067811865 bend  75   78   77      val=  -0.49380
       -0.7071067811865 bend  79   78   77
 117 k  0.7071067811865 bend  57   60   59      val=   0.44944
       -0.7071067811865 bend  61   60   59
 118 k -0.7071067811865 bend  45   49   46      val=  -0.44690
        0.7071067811865 bend  48   49   46
 119 k  0.7071067811865 bend  63   67   64      val=  -0.45886
       -0.7071067811865 bend  66   67   64
 120 k  0.7071067811865 bend  81   85   82      val=   0.53262
       -0.7071067811865 bend  84   85   82
 121 k -0.7071067811865 bend  34   38   37      val=   0.45726
        0.7071067811865 bend  39   38   37
 122 k -0.7071067811865 bend  30   35   32      val=   0.46339
        0.7071067811865 bend  34   35   32
 123 k -0.7071067811865 bend  16   21   18      val=  -0.51505
        0.7071067811865 bend  20   21   18
 124 k  0.7071067811865 bend  45   44   43      val=  -0.45054
       -0.7071067811865 bend  41   44   43
 125 k -0.7071067811865 bend  12   17   14      val=  -0.55181
        0.7071067811865 bend  16   17   14
 126 k -0.7071067811865 bend   5    4    3      val=   1.24797
        0.7071067811865 bend   1    4    3
 127 k  0.7071067811865 bend   9    8    7      val=  -0.72675
       -0.7071067811865 bend   5    8    7
 128 k -0.7071067811865 bend  26   31   28      val=   0.47173
        0.7071067811865 bend  30   31   28
 129 k -0.7071067811865 bend   9   13   10      val=  -0.61326
        0.7071067811865 bend  12   13   10
 130 k -0.7071067811865 bend  20   25   22      val=  -0.49112
        0.7071067811865 bend  24   25   22
 131 k  0.7071067811865 bend  39   42   41      val=  -0.45282
       -0.7071067811865 bend  43   42   41
 132 k -0.7071067811865 bend  26   27   24      val=  -0.48349
        0.7071067811865 bend  22   27   24
 133 k  0.7071067811865 bend  63   62   61      val=   0.45184
       -0.7071067811865 bend  59   62   61
 134 k  0.7071067811865 bend  81   80   79      val=  -0.50411
       -0.7071067811865 bend  77   80   79
 135 k -0.7071067811865 bend   3    6    5      val=   0.82927
        0.7071067811865 bend   7    6    5
 136 k -0.7071067811865 bend  14   15   12      val=  -0.57921
        0.7071067811865 bend  10   15   12
 137 k -0.7071067811865 bend  41   40   39      val=   0.45484
        0.7071067811865 bend  37   40   39
 138 k -0.7071067811865 bend  22   23   20      val=  -0.50277
        0.7071067811865 bend  18   23   20
 139 k -0.7071067811865 bend  99   98   97      val=  -1.25058
        0.7071067811865 bend  95   98   97
 140 k  0.7071067811865 bend  18   19   16      val=   0.53221
       -0.7071067811865 bend  14   19   16
 141 k  0.7071067811865 bend  32   33   30      val=  -0.46723
       -0.7071067811865 bend  28   33   30
 142 k  0.7071067811865 bend  37   36   34      val=  -0.46004
       -0.7071067811865 bend  32   36   34
 143 k -0.7071067811865 bend  86   87   84      val=  -0.55146
        0.7071067811865 bend  82   87   84
 144 k  0.7071067811865 bend  68   69   66      val=  -0.46312
       -0.7071067811865 bend  64   69   66
 145 k  0.7071067811865 bend  59   58   57      val=   0.44827
       -0.7071067811865 bend  55   58   57
 146 k -0.7071067811865 bend  50   51   48      val=  -0.44590
        0.7071067811865 bend  46   51   48
 147 k -0.7071067811865 bend  95   94   93      val=  -0.72659
        0.7071067811865 bend  91   94   93
 148 k  0.7071067811865 bend  77   76   75      val=  -0.48560
       -0.7071067811865 bend  73   76   75
 149 k  0.7071067811865 bend  91   90   88      val=   0.61279
       -0.7071067811865 bend  86   90   88
 150 k -0.7071067811865 bend  55   54   52      val=  -0.44641
        0.7071067811865 bend  50   54   52
 151 k  0.7071067811865 bend  73   72   70      val=  -0.47252
       -0.7071067811865 bend  68   72   70
 152 k -0.0000054009093 bend 101  100   99      val=   0.07111
       -0.7071040807164 bend  97  100   99
        0.7071094816257 bend  97  101   99
 153 k -0.3014288158232 bend 102    2    1      val=   0.86956
       -0.5064427283530 bend   3    2    1
        0.8078715441763 bend   3  102    1
 154 k  1.0000000000000 bend  46   43   45      val= 124.47578
 155 k  1.0000000000000 bend  61   64   63      val= 124.47423
 156 k  1.0000000000000 bend  79   82   81      val= 124.48864
 157 k  1.0000000000000 bend  10    7    9      val= 124.36333
 158 k  1.0000000000000 bend  28   24   26      val= 124.48414
 159 k  1.0000000000000 bend  86   91   88      val= 124.51014
 160 k  1.0000000000000 bend  68   73   70      val= 124.46747
 161 k  1.0000000000000 bend  50   55   52      val= 124.47736
 162 k  1.0000000000000 bend  73   77   75      val= 124.46184
 163 k  1.0000000000000 bend  55   59   57      val= 124.47780
 164 k  1.0000000000000 bend  91   95   93      val= 124.57453
 165 k  1.0000000000000 bend  82   86   84      val= 124.49529
 166 k  1.0000000000000 bend  64   68   66      val= 124.47128
 167 k  1.0000000000000 bend  50   46   48      val= 124.47629
 168 k  1.0000000000000 bend  95   99   97      val= 124.68281
 169 k  1.0000000000000 bend  77   81   79      val= 124.45342
 170 k  1.0000000000000 bend  59   63   61      val= 124.47857
 171 k  1.0000000000000 bend  37   32   34      val= 124.48032
 172 k  1.0000000000000 bend  41   37   39      val= 124.47934
 173 k  1.0000000000000 bend  18   14   16      val= 124.43965
 174 k  1.0000000000000 bend  22   18   20      val= 124.45283
 175 k  1.0000000000000 bend  32   28   30      val= 124.48161
 176 k  1.0000000000000 bend   7    3    5      val= 124.19883
 177 k  1.0000000000000 bend  14   10   12      val= 124.41579
 178 k  1.0000000000000 bend  12    9   10      val= 124.51032
 179 k  1.0000000000000 bend   9    5    7      val= 124.57458
 180 k  1.0000000000000 bend  45   41   43      val= 124.47841
 181 k  1.0000000000000 bend  43   39   41      val= 124.47508
 182 k  1.0000000000000 bend  26   22   24      val= 124.46092
 183 k  1.0000000000000 bend  24   20   22      val= 124.48493
 184 k  1.0000000000000 bend   5    1    3      val= 124.68221
 185 k  1.0000000000000 bend  16   12   14      val= 124.49617
 186 k  1.0000000000000 bend  30   26   28      val= 124.46625
 187 k  1.0000000000000 bend  39   34   37      val= 124.47321
 188 k  1.0000000000000 bend  20   16   18      val= 124.48916
 189 k  1.0000000000000 bend  34   30   32      val= 124.47046
 190 k  1.0000000000000 bend  81   84   82      val= 124.43992
 191 k  1.0000000000000 bend  93   97   95      val= 124.20001
 192 k  1.0000000000000 bend  63   66   64      val= 124.47926
 193 k  1.0000000000000 bend  48   45   46      val= 124.47776
 194 k  1.0000000000000 bend  57   61   59      val= 124.47450
 195 k  1.0000000000000 bend  75   79   77      val= 124.48432
 196 k  1.0000000000000 bend  48   52   50      val= 124.47666
 197 k  1.0000000000000 bend  84   88   86      val= 124.41629
 198 k  1.0000000000000 bend  66   70   68      val= 124.48054
 199 k  1.0000000000000 bend  88   93   91      val= 124.36411
 200 k  1.0000000000000 bend  70   75   73      val= 124.48213
 201 k  1.0000000000000 bend  52   57   55      val= 124.47597
       201 non zero eigenvalues  of BmBt
           1           4.684261370    1    0
         1
           2           4.674173579    2    0
         2
           3           4.657382344    3    0
         3
           4           4.633918958    4    0
         4
           5           4.603812530    5    0
         5
           6           4.568095185    6    0
         6
           7           4.524425401    7    0
         7
           8           4.475065409    8    0
         8
           9           4.419590362    9    0
         9
          10           4.358145844   10    0
        10
          11           4.290485009   11    0
        11
          12           4.220177288   12    0
        12
          13           4.143055229   13    0
        13
          14           4.063911320   14    0
        14
          15           3.995963231   15    0
        15
          16           3.975011616   16    0
        16
          17           3.956436261   17    0
        17
          18           3.952658955   18    0
        18
          19           3.923204482   19    0
        19
          20           3.915118100   20    0
        20
          21           3.897010725   21    0
        21
          22           3.867110978   22    0
        22
          23           3.834237223   23    0
        23
          24           3.805621831   24    0
        24
          25           3.780901709   25    0
        25
          26           3.764968337   26    0
        26
          27           3.720925319   27    0
        27
          28           3.694132942   28    0
        28
          29           3.665629418   29    0
        29
          30           3.607999154   30    0
        30
          31           3.586957978   31    0
        31
          32           3.538709151   32    0
        32
          33           3.506982291   33    0
        33
          34           3.465505637   34    0
        34
          35           3.427622182   35    0
        35
          36           3.389988376   36    0
        36
          37           3.354730872   37    0
        37
          38           3.307995008   38    0
        38
          39           3.250921454   39    0
        39
          40           3.208237319   40    0
        40
          41           3.183086399   41    0
        41
          42           3.119732313   42    0
        42
          43           3.113899667   43    0
        43
          44           3.055432993   44    0
        44
          45           2.998159906   45    0
        45
          46           2.988984821   46    0
        46
          47           2.939320485   47    0
        47
          48           2.889642180   48    0
        48
          49           2.857311773   49    0
        49
          50           2.814375426   50    0
        50
          51           2.812558421   51    0
        51
          52           2.649945099   52    0
        52
          53           2.636682072   53    0
        53
          54           2.597101038   54    0
        54
          55           2.570347033   55    0
        55
          56           2.530083251   56    0
        56
          57           2.489669671   57    0
        57
          58           2.460799194   58    0
        58
          59           2.437419776   59    0
        59
          60           2.393033869   60    0
        60
          61           2.382759183   61    0
        61
          62           2.342737257   62    0
        62
          63           2.312946074   63    0
        63
          64           2.275157912   64    0
        64
          65           2.253822875   65    0
        65
          66           2.234893398   66    0
        66
          67           2.205068799   67    0
        67
          68           2.175805656   68    0
        68
          69           2.151318999   69    0
        69
          70           2.142168198   70    0
        70
          71           2.124546350   71    0
        71
          72           2.101321020   72    0
        72
          73           2.081719738   73    0
        73
          74           2.064351613   74    0
        74
          75           2.050306597   75    0
        75
          76           2.037842426   76    0
        76
          77           2.035087524   77    0
        77
          78           2.024027021   78    0
        78
          79           2.015780671   79    0
        79
          80           2.008684782   80    0
        80
          81           2.003921013   81    0
        81
          82           2.000985188   82    0
        82
          83           1.932468564   83    0
        83
          84           1.829578451   84    0
        84
          85           1.733969402   85    0
        85
          86           1.640179642   86    0
        86
          87           1.551879187   87    0
        87
          88           1.469338091   88    0
        88
          89           1.392958214   89    0
        89
          90           1.324514099   90    0
        90
          91           1.259880273   91    0
        91
          92           1.203525613   92    0
        92
          93           1.153978022   93    0
        93
          94           1.111115695   94    0
        94
          95           1.074720595   95    0
        95
          96           1.044613967   96    0
        96
          97           1.020371939   97    0
        97
          98           1.001822321   98    0
        98
          99           0.988731302   99    0
        99
         100           0.980938568  100    0
       100
         101           0.913962639  101    0
       101
         102           0.849994319  102    0
       102
         103           0.664178103  103    0
       103
         104           0.663430617  104    0
       104
         105           0.662168694  105    0
       105
         106           0.660425505  106    0
       106
         107           0.658409436  107    0
       107
         108           0.654607037  108    0
       108
         109           0.649999899  109    0
       109
         110           0.646443331  110    0
       110
         111           0.642234675  111    0
       111
         112           0.637559115  112    0
       112
         113           0.631537976  113    0
       113
         114           0.628147638  114    0
       114
         115           0.621677916  115    0
       115
         116           0.615681657  116    0
       116
         117           0.609472341  117    0
       117
         118           0.603243250  118    0
       118
         119           0.597092378  119    0
       119
         120           0.587949316  120    0
       120
         121           0.580827995  121    0
       121
         122           0.573368451  122    0
       122
         123           0.565917088  123    0
       123
         124           0.556425402  124    0
       124
         125           0.545029886  125    0
       125
         126           0.537692193  126    0
       126
         127           0.529133487  127    0
       127
         128           0.520282822  128    0
       128
         129           0.511833210  129    0
       129
         130           0.494630952  130    0
       130
         131           0.487432754  131    0
       131
         132           0.477875074  132    0
       132
         133           0.467668158  133    0
       133
         134           0.457180169  134    0
       134
         135           0.446804152  135    0
       135
         136           0.435310290  136    0
       136
         137           0.424537263  137    0
       137
         138           0.413702568  138    0
       138
         139           0.402941278  139    0
       139
         140           0.392344936  140    0
       140
         141           0.381958985  141    0
       141
         142           0.372004277  142    0
       142
         143           0.362681807  143    0
       143
         144           0.358526629  144    0
       144
         145           0.353000897  145    0
       145
         146           0.344781978  146    0
       146
         147           0.337193656  147    0
       147
         148           0.330588790  148    0
       148
         149           0.324923439  149    0
       149
         150           0.320388259  150    0
       150
         151           0.317073798  151    0
       151
         152           0.315053225  152    0
       152
         153           0.297655533  153    0
       153
         154           0.172523303  154    0
       154
         155           0.171370036  155    0
       155
         156           0.169073412  156    0
       156
         157           0.167530624  157    0
       157
         158           0.165264149  158    0
       158
         159           0.163817155  159    0
       159
         160           0.161392513  160    0
       160
         161           0.156508272  161    0
       161
         162           0.148896995  162    0
       162
         163           0.147027704  163    0
       163
         164           0.140746854  164    0
       164
         165           0.138670947  165    0
       165
         166           0.132366579  166    0
       166
         167           0.126865462  167    0
       167
         168           0.122169586  168    0
       168
         169           0.116433795  169    0
       169
         170           0.110937987  170    0
       170
         171           0.107238731  171    0
       171
         172           0.096040092  172    0
       172
         173           0.093889891  173    0
       173
         174           0.083809242  174    0
       174
         175           0.080555746  175    0
       175
         176           0.074241575  176    0
       176
         177           0.066025001  177    0
       177
         178           0.063980938  178    0
       178
         179           0.055694166  179    0
       179
         180           0.050097070  180    0
       180
         181           0.047308133  181    0
       181
         182           0.039336003  182    0
       182
         183           0.036166521  183    0
       183
         184           0.032072907  184    0
       184
         185           0.025656285  185    0
       185
         186           0.023915409  186    0
       186
         187           0.020033519  187    0
       187
         188           0.015408148  188    0
       188
         189           0.013815300  189    0
       189
         190           0.011090688  190    0
       190
         191           0.007827761  191    0
       191
         192           0.006345673  192    0
       192
         193           0.005225318  193    0
       193
         194           0.003335949  194    0
       194
         195           0.002085405  195    0
       195
         196           0.001539285  196    0
       196
         197           0.001022269  197    0
       197
         198           0.000485824  198    0
       198
         199           0.000184269  199    0
       199
         200           0.000049144  200    0
       200
         201           0.000006588  201    0
       201
$end
