$coord
  -17.96290073511957     -0.51834807105948      0.00000000000000  c
  -17.78877560909005     -2.58434227583618      0.00000000000000  h
  -20.23954198498222      0.61512378529470      0.00000000000000  c
  -20.33156507856966      2.68917415351659      0.00000000000000  h
  -22.62800839308828     -0.70467420229851      0.00000000000000  c
  -22.55881898197800     -2.77987500058492      0.00000000000000  h
  -24.91883572744134      0.45592262601145      0.00000000000000  c
  -24.97895217393780      2.53183444965563      0.00000000000000  h
  -27.29759793641015     -0.84107424655417      0.00000000000000  c
  -29.59219453436032      0.33018994428819      0.00000000000000  c
  -27.24259779726728     -2.91656385013580      0.00000000000000  h
  -31.96719976287426     -0.95867747927825      0.00000000000000  c
  -29.64400272957189      2.40603889698499      0.00000000000000  h
  -34.26385521025152      0.21717543633994      0.00000000000000  c
  -31.91761977780436     -3.03436616954459      0.00000000000000  h
  -36.63703907017451     -1.06751937263539      0.00000000000000  c
  -34.31167070556719      2.29305113514949      0.00000000000000  h
  -38.93479994561279      0.11089681842944      0.00000000000000  c
  -36.59041928638251     -3.14331149178721      0.00000000000000  h
  -41.30698233750547     -1.17137686866262      0.00000000000000  c
  -38.98040169593175      2.18679636806706      0.00000000000000  h
  -43.60535715311899      0.00865994938070      0.00000000000000  c
  -41.26211292823854     -3.24722736165564      0.00000000000000  h
  -45.97699268286353     -1.27201728656555      0.00000000000000  c
  -43.64953220611162      2.08457913437566      0.00000000000000  h
  -48.27566068791439     -0.09082281429344      0.00000000000000  c
  -45.93328230177870     -3.34790477218100      0.00000000000000  h
  -50.64710420565442     -1.37020353397665      0.00000000000000  c
  -48.31891150196115      1.98512038633709      0.00000000000000  h
  -52.94581255356702     -0.18801433954379      0.00000000000000  c
  -50.60431339081572     -3.44612761274560      0.00000000000000  h
  -55.31722389980344     -1.46639408495548      0.00000000000000  c
  -52.98819712044686      1.88794136870412      0.00000000000000  h
  -57.61589185038805     -0.28334086328048      0.00000000000000  c
  -55.27521068378861     -3.54233404160905      0.00000000000000  h
  -57.65752601142657      1.79262539149742      0.00000000000000  h
  -59.98741869738921     -1.56083109878435      0.00000000000000  c
  -59.94613329219262     -3.63678752756000      0.00000000000000  h
  -62.28592149461974     -0.37699255070769      0.00000000000000  c
  -62.32684716566548      1.69898561056685      0.00000000000000  h
  -64.65765596412629     -1.65366109856684      0.00000000000000  c
  -64.61707289084691     -3.72963404184693      0.00000000000000  h
  -66.95589070972679     -0.46908410505279      0.00000000000000  c
  -66.99610033390492      1.60690924997984      0.00000000000000  h
  -69.32791688565990     -1.74495792463173      0.00000000000000  c
  -71.62587796559741     -0.55965850160099      0.00000000000000  c
  -69.28798813726365     -3.82094502501374      0.00000000000000  h
  -73.99824962223158     -1.83479680236545      0.00000000000000  c
  -71.66537086526073      1.51633685883966      0.00000000000000  h
  -76.29580551755195     -0.64864668898826      0.00000000000000  c
  -73.95921524851413     -3.91078992619577      0.00000000000000  h
  -78.66866765195461     -1.92287794962532      0.00000000000000  c
  -76.33446775777496      1.42736205326703      0.00000000000000  h
  -78.63043231964174     -3.99888496005645      0.00000000000000  h
  -80.96572639149556     -0.73582219907061      0.00000000000000  c
  -81.00353771663187      1.34020151169174      0.00000000000000  h
  -83.33917401015675     -2.00908082153971      0.00000000000000  c
  -83.30180215927599     -4.08510368258663      0.00000000000000  h
  -85.63564628457478     -0.82103811537830      0.00000000000000  c
  -85.67255692455186      1.25500172291512      0.00000000000000  h
  -88.00976661166162     -2.09328966644299      0.00000000000000  c
  -87.97324374924639     -4.16933005078207      0.00000000000000  h
  -90.30557337079821     -0.90426201645304      0.00000000000000  c
  -92.68048195222549     -2.17544755821129      0.00000000000000  c
  -90.34174484680197      1.17180038915063      0.00000000000000  h
  -94.97552408466559     -0.98543831126006      0.00000000000000  c
  -92.64479373296076     -4.25151538714547      0.00000000000000  h
  -97.35126519475605     -2.25574931367030      0.00000000000000  c
  -95.01084340295112      1.09063574169047      0.00000000000000  h
  -99.64554744022725     -1.06492487271012      0.00000000000000  c
  -97.31630684030262     -4.33183043587993      0.00000000000000  h
  -99.68022761261253      1.01115473628206      0.00000000000000  h
 -102.02218965624191     -2.33461968247784      0.00000000000000  c
 -101.98774481421160     -4.41071548683937      0.00000000000000  h
 -104.31563523696592     -1.14328427937792      0.00000000000000  c
 -104.34996995583637      0.93279511998639      0.00000000000000  h
 -106.69326620668576     -2.41278170466163      0.00000000000000  c
 -106.65896994357756     -4.48889125251286      0.00000000000000  h
 -108.98575956974686     -1.22139225579063      0.00000000000000  c
 -109.02019764188789      0.85467806322499      0.00000000000000  h
 -111.36456574613700     -2.49133124058670      0.00000000000000  c
 -113.65597923363141     -1.30062492516048      0.00000000000000  c
 -111.32981753019902     -4.56745033729838      0.00000000000000  h
 -116.03623121853391     -2.57217565118722      0.00000000000000  c
 -113.69135171903265      0.77539763409035      0.00000000000000  h
 -118.32615589159087     -1.38326981262946      0.00000000000000  c
 -116.00009338240409     -4.64828749405882      0.00000000000000  h
 -120.70863075728504     -2.65828716415217      0.00000000000000  c
 -118.36380735177055      0.69267064953928      0.00000000000000  h
 -120.66907582632908     -4.73440159114687      0.00000000000000  h
 -122.99623706392025     -1.47344929654042      0.00000000000000  c
 -123.03890764289804      0.60231645714341      0.00000000000000  h
 -125.38268280822761     -2.75620351299709      0.00000000000000  c
 -125.33508574783758     -4.83243118038791      0.00000000000000  h
 -127.66641466422246     -1.58178042815784      0.00000000000000  c
 -127.72292505065833      0.49379888027413      0.00000000000000  h
 -130.06287160966093     -2.88694861104936      0.00000000000000  c
 -129.98337858613255     -4.96151093622276      0.00000000000000  h
 -132.33253034928205     -1.73950621236075      0.00000000000000  c
 -132.49358506587964      0.32752821119217      0.00000000000000  h
 -134.09338677328265     -2.82626083316861      0.00000000000000  h
  -16.20860188931534      0.57896628919586      0.00000000000000  h
$user-defined bonds
$redundant
     number_of_atoms           102
     degrees_of_freedom        201
     internal_coordinates      201
     frozen_coordinates          0
# definitions of redundant internals
   1 k  1.0000000000000 stre  68   71           val=   2.07638
   2 k  1.0000000000000 stre  63   64           val=   2.69372
   3 k  1.0000000000000 stre  41   39           val=   2.69351
   4 k  1.0000000000000 stre  16   19           val=   2.07632
   5 k  1.0000000000000 stre  22   25           val=   2.07639
   6 k  1.0000000000000 stre  32   35           val=   2.07637
   7 k  1.0000000000000 stre  34   36           val=   2.07638
   8 k  1.0000000000000 stre  45   47           val=   2.07637
   9 k  1.0000000000000 stre  48   51           val=   2.07636
  10 k  1.0000000000000 stre  50   53           val=   2.07637
  11 k  1.0000000000000 stre  52   54           val=   2.07636
  12 k  1.0000000000000 stre  59   60           val=   2.07637
  13 k  1.0000000000000 stre  61   62           val=   2.07636
  14 k  1.0000000000000 stre  63   65           val=   2.07638
  15 k  1.0000000000000 stre  64   67           val=   2.07637
  16 k  1.0000000000000 stre  66   69           val=   2.07637
  17 k  1.0000000000000 stre   1  102           val=   2.06922
  18 k  1.0000000000000 stre  70   72           val=   2.07637
  19 k  1.0000000000000 stre  75   76           val=   2.07636
  20 k  1.0000000000000 stre  79   80           val=   2.07636
  21 k  1.0000000000000 stre  88   90           val=   2.07649
  22 k  1.0000000000000 stre  91   92           val=   2.07620
  23 k  1.0000000000000 stre  93   94           val=   2.07677
  24 k  1.0000000000000 stre  95   96           val=   2.07635
  25 k  1.0000000000000 stre  97   98           val=   2.07608
  26 k  1.0000000000000 stre  99  101           val=   2.06922
  27 k  1.0000000000000 stre   3    1           val=   2.54320
  28 k  1.0000000000000 stre  97   99           val=   2.54322
  29 k  1.0000000000000 stre  95   97           val=   2.72882
  30 k  1.0000000000000 stre  93   95           val=   2.56801
  31 k  1.0000000000000 stre   9    7           val=   2.70937
  32 k  1.0000000000000 stre  91   93           val=   2.70935
  33 k  1.0000000000000 stre  10    9           val=   2.57624
  34 k  1.0000000000000 stre  12   10           val=   2.70219
  35 k  1.0000000000000 stre  84   86           val=   2.58017
  36 k  1.0000000000000 stre  18   16           val=   2.58232
  37 k  1.0000000000000 stre  81   82           val=   2.58232
  38 k  1.0000000000000 stre  20   18           val=   2.69657
  39 k  1.0000000000000 stre  79   81           val=   2.69657
  40 k  1.0000000000000 stre  22   20           val=   2.58360
  41 k  1.0000000000000 stre  24   22           val=   2.69533
  42 k  1.0000000000000 stre  75   77           val=   2.69532
  43 k  1.0000000000000 stre  73   75           val=   2.58441
  44 k  1.0000000000000 stre  28   26           val=   2.69454
  45 k  1.0000000000000 stre  30   28           val=   2.58489
  46 k  1.0000000000000 stre  32   30           val=   2.69404
  47 k  1.0000000000000 stre  66   68           val=   2.69404
  48 k  1.0000000000000 stre  64   66           val=   2.58522
  49 k  1.0000000000000 stre  37   34           val=   2.69372
  50 k  1.0000000000000 stre   7    8           val=   2.07678
  51 k  1.0000000000000 stre  39   37           val=   2.58546
  52 k  1.0000000000000 stre  10   13           val=   2.07650
  53 k  1.0000000000000 stre  59   61           val=   2.69352
  54 k  1.0000000000000 stre  45   43           val=   2.69339
  55 k  1.0000000000000 stre  55   57           val=   2.69341
  56 k  1.0000000000000 stre  46   45           val=   2.58564
  57 k  1.0000000000000 stre  48   46           val=   2.69335
  58 k  1.0000000000000 stre  50   52           val=   2.69335
  59 k  1.0000000000000 stre  48   50           val=   2.58567
  60 k  1.0000000000000 stre  28   31           val=   2.07637
  61 k  1.0000000000000 stre  88   91           val=   2.57623
  62 k  1.0000000000000 stre  30   33           val=   2.07639
  63 k  1.0000000000000 stre  86   88           val=   2.70219
  64 k  1.0000000000000 stre  14   12           val=   2.58017
  65 k  1.0000000000000 stre   9   11           val=   2.07622
  66 k  1.0000000000000 stre  16   14           val=   2.69860
  67 k  1.0000000000000 stre  82   84           val=   2.69860
  68 k  1.0000000000000 stre   3    4           val=   2.07609
  69 k  1.0000000000000 stre  73   74           val=   2.07638
  70 k  1.0000000000000 stre  37   38           val=   2.07637
  71 k  1.0000000000000 stre  77   78           val=   2.07639
  72 k  1.0000000000000 stre  39   40           val=   2.07638
  73 k  1.0000000000000 stre  77   79           val=   2.58359
  74 k  1.0000000000000 stre  81   83           val=   2.07641
  75 k  1.0000000000000 stre  82   85           val=   2.07632
  76 k  1.0000000000000 stre  26   24           val=   2.58439
  77 k  1.0000000000000 stre  84   87           val=   2.07643
  78 k  1.0000000000000 stre  86   89           val=   2.07628
  79 k  1.0000000000000 stre  70   73           val=   2.69454
  80 k  1.0000000000000 stre  41   42           val=   2.07637
  81 k  1.0000000000000 stre  68   70           val=   2.58492
  82 k  1.0000000000000 stre  43   44           val=   2.07638
  83 k  1.0000000000000 stre  14   17           val=   2.07643
  84 k  1.0000000000000 stre  34   32           val=   2.58524
  85 k  1.0000000000000 stre  46   49           val=   2.07637
  86 k  1.0000000000000 stre   5    6           val=   2.07635
  87 k  1.0000000000000 stre  99  100           val=   2.07330
  88 k  1.0000000000000 stre  18   21           val=   2.07640
  89 k  1.0000000000000 stre  61   63           val=   2.58544
  90 k  1.0000000000000 stre  20   23           val=   2.07634
  91 k  1.0000000000000 stre  55   56           val=   2.07637
  92 k  1.0000000000000 stre  43   41           val=   2.58556
  93 k  1.0000000000000 stre  57   59           val=   2.58558
  94 k  1.0000000000000 stre   5    3           val=   2.72885
  95 k  1.0000000000000 stre  57   58           val=   2.07636
  96 k  1.0000000000000 stre   7    5           val=   2.56805
  97 k  1.0000000000000 stre  52   55           val=   2.58565
  98 k  1.0000000000000 stre   1    2           val=   2.07332
  99 k  1.0000000000000 stre  24   27           val=   2.07635
 100 k  1.0000000000000 stre  26   29           val=   2.07639
 101 k  1.0000000000000 stre  12   15           val=   2.07628
 102 k -0.8164965809099 bend 101  100   99      val=   2.08008
        0.4082529677796 bend  97  100   99
        0.4082436131302 bend  97  101   99
 103 k  0.7071067811865 bend  10   11    9      val=   0.73837
       -0.7071067811865 bend   7   11    9
 104 k -0.7071067811865 bend  79   83   81      val=   0.64005
        0.7071067811865 bend  82   83   81
 105 k -0.7071067811865 bend  61   65   63      val=  -0.60917
        0.7071067811865 bend  64   65   63
 106 k -0.7071067811865 bend  24   29   26      val=  -0.61865
        0.7071067811865 bend  28   29   26
 107 k -0.7071067811865 bend  43   47   45      val=   0.60678
        0.7071067811865 bend  46   47   45
 108 k -0.7588196990446 bend 102    2    1      val=   2.05556
        0.6404548614579 bend   3    2    1
        0.1183648375867 bend   3  102    1
 109 k -0.7071067811865 bend  88   92   91      val=  -0.73893
        0.7071067811865 bend  93   92   91
 110 k -0.7071067811865 bend  70   74   73      val=   0.61894
        0.7071067811865 bend  75   74   73
 111 k -0.7071067811865 bend  52   56   55      val=  -0.60188
        0.7071067811865 bend  57   56   55
 112 k  0.7071067811865 bend  48   53   50      val=   0.60186
       -0.7071067811865 bend  52   53   50
 113 k  0.7071067811865 bend  84   89   86      val=   0.68094
       -0.7071067811865 bend  88   89   86
 114 k  0.7071067811865 bend  66   71   68      val=  -0.61352
       -0.7071067811865 bend  70   71   68
 115 k  0.7071067811865 bend  93   96   95      val=   0.88007
       -0.7071067811865 bend  97   96   95
 116 k  0.7071067811865 bend  75   78   77      val=  -0.62704
       -0.7071067811865 bend  79   78   77
 117 k  0.7071067811865 bend  57   60   59      val=   0.60254
       -0.7071067811865 bend  61   60   59
 118 k -0.7071067811865 bend  45   49   46      val=  -0.60338
        0.7071067811865 bend  48   49   46
 119 k  0.7071067811865 bend  63   67   64      val=  -0.60939
       -0.7071067811865 bend  66   67   64
 120 k  0.7071067811865 bend  81   85   82      val=   0.64945
       -0.7071067811865 bend  84   85   82
 121 k -0.7071067811865 bend  34   38   37      val=   0.60943
        0.7071067811865 bend  39   38   37
 122 k -0.7071067811865 bend  30   35   32      val=   0.61204
        0.7071067811865 bend  34   35   32
 123 k -0.7071067811865 bend  16   21   18      val=  -0.63740
        0.7071067811865 bend  20   21   18
 124 k  0.7071067811865 bend  45   44   43      val=  -0.60602
       -0.7071067811865 bend  41   44   43
 125 k -0.7071067811865 bend  12   17   14      val=  -0.66121
        0.7071067811865 bend  16   17   14
 126 k -0.7071067811865 bend   5    4    3      val=   1.31226
        0.7071067811865 bend   1    4    3
 127 k  0.7071067811865 bend   9    8    7      val=  -0.79229
       -0.7071067811865 bend   5    8    7
 128 k -0.7071067811865 bend  26   31   28      val=   0.61558
        0.7071067811865 bend  30   31   28
 129 k -0.7071067811865 bend   9   13   10      val=  -0.70667
        0.7071067811865 bend  12   13   10
 130 k -0.7071067811865 bend  20   25   22      val=  -0.62308
        0.7071067811865 bend  24   25   22
 131 k  0.7071067811865 bend  39   42   41      val=  -0.60742
       -0.7071067811865 bend  43   42   41
 132 k -0.7071067811865 bend  26   27   24      val=  -0.62021
        0.7071067811865 bend  22   27   24
 133 k  0.7071067811865 bend  63   62   61      val=   0.60493
       -0.7071067811865 bend  59   62   61
 134 k  0.7071067811865 bend  81   80   79      val=  -0.63271
       -0.7071067811865 bend  77   80   79
 135 k -0.7071067811865 bend   3    6    5      val=   0.88173
        0.7071067811865 bend   7    6    5
 136 k -0.7071067811865 bend  14   15   12      val=  -0.68029
        0.7071067811865 bend  10   15   12
 137 k -0.7071067811865 bend  41   40   39      val=   0.60824
        0.7071067811865 bend  37   40   39
 138 k -0.7071067811865 bend  22   23   20      val=  -0.63011
        0.7071067811865 bend  18   23   20
 139 k -0.7071067811865 bend  99   98   97      val=  -1.31710
        0.7071067811865 bend  95   98   97
 140 k  0.7071067811865 bend  18   19   16      val=   0.64800
       -0.7071067811865 bend  14   19   16
 141 k  0.7071067811865 bend  32   33   30      val=  -0.61356
       -0.7071067811865 bend  28   33   30
 142 k  0.7071067811865 bend  37   36   34      val=  -0.61048
       -0.7071067811865 bend  32   36   34
 143 k -0.7071067811865 bend  86   87   84      val=  -0.66041
        0.7071067811865 bend  82   87   84
 144 k  0.7071067811865 bend  68   69   66      val=  -0.61159
       -0.7071067811865 bend  64   69   66
 145 k  0.7071067811865 bend  59   58   57      val=   0.60245
       -0.7071067811865 bend  55   58   57
 146 k -0.7071067811865 bend  50   51   48      val=  -0.60117
        0.7071067811865 bend  46   51   48
 147 k -0.7071067811865 bend  95   94   93      val=  -0.79126
        0.7071067811865 bend  91   94   93
 148 k  0.7071067811865 bend  77   76   75      val=  -0.62271
       -0.7071067811865 bend  73   76   75
 149 k  0.7071067811865 bend  91   90   88      val=   0.70510
       -0.7071067811865 bend  86   90   88
 150 k -0.7071067811865 bend  55   54   52      val=  -0.60153
        0.7071067811865 bend  50   54   52
 151 k  0.7071067811865 bend  73   72   70      val=  -0.61614
       -0.7071067811865 bend  68   72   70
 152 k -0.0000054009093 bend 101  100   99      val=   0.11228
       -0.7071040807164 bend  97  100   99
        0.7071094816257 bend  97  101   99
 153 k -0.3014288158232 bend 102    2    1      val=   0.87137
       -0.5064427283530 bend   3    2    1
        0.8078715441763 bend   3  102    1
 154 k  1.0000000000000 bend  46   43   45      val= 124.44002
 155 k  1.0000000000000 bend  61   64   63      val= 124.46157
 156 k  1.0000000000000 bend  79   82   81      val= 124.44610
 157 k  1.0000000000000 bend  10    7    9      val= 124.35722
 158 k  1.0000000000000 bend  28   24   26      val= 124.45655
 159 k  1.0000000000000 bend  86   91   88      val= 124.46452
 160 k  1.0000000000000 bend  68   73   70      val= 124.45601
 161 k  1.0000000000000 bend  50   55   52      val= 124.43546
 162 k  1.0000000000000 bend  73   77   75      val= 124.45102
 163 k  1.0000000000000 bend  55   59   57      val= 124.43419
 164 k  1.0000000000000 bend  91   95   93      val= 124.52646
 165 k  1.0000000000000 bend  82   86   84      val= 124.45061
 166 k  1.0000000000000 bend  64   68   66      val= 124.45921
 167 k  1.0000000000000 bend  50   46   48      val= 124.43641
 168 k  1.0000000000000 bend  95   99   97      val= 124.60701
 169 k  1.0000000000000 bend  77   81   79      val= 124.44370
 170 k  1.0000000000000 bend  59   63   61      val= 124.43367
 171 k  1.0000000000000 bend  37   32   34      val= 124.45614
 172 k  1.0000000000000 bend  41   37   39      val= 124.45647
 173 k  1.0000000000000 bend  18   14   16      val= 124.42042
 174 k  1.0000000000000 bend  22   18   20      val= 124.42976
 175 k  1.0000000000000 bend  32   28   30      val= 124.45575
 176 k  1.0000000000000 bend   7    3    5      val= 124.20818
 177 k  1.0000000000000 bend  14   10   12      val= 124.40045
 178 k  1.0000000000000 bend  12    9   10      val= 124.47042
 179 k  1.0000000000000 bend   9    5    7      val= 124.53096
 180 k  1.0000000000000 bend  45   41   43      val= 124.45703
 181 k  1.0000000000000 bend  43   39   41      val= 124.43920
 182 k  1.0000000000000 bend  26   22   24      val= 124.43423
 183 k  1.0000000000000 bend  24   20   22      val= 124.45409
 184 k  1.0000000000000 bend   5    1    3      val= 124.60887
 185 k  1.0000000000000 bend  16   12   14      val= 124.45987
 186 k  1.0000000000000 bend  30   26   28      val= 124.43734
 187 k  1.0000000000000 bend  39   34   37      val= 124.43899
 188 k  1.0000000000000 bend  20   16   18      val= 124.45553
 189 k  1.0000000000000 bend  34   30   32      val= 124.43832
 190 k  1.0000000000000 bend  81   84   82      val= 124.43037
 191 k  1.0000000000000 bend  93   97   95      val= 124.21145
 192 k  1.0000000000000 bend  63   66   64      val= 124.43446
 193 k  1.0000000000000 bend  48   45   46      val= 124.45728
 194 k  1.0000000000000 bend  57   61   59      val= 124.45983
 195 k  1.0000000000000 bend  75   79   77      val= 124.44022
 196 k  1.0000000000000 bend  48   52   50      val= 124.45835
 197 k  1.0000000000000 bend  84   88   86      val= 124.40798
 198 k  1.0000000000000 bend  66   70   68      val= 124.43542
 199 k  1.0000000000000 bend  88   93   91      val= 124.35988
 200 k  1.0000000000000 bend  70   75   73      val= 124.43741
 201 k  1.0000000000000 bend  52   57   55      val= 124.45959
       201 non zero eigenvalues  of BmBt
           1           4.684261370    1    0
         1
           2           4.674173579    2    0
         2
           3           4.657382344    3    0
         3
           4           4.633918958    4    0
         4
           5           4.603812530    5    0
         5
           6           4.568095185    6    0
         6
           7           4.524425401    7    0
         7
           8           4.475065409    8    0
         8
           9           4.419590362    9    0
         9
          10           4.358145844   10    0
        10
          11           4.290485009   11    0
        11
          12           4.220177288   12    0
        12
          13           4.143055229   13    0
        13
          14           4.063911320   14    0
        14
          15           3.995963231   15    0
        15
          16           3.975011616   16    0
        16
          17           3.956436261   17    0
        17
          18           3.952658955   18    0
        18
          19           3.923204482   19    0
        19
          20           3.915118100   20    0
        20
          21           3.897010725   21    0
        21
          22           3.867110978   22    0
        22
          23           3.834237223   23    0
        23
          24           3.805621831   24    0
        24
          25           3.780901709   25    0
        25
          26           3.764968337   26    0
        26
          27           3.720925319   27    0
        27
          28           3.694132942   28    0
        28
          29           3.665629418   29    0
        29
          30           3.607999154   30    0
        30
          31           3.586957978   31    0
        31
          32           3.538709151   32    0
        32
          33           3.506982291   33    0
        33
          34           3.465505637   34    0
        34
          35           3.427622182   35    0
        35
          36           3.389988376   36    0
        36
          37           3.354730872   37    0
        37
          38           3.307995008   38    0
        38
          39           3.250921454   39    0
        39
          40           3.208237319   40    0
        40
          41           3.183086399   41    0
        41
          42           3.119732313   42    0
        42
          43           3.113899667   43    0
        43
          44           3.055432993   44    0
        44
          45           2.998159906   45    0
        45
          46           2.988984821   46    0
        46
          47           2.939320485   47    0
        47
          48           2.889642180   48    0
        48
          49           2.857311773   49    0
        49
          50           2.814375426   50    0
        50
          51           2.812558421   51    0
        51
          52           2.649945099   52    0
        52
          53           2.636682072   53    0
        53
          54           2.597101038   54    0
        54
          55           2.570347033   55    0
        55
          56           2.530083251   56    0
        56
          57           2.489669671   57    0
        57
          58           2.460799194   58    0
        58
          59           2.437419776   59    0
        59
          60           2.393033869   60    0
        60
          61           2.382759183   61    0
        61
          62           2.342737257   62    0
        62
          63           2.312946074   63    0
        63
          64           2.275157912   64    0
        64
          65           2.253822875   65    0
        65
          66           2.234893398   66    0
        66
          67           2.205068799   67    0
        67
          68           2.175805656   68    0
        68
          69           2.151318999   69    0
        69
          70           2.142168198   70    0
        70
          71           2.124546350   71    0
        71
          72           2.101321020   72    0
        72
          73           2.081719738   73    0
        73
          74           2.064351613   74    0
        74
          75           2.050306597   75    0
        75
          76           2.037842426   76    0
        76
          77           2.035087524   77    0
        77
          78           2.024027021   78    0
        78
          79           2.015780671   79    0
        79
          80           2.008684782   80    0
        80
          81           2.003921013   81    0
        81
          82           2.000985188   82    0
        82
          83           1.932468564   83    0
        83
          84           1.829578451   84    0
        84
          85           1.733969402   85    0
        85
          86           1.640179642   86    0
        86
          87           1.551879187   87    0
        87
          88           1.469338091   88    0
        88
          89           1.392958214   89    0
        89
          90           1.324514099   90    0
        90
          91           1.259880273   91    0
        91
          92           1.203525613   92    0
        92
          93           1.153978022   93    0
        93
          94           1.111115695   94    0
        94
          95           1.074720595   95    0
        95
          96           1.044613967   96    0
        96
          97           1.020371939   97    0
        97
          98           1.001822321   98    0
        98
          99           0.988731302   99    0
        99
         100           0.980938568  100    0
       100
         101           0.913962639  101    0
       101
         102           0.849994319  102    0
       102
         103           0.664178103  103    0
       103
         104           0.663430617  104    0
       104
         105           0.662168694  105    0
       105
         106           0.660425505  106    0
       106
         107           0.658409436  107    0
       107
         108           0.654607037  108    0
       108
         109           0.649999899  109    0
       109
         110           0.646443331  110    0
       110
         111           0.642234675  111    0
       111
         112           0.637559115  112    0
       112
         113           0.631537976  113    0
       113
         114           0.628147638  114    0
       114
         115           0.621677916  115    0
       115
         116           0.615681657  116    0
       116
         117           0.609472341  117    0
       117
         118           0.603243250  118    0
       118
         119           0.597092378  119    0
       119
         120           0.587949316  120    0
       120
         121           0.580827995  121    0
       121
         122           0.573368451  122    0
       122
         123           0.565917088  123    0
       123
         124           0.556425402  124    0
       124
         125           0.545029886  125    0
       125
         126           0.537692193  126    0
       126
         127           0.529133487  127    0
       127
         128           0.520282822  128    0
       128
         129           0.511833210  129    0
       129
         130           0.494630952  130    0
       130
         131           0.487432754  131    0
       131
         132           0.477875074  132    0
       132
         133           0.467668158  133    0
       133
         134           0.457180169  134    0
       134
         135           0.446804152  135    0
       135
         136           0.435310290  136    0
       136
         137           0.424537263  137    0
       137
         138           0.413702568  138    0
       138
         139           0.402941278  139    0
       139
         140           0.392344936  140    0
       140
         141           0.381958985  141    0
       141
         142           0.372004277  142    0
       142
         143           0.362681807  143    0
       143
         144           0.358526629  144    0
       144
         145           0.353000897  145    0
       145
         146           0.344781978  146    0
       146
         147           0.337193656  147    0
       147
         148           0.330588790  148    0
       148
         149           0.324923439  149    0
       149
         150           0.320388259  150    0
       150
         151           0.317073798  151    0
       151
         152           0.315053225  152    0
       152
         153           0.297655533  153    0
       153
         154           0.172523303  154    0
       154
         155           0.171370036  155    0
       155
         156           0.169073412  156    0
       156
         157           0.167530624  157    0
       157
         158           0.165264149  158    0
       158
         159           0.163817155  159    0
       159
         160           0.161392513  160    0
       160
         161           0.156508272  161    0
       161
         162           0.148896995  162    0
       162
         163           0.147027704  163    0
       163
         164           0.140746854  164    0
       164
         165           0.138670947  165    0
       165
         166           0.132366579  166    0
       166
         167           0.126865462  167    0
       167
         168           0.122169586  168    0
       168
         169           0.116433795  169    0
       169
         170           0.110937987  170    0
       170
         171           0.107238731  171    0
       171
         172           0.096040092  172    0
       172
         173           0.093889891  173    0
       173
         174           0.083809242  174    0
       174
         175           0.080555746  175    0
       175
         176           0.074241575  176    0
       176
         177           0.066025001  177    0
       177
         178           0.063980938  178    0
       178
         179           0.055694166  179    0
       179
         180           0.050097070  180    0
       180
         181           0.047308133  181    0
       181
         182           0.039336003  182    0
       182
         183           0.036166521  183    0
       183
         184           0.032072907  184    0
       184
         185           0.025656285  185    0
       185
         186           0.023915409  186    0
       186
         187           0.020033519  187    0
       187
         188           0.015408148  188    0
       188
         189           0.013815300  189    0
       189
         190           0.011090688  190    0
       190
         191           0.007827761  191    0
       191
         192           0.006345673  192    0
       192
         193           0.005225318  193    0
       193
         194           0.003335949  194    0
       194
         195           0.002085405  195    0
       195
         196           0.001539285  196    0
       196
         197           0.001022269  197    0
       197
         198           0.000485824  198    0
       198
         199           0.000184269  199    0
       199
         200           0.000049144  200    0
       200
         201           0.000006588  201    0
       201
$end
