$coord
   -3.27243598438843     -3.46971766034749      0.00000000000000  c
   -0.69846662469614     -3.46481940251692      0.00000000000000  c
    0.67445387025076     -1.15183102399438      0.00000000000000  c
   -0.67444395970301      1.15181402086389      0.00000000000000  c
   -3.36340860334240      1.08637929218535      0.00000000000000  c
   -4.62726557452628     -1.15594199116132      0.00000000000000  c
    4.39442230258450     -2.85410512274625      0.00000000000000  h
   -4.29807291408009     -5.24001843423377      0.00000000000000  h
    0.33862350693220     -5.22898202634304      0.00000000000000  h
    3.36341974847544     -1.08637857927615      0.00000000000000  c
    0.69846052629825      3.46480991116347      0.00000000000000  c
   -4.39440177047556      2.85411197348833      0.00000000000000  h
   -6.67302025594541     -1.18408234479107      0.00000000000000  h
    3.27242850698168      3.46971941598295      0.00000000000000  c
    4.62726768810173      1.15594940483943      0.00000000000000  c
   -0.33863929516694      5.22896748844541      0.00000000000000  h
    4.29805648353873      5.24002523224082      0.00000000000000  h
    6.67302234916103      1.18409984620074      0.00000000000000  h
$user-defined bonds
$redundant
     number_of_atoms            18
     degrees_of_freedom         33
     internal_coordinates       33
     frozen_coordinates          0
# definitions of redundant internals
   1 k  1.0000000000000 stre  10    7           val=   2.04642
   2 k  1.0000000000000 stre   1    8           val=   2.04595
   3 k  1.0000000000000 stre   2    9           val=   2.04642
   4 k  1.0000000000000 stre   5   12           val=   2.04642
   5 k  1.0000000000000 stre  11   16           val=   2.04642
   6 k  1.0000000000000 stre  15   18           val=   2.04595
   7 k  1.0000000000000 stre  10   15           val=   2.57397
   8 k  1.0000000000000 stre  15   14           val=   2.68125
   9 k  1.0000000000000 stre  14   11           val=   2.57397
  10 k  1.0000000000000 stre  11    4           val=   2.68976
  11 k  1.0000000000000 stre   2    1           val=   2.57397
  12 k  1.0000000000000 stre   5    4           val=   2.68976
  13 k  1.0000000000000 stre   3    4           val=   2.66951
  14 k  1.0000000000000 stre   3    2           val=   2.68976
  15 k  1.0000000000000 stre   6   13           val=   2.04595
  16 k  1.0000000000000 stre   1    6           val=   2.68125
  17 k  1.0000000000000 stre   6    5           val=   2.57397
  18 k  1.0000000000000 stre   3   10           val=   2.68976
  19 k  1.0000000000000 stre  14   17           val=   2.04595
  20 k -0.4082482904639 bend   4    2    3      val=  -0.00004
        0.4082482904639 bend   3    1    2
       -0.4082482904639 bend   2    6    1
        0.4082482904639 bend   1    5    6
       -0.4082482904639 bend   6    4    5
        0.4082482904639 bend   5    3    4
  21 k -0.4082482904639 bend   4   10    3      val=   0.00020
        0.4082482904639 bend   3   15   10
       -0.4082482904639 bend  10   14   15
        0.4082482904639 bend  15   11   14
       -0.4082482904639 bend  14    4   11
        0.4082482904639 bend  11    3    4
  22 k  0.7071067811865 bend  10   18   15      val=   0.31621
       -0.7071067811865 bend  14   18   15
  23 k  0.7071067811865 bend   5   13    6      val=   0.31617
       -0.7071067811865 bend   1   13    6
  24 k  0.7071067811865 bend   2    8    1      val=   0.31623
       -0.7071067811865 bend   6    8    1
  25 k  0.7071067811865 bend  11   17   14      val=   0.31619
       -0.7071067811865 bend  15   17   14
  26 k  0.7071067811865 bend  14   16   11      val=   0.74132
       -0.7071067811865 bend   4   16   11
  27 k  0.7071067811865 bend   1    9    2      val=   0.74133
       -0.7071067811865 bend   3    9    2
  28 k  0.7071067811865 bend   6   12    5      val=   0.74139
       -0.7071067811865 bend   4   12    5
  29 k  0.7071067811865 bend  15    7   10      val=   0.74139
       -0.7071067811865 bend   3    7   10
  30 k  0.5000000000000 bend   4    2    3      val=  -0.60097
       -0.5000000000000 bend   3    1    2
        0.5000000000000 bend   1    5    6
       -0.5000000000000 bend   6    4    5
  31 k  0.5000000000000 bend   4   10    3      val=  -0.60091
       -0.5000000000000 bend   3   15   10
        0.5000000000000 bend  15   11   14
       -0.5000000000000 bend  14    4   11
  32 k -0.2886751345948 bend   4   10    3      val=  -0.30042
       -0.2886751345948 bend   3   15   10
        0.5773502691896 bend  10   14   15
       -0.2886751345948 bend  15   11   14
       -0.2886751345948 bend  14    4   11
        0.5773502691896 bend  11    3    4
  33 k -0.2886751345948 bend   4    2    3      val=  -0.30033
       -0.2886751345948 bend   3    1    2
        0.5773502691896 bend   2    6    1
       -0.2886751345948 bend   1    5    6
       -0.2886751345948 bend   6    4    5
        0.5773502691896 bend   5    3    4
        33 non zero eigenvalues  of BmBt
           1           4.724531936    1    0
         1
           2           4.204667864    2    0
         2
           3           4.004296597    3    0
         3
           4           3.950419348    4    0
         4
           5           3.725160978    5    0
         5
           6           3.299913815    6    0
         6
           7           3.265725896    7    0
         7
           8           3.215733661    8    0
         8
           9           3.053459022    9    0
         9
          10           3.029804416   10    0
        10
          11           2.666211762   11    0
        11
          12           2.135525871   12    0
        12
          13           2.096012112   13    0
        13
          14           1.892788845   14    0
        14
          15           1.726674619   15    0
        15
          16           1.690449656   16    0
        16
          17           1.681880849   17    0
        17
          18           1.374754269   18    0
        18
          19           1.026928452   19    0
        19
          20           0.907707820   20    0
        20
          21           0.461353131   21    0
        21
          22           0.411748067   22    0
        22
          23           0.374981531   23    0
        23
          24           0.372746535   24    0
        24
          25           0.334431030   25    0
        25
          26           0.327624615   26    0
        26
          27           0.312059967   27    0
        27
          28           0.308904250   28    0
        28
          29           0.291825519   29    0
        29
          30           0.243245569   30    0
        30
          31           0.195220475   31    0
        31
          32           0.119597963   32    0
        32
          33           0.037157928   33    0
        33
$end
