$coord
   -6.88513970410767     -1.35547094600615      0.00000000000000  c
   -4.68356623167803     -2.65065553637439      0.00000000000000  c
   -2.29714385069611     -1.34890563281440      0.00000000000000  c
   -2.29714206134315      1.34894025977727      0.00000000000000  c
   -4.68357822284098      2.65067009784176      0.00000000000000  c
   -6.88514549580709      1.35547077918917      0.00000000000000  c
   -0.00001080572749     -2.63385466571769      0.00000000000000  c
    0.00001080403398      2.63385467024762      0.00000000000000  c
    2.29714384949843      1.34890563739601      0.00000000000000  c
    2.29714205957017     -1.34894025508109      0.00000000000000  c
    4.68357822003626     -2.65067009452611      0.00000000000000  c
    6.88514549370077     -1.35547077701476      0.00000000000000  c
    6.88513970314786      1.35547094801639      0.00000000000000  c
    4.68356623119317      2.65065553956005      0.00000000000000  c
 -6.45418469072 -1.60900156829 0.25 h
 -6.45418469072 -1.60900156829 -0.25 h
 -6.88105325126 -0.855487645382 0.25 h
 -6.88105325126 -0.855487645382 -0.25 h
 -7.32018117034 -1.60192362434 0.25 h
 -7.32018117034 -1.60192362434 -0.25 h
 -5.11452124506 -2.39712491409 -0.25 h
 -5.11452124506 -2.39712491409 0.25 h
 -4.24852476545 -2.40420285804 -0.25 h
 -4.24852476545 -2.40420285804 0.25 h
 -4.68765268452 -3.150638837 -0.25 h
 -4.68765268452 -3.150638837 0.25 h
 -1.86077383418 -1.59299825598 0.25 h
 -1.86077383418 -1.59299825598 -0.25 h
 -2.30393844642 -0.848951801477 0.25 h
 -2.30393844642 -0.848951801477 -0.25 h
 -2.72671927149 -1.60476684098 0.25 h
 -2.72671927149 -1.60476684098 -0.25 h
 -1.86076834537 1.59302626923 -0.25 h
 -1.86076834537 1.59302626923 0.25 h
 -2.30394423444 0.848986531477 -0.25 h
 -2.30394423444 0.848986531477 0.25 h
 -2.72671360422 1.60480797863 -0.25 h
 -2.72671360422 1.60480797863 0.25 h
 -5.1145316642 2.39713680342 0.25 h
 -5.1145316642 2.39713680342 -0.25 h
 -4.24853522848 2.40422011699 0.25 h
 -4.24853522848 2.40422011699 -0.25 h
 -4.68766777584 3.15065337312 0.25 h
 -4.68766777584 3.15065337312 -0.25 h
 -6.45419205445 1.60900407362 -0.25 h
 -6.45419205445 1.60900407362 0.25 h
 -6.88105594281 0.855487503913 -0.25 h
 -6.88105594281 0.855487503913 0.25 h
 -7.32018849016 1.60192076004 -0.25 h
 -7.32018849016 1.60192076004 0.25 h
 -0.436380822245 -2.38976204255 -0.25 h
 -0.436380822245 -2.38976204255 0.25 h
 0.429564615071 -2.37799345755 -0.25 h
 0.429564615071 -2.37799345755 0.25 h
 0.00678378999143 -3.13380849706 -0.25 h
 0.00678378999143 -3.13380849706 0.25 h
 0.436380820578 2.38976204713 -0.25 h
 0.436380820578 2.38976204713 0.25 h
 -0.429564616736 2.37799346203 -0.25 h
 -0.429564616736 2.37799346203 0.25 h
 -0.00678379173949 3.13380850158 -0.25 h
 -0.00678379173949 3.13380850158 0.25 h
 1.86077383295 1.59299826052 0.25 h
 1.86077383295 1.59299826052 -0.25 h
 2.30393844527 0.848951806059 0.25 h
 2.30393844527 0.848951806059 -0.25 h
 2.72671927027 1.60476684561 0.25 h
 2.72671927027 1.60476684561 -0.25 h
 1.86076834361 -1.59302626456 -0.25 h
 1.86076834361 -1.59302626456 0.25 h
 2.30394423263 -0.848986526781 -0.25 h
 2.30394423263 -0.848986526781 0.25 h
 2.72671360247 -1.6048079739 -0.25 h
 2.72671360247 -1.6048079739 0.25 h
 5.11453166153 -2.39713680033 0.25 h
 5.11453166153 -2.39713680033 -0.25 h
 4.24853522581 -2.40422011345 0.25 h
 4.24853522581 -2.40422011345 -0.25 h
 4.68766777277 -3.1506533698 0.25 h
 4.68766777277 -3.1506533698 -0.25 h
 6.45419205221 -1.60900407122 -0.25 h
 6.45419205221 -1.60900407122 0.25 h
 6.88105594096 -0.855487501736 -0.25 h
 6.88105594096 -0.855487501736 0.25 h
 7.32018848793 -1.60192075809 -0.25 h
 7.32018848793 -1.60192075809 0.25 h
 6.45418468989 1.60900157052 0.25 h
 6.45418468989 1.60900157052 -0.25 h
 6.88105325006 0.855487647394 0.25 h
 6.88105325006 0.855487647394 -0.25 h
 7.3201811695 1.60192362614 0.25 h
 7.3201811695 1.60192362614 -0.25 h
 5.11452124445 2.39712491706 -0.25 h
 5.11452124445 2.39712491706 0.25 h
 4.24852476484 2.40420286144 -0.25 h
 4.24852476484 2.40420286144 0.25 h
 4.68765268428 3.15063884018 -0.25 h
 4.68765268428 3.15063884018 0.25 h
$end
