$coord
    3.62256421258571      0.86388988282860      0.00000000000000  c
    5.97807177563019     -0.32546647907454      0.00000000000000  c
    1.27730781729568     -0.41137977983300      0.00000000000000  c
   -1.07821162676747      0.77820653074136      0.00000000000000  c
   -3.42352456681861     -0.49678362749712      0.00000000000000  c
    8.32338136005495      0.94999112751073      0.00000000000000  c
   10.67882503343994     -0.23923902002718      0.00000000000000  c
   13.02429948689128      1.03631006177789      0.00000000000000  c
   15.37959324777924     -0.15292338081414      0.00000000000000  c
   17.72535216537842      1.12257632560629      0.00000000000000  c
   20.08034749090747     -0.06677465714779      0.00000000000000  c
   22.42650383016101      1.20854310286489      0.00000000000000  c
   24.78106924444958      0.01889347573137      0.00000000000000  c
   27.12774660127732      1.29383610387226      0.00000000000000  c
   29.48172069383837      0.10370212979609      0.00000000000000  c
   31.82905079314065      1.37810360657232      0.00000000000000  c
   34.18228225213160      0.18732264865554      0.00000000000000  c
   -5.77900955423225      0.69311729713078      0.00000000000000  c
   -8.12443795316713     -0.58154803369670      0.00000000000000  c
  -10.47980494376059      0.60871432618560      0.00000000000000  c
  -12.82547328098729     -0.66549029332874      0.00000000000000  c
  -15.18062571161219      0.52529361539190      0.00000000000000  c
  -17.52659997546194     -0.74835142783724      0.00000000000000  c
  -19.88145679645249      0.44304078541011      0.00000000000000  c
  -22.22779129620088     -0.82996654166282      0.00000000000000  c
  -24.58229032208351      0.36208141613303      0.00000000000000  c
   36.53039694210210      1.46103338071485      0.00000000000000  c
   38.88276616886309      0.26946916029390      0.00000000000000  c
   41.23179490018093      1.54242133073265      0.00000000000000  c
   43.58319110045159      0.35006169242335      0.00000000000000  c
   45.93323851141587      1.62227374429087      0.00000000000000  c
   48.28361958327331      0.42916621166147      0.00000000000000  c
   50.63478660757875      1.70073330275438      0.00000000000000  c
   52.98410856099341      0.50696526860294      0.00000000000000  c
   55.33650517001927      1.77801133977192      0.00000000000000  c
   57.68470176701456      0.58373678552935      0.00000000000000  c
   60.03841742781186      1.85451343531508      0.00000000000000  c
   62.38538118589939      0.65999876691008      0.00000000000000  c
   64.74050754626424      1.93073010875973      0.00000000000000  c
   67.08610683009567      0.73620740598728      0.00000000000000  c
   69.44278075567281      2.00725303394942      0.00000000000000  c
   71.78684118182258      0.81312448964864      0.00000000000000  c
   74.14525906706947      2.08503748828124      0.00000000000000  c
   76.48754243687405      0.89192480866351      0.00000000000000  c
  -26.92900084265442     -0.91027216552831      0.00000000000000  c
  -29.28310306273742      0.28242765299111      0.00000000000000  c
  -31.63022287911830     -0.98932676722203      0.00000000000000  c
  -33.98392472844566      0.20392794673579      0.00000000000000  c
  -36.33140235124856     -1.06734975610917      0.00000000000000  c
  -38.68477220181568      0.12630296691489      0.00000000000000  c
  -41.03256165976962     -1.14468100211634      0.00000000000000  c
  -43.38569726418057      0.04916961558713      0.00000000000000  c
  -45.73372901737397     -1.22174823222672      0.00000000000000  c
  -48.08671889114697     -0.02791620761458      0.00000000000000  c
  -50.43489492155510     -1.29899352976269      0.00000000000000  c
  -52.78780082195173     -0.10544077605123      0.00000000000000  c
  -55.13605688582737     -1.37691382321841      0.00000000000000  c
  -57.48891628677654     -0.18383287511829      0.00000000000000  c
  -59.83717170208972     -1.45589040830963      0.00000000000000  c
  -62.19002414007829     -0.26348070173974      0.00000000000000  c
  -64.53820538282967     -1.53633887213498      0.00000000000000  c
  -66.89109402447600     -0.34481286343026      0.00000000000000  c
  -69.23914017195249     -1.61868174514183      0.00000000000000  c
  -71.59209598678797     -0.42823736450194      0.00000000000000  c
  -73.93998406260690     -1.70337183785379      0.00000000000000  c
  -76.29308007966823     -0.51432495777533      0.00000000000000  c
  -78.64072798028519     -1.79104804424352      0.00000000000000  c
  -80.99405256637756     -0.60370686205927      0.00000000000000  c
  -83.34142959643749     -1.88234140725738      0.00000000000000  c
  -85.69503252387557     -0.69698551063888      0.00000000000000  c
  -88.04215378863569     -1.97781361853117      0.00000000000000  c
  -90.39602147930665     -0.79471459346635      0.00000000000000  c
  -92.74294460378405     -2.07802550910854      0.00000000000000  c
  -95.09696009721871     -0.89745076762560      0.00000000000000  c
  -97.44374896097814     -2.18351938653535      0.00000000000000  c
  -99.79776552481175     -1.00571535636382      0.00000000000000  c
 -102.14457572868587     -2.29484006234269      0.00000000000000  c
 -104.49835747273769     -1.12009932759258      0.00000000000000  c
 -106.84546325617858     -2.41269318455203      0.00000000000000  c
 -109.19867621941023     -1.24144806168087      0.00000000000000  c
 -111.54648438304244     -2.53817510646816      0.00000000000000  c
 -113.89863264217112     -1.37112426200111      0.00000000000000  c
 -116.24777697813624     -2.67310608445845      0.00000000000000  c
 -118.59814093861124     -1.51159850483848      0.00000000000000  c
 -120.94967159370906     -2.82103627856493      0.00000000000000  c
 -123.29682742520015     -1.66756152150826      0.00000000000000  c
 -125.65303511912514     -2.98924939538452      0.00000000000000  c
 -127.99438385480970     -1.85107608105614      0.00000000000000  c
 -130.36241852514783     -3.20157481452078      0.00000000000000  c
 -132.68431535940064     -2.09689249652492      0.00000000000000  c
   78.84797630654165      2.16559921806088      0.00000000000000  c
   81.18809824997420      0.97452759223329      0.00000000000000  c
   83.55104103869158      2.25140505875853      0.00000000000000  c
   85.88846374660062      1.06400169773544      0.00000000000000  c
   88.25478439790467      2.34657587826474      0.00000000000000  c
   90.58831640233002      1.16571481387156      0.00000000000000  c
   92.96019822747560      2.45915963694324      0.00000000000000  c
   95.28757893172047      1.29257320447850      0.00000000000000  c
   97.67211252018495      2.61380986416172      0.00000000000000  c
   99.98003518149133      1.48038287176049      0.00000000000000  c
 4.06889494874 0.638526012687 -0.25 h
 4.06889494874 0.638526012687 0.25 h
 3.20422800787 0.590038061901 -0.25 h
 3.20422800787 0.590038061901 0.25 h
 3.59456968115 1.3631055739 -0.25 h
 3.59456968115 1.3631055739 0.25 h
 5.53174103948 -0.100102608933 -0.25 h
 5.53174103948 -0.100102608933 0.25 h
 6.39640798034 -0.0516146581474 -0.25 h
 6.39640798034 -0.0516146581474 0.25 h
 6.00606630707 -0.824682170144 -0.25 h
 6.00606630707 -0.824682170144 0.25 h
 0.830994155231 -0.185982097826 -0.25 h
 0.830994155231 -0.185982097826 0.25 h
 1.6956647669 -0.137559651432 -0.25 h
 1.6956647669 -0.137559651432 0.25 h
 1.30526452976 -0.910597590241 -0.25 h
 1.30526452976 -0.910597590241 0.25 h
 -0.631897964703 0.552808848734 -0.25 h
 -0.631897964703 0.552808848734 0.25 h
 -1.49656857637 0.504386402341 -0.25 h
 -1.49656857637 0.504386402341 0.25 h
 -1.10616833923 1.27742434115 -0.25 h
 -1.10616833923 1.27742434115 0.25 h
 -3.8698129131 -0.271335824292 -0.25 h
 -3.8698129131 -0.271335824292 0.25 h
 -3.00513686887 -0.223010483804 -0.25 h
 -3.00513686887 -0.223010483804 0.25 h
 -3.39562391848 -0.996004574396 -0.25 h
 -3.39562391848 -0.996004574396 0.25 h
 8.76971925925 0.72464144426 -0.25 h
 8.76971925925 0.72464144426 0.25 h
 7.90505386003 0.676126009761 -0.25 h
 7.90505386003 0.676126009761 0.25 h
 8.29537096089 1.44920592851 -0.25 h
 8.29537096089 1.44920592851 0.25 h
 10.2324871342 -0.0138893367763 -0.25 h
 10.2324871342 -0.0138893367763 0.25 h
 11.0971525335 0.0346260977229 -0.25 h
 11.0971525335 0.0346260977229 0.25 h
 10.7068354326 -0.738453821028 -0.25 h
 10.7068354326 -0.738453821028 0.25 h
 13.4706313641 0.810948451419 -0.25 h
 13.4706313641 0.810948451419 0.25 h
 12.6059646687 0.762456122811 -0.25 h
 12.6059646687 0.762456122811 0.25 h
 12.9963024279 1.5355256111 -0.25 h
 12.9963024279 1.5355256111 0.25 h
 14.9332613706 0.0724382295452 -0.25 h
 14.9332613706 0.0724382295452 0.25 h
 15.797928066 0.120930558152 -0.25 h
 15.797928066 0.120930558152 0.25 h
 15.4075903068 -0.65213893014 -0.25 h
 15.4075903068 -0.65213893014 0.25 h
 18.1716635882 0.89717420969 -0.25 h
 18.1716635882 0.89717420969 0.25 h
 17.3069924955 0.848760353402 -0.25 h
 17.3069924955 0.848760353402 0.25 h
 17.6974004124 1.62179441373 -0.25 h
 17.6974004124 1.62179441373 0.25 h
 19.6340360681 0.158627458768 -0.25 h
 19.6340360681 0.158627458768 0.25 h
 20.4987071608 0.207041315056 -0.25 h
 20.4987071608 0.207041315056 0.25 h
 20.1082992439 -0.565992745268 -0.25 h
 20.1082992439 -0.565992745268 0.25 h
 22.8727759097 0.98306310143 -0.25 h
 22.8727759097 0.98306310143 0.25 h
 22.0080963811 0.934800145724 -0.25 h
 22.0080963811 0.934800145724 0.25 h
 22.3986391997 1.70776606144 -0.25 h
 22.3986391997 1.70776606144 0.25 h
 24.3347971649 0.244373477166 -0.25 h
 24.3347971649 0.244373477166 0.25 h
 25.1994766935 0.292636432872 -0.25 h
 25.1994766935 0.292636432872 0.25 h
 24.8089338749 -0.480329482844 -0.25 h
 24.8089338749 -0.480329482844 0.25 h
 27.5739589159 1.06823785411 -0.25 h
 27.5739589159 1.06823785411 0.25 h
 26.7092666286 1.02020402882 -0.25 h
 26.7092666286 1.02020402882 0.25 h
 27.1000142593 1.79306642868 -0.25 h
 27.1000142593 1.79306642868 0.25 h
 29.0355083792 0.329300379556 -0.25 h
 29.0355083792 0.329300379556 0.25 h
 29.9002006665 0.377334204845 -0.25 h
 29.9002006665 0.377334204845 0.25 h
 29.5094530358 -0.395528195013 -0.25 h
 29.5094530358 -0.395528195013 0.25 h
 32.2751850299 1.15235099234 -0.25 h
 32.2751850299 1.15235099234 0.25 h
 31.4104761759 1.10461633119 -0.25 h
 31.4104761759 1.10461633119 0.25 h
 31.8014911737 1.87734349618 -0.25 h
 31.8014911737 1.87734349618 0.25 h
 33.7361480154 0.413075262885 -0.25 h
 33.7361480154 0.413075262885 0.25 h
 34.6008568694 0.460809924033 -0.25 h
 34.6008568694 0.460809924033 0.25 h
 34.2098418716 -0.311917240952 -0.25 h
 34.2098418716 -0.311917240952 0.25 h
 -5.33272120795 0.467669493926 -0.25 h
 -5.33272120795 0.467669493926 0.25 h
 -6.19739725218 0.419344153438 -0.25 h
 -6.19739725218 0.419344153438 0.25 h
 -5.80691020257 1.19233824403 -0.25 h
 -5.80691020257 1.19233824403 0.25 h
 -8.57069418987 -0.356036678765 -0.25 h
 -8.57069418987 -0.356036678765 0.25 h
 -7.7060112726 -0.30783447358 -0.25 h
 -7.7060112726 -0.30783447358 0.25 h
 -8.09660839703 -1.08077294875 -0.25 h
 -8.09660839703 -1.08077294875 0.25 h
 -10.0335487071 0.383202971254 -0.25 h
 -10.0335487071 0.383202971254 0.25 h
 -10.8982316243 0.335000766069 -0.25 h
 -10.8982316243 0.335000766069 0.25 h
 -10.5076344999 1.10793924123 -0.25 h
 -10.5076344999 1.10793924123 0.25 h
 -13.2716814619 -0.43988386767 -0.25 h
 -13.2716814619 -0.43988386767 0.25 h
 -12.4069882947 -0.391865886123 -0.25 h
 -12.4069882947 -0.391865886123 0.25 h
 -12.7977500864 -1.16472112619 -0.25 h
 -12.7977500864 -1.16472112619 0.25 h
 -14.7344175307 0.299687189733 -0.25 h
 -14.7344175307 0.299687189733 0.25 h
 -15.5991106979 0.251669208186 -0.25 h
 -15.5991106979 0.251669208186 0.25 h
 -15.2083489062 1.02452444826 -0.25 h
 -15.2083489062 1.02452444826 0.25 h
 -17.9727503319 -0.522630672387 -0.25 h
 -17.9727503319 -0.522630672387 0.25 h
 -17.1080448889 -0.47483426297 -0.25 h
 -17.1080448889 -0.47483426297 0.25 h
 -17.4990047056 -1.24758934815 -0.25 h
 -17.4990047056 -1.24758934815 0.25 h
 -19.43530644 0.21732002996 -0.25 h
 -19.43530644 0.21732002996 0.25 h
 -20.3000118831 0.169523620543 -0.25 h
 -20.3000118831 0.169523620543 0.25 h
 -19.9090520663 0.942278705727 -0.25 h
 -19.9090520663 0.942278705727 0.25 h
 -22.6738777737 -0.604119570101 -0.25 h
 -22.6738777737 -0.604119570101 0.25 h
 -21.8091588427 -0.556567805617 -0.25 h
 -21.8091588427 -0.556567805617 0.25 h
 -22.2003372722 -1.32921224927 -0.25 h
 -22.2003372722 -1.32921224927 0.25 h
 -24.1362038446 0.136234444571 -0.25 h
 -24.1362038446 0.136234444571 0.25 h
 -25.0009227756 0.0886826800873 -0.25 h
 -25.0009227756 0.0886826800873 0.25 h
 -24.6097443461 0.861327123741 -0.25 h
 -24.6097443461 0.861327123741 0.25 h
 36.9764379799 1.23509668022 -0.25 h
 36.9764379799 1.23509668022 0.25 h
 36.1117095009 1.18771886113 -0.25 h
 36.1117095009 1.18771886113 0.25 h
 36.5030433455 1.9602846008 -0.25 h
 36.5030433455 1.9602846008 0.25 h
 38.4367251311 0.495405860788 -0.25 h
 38.4367251311 0.495405860788 0.25 h
 39.30145361 0.542783679881 -0.25 h
 39.30145361 0.542783679881 0.25 h
 38.9101197655 -0.229782059787 -0.25 h
 38.9101197655 -0.229782059787 0.25 h
 41.6777374062 1.31629021546 -0.25 h
 41.6777374062 1.31629021546 0.25 h
 40.8129883567 1.2692893495 -0.25 h
 40.8129883567 1.2692893495 0.25 h
 41.2046589376 2.04168442724 -0.25 h
 41.2046589376 2.04168442724 0.25 h
 43.1372485944 0.576192807699 -0.25 h
 43.1372485944 0.576192807699 0.25 h
 44.0019976439 0.623193673654 -0.25 h
 44.0019976439 0.623193673654 0.25 h
 43.6103270631 -0.149201404083 -0.25 h
 43.6103270631 -0.149201404083 0.25 h
 46.3790843652 1.39595212653 -0.25 h
 46.3790843652 1.39595212653 0.25 h
 45.5143153141 1.34932071762 -0.25 h
 45.5143153141 1.34932071762 0.25 h
 45.9063158549 2.12154838872 -0.25 h
 45.9063158549 2.12154838872 0.25 h
 47.8377737295 0.655487829423 -0.25 h
 47.8377737295 0.655487829423 0.25 h
 48.7025427806 0.702119238327 -0.25 h
 48.7025427806 0.702119238327 0.25 h
 48.3105422398 -0.0701084327657 -0.25 h
 48.3105422398 -0.0701084327657 0.25 h
 51.0805406699 1.47423094965 -0.25 h
 51.0805406699 1.47423094965 0.25 h
 50.2157527846 1.42795013753 -0.25 h
 50.2157527846 1.42795013753 0.25 h
 50.6080663682 2.20001882108 -0.25 h
 50.6080663682 2.20001882108 0.25 h
 52.5383544987 0.733467621705 -0.25 h
 52.5383544987 0.733467621705 0.25 h
 53.4031423839 0.779748433826 -0.25 h
 53.4031423839 0.779748433826 0.25 h
 53.0108288003 0.00767975027721 -0.25 h
 53.0108288003 0.00767975027721 0.25 h
 55.7821765478 1.55134633793 -0.25 h
 55.7821765478 1.55134633793 0.25 h
 54.9173718314 1.50538110583 -0.25 h
 54.9173718314 1.50538110583 0.25 h
 55.3099671309 2.27730657556 -0.25 h
 55.3099671309 2.27730657556 0.25 h
 57.2390303893 0.810401787375 -0.25 h
 57.2390303893 0.810401787375 0.25 h
 58.1038351056 0.856367019471 -0.25 h
 58.1038351056 0.856367019471 0.25 h
 57.7112398061 0.0844415497425 -0.25 h
 57.7112398061 0.0844415497425 0.25 h
 60.4840222613 1.62771764092 -0.25 h
 60.4840222613 1.62771764092 0.25 h
 59.6192040916 1.58200622665 -0.25 h
 59.6192040916 1.58200622665 0.25 h
 60.0120259305 2.35381643838 -0.25 h
 60.0120259305 2.35381643838 0.25 h
 61.9397763524 0.886794561307 -0.25 h
 61.9397763524 0.886794561307 0.25 h
 62.8045945221 0.932505975577 -0.25 h
 62.8045945221 0.932505975577 0.25 h
 62.4117726832 0.160695763846 -0.25 h
 62.4117726832 0.160695763846 0.25 h
 65.1860584243 1.70382833459 -0.25 h
 65.1860584243 1.70382833459 0.25 h
 64.3212294067 1.65832261683 -0.25 h
 64.3212294067 1.65832261683 0.25 h
 64.7142348079 2.43003937486 -0.25 h
 64.7142348079 2.43003937486 0.25 h
 66.6405559521 0.96310918016 -0.25 h
 66.6405559521 0.96310918016 0.25 h
 67.5053849697 1.00861489792 -0.25 h
 67.5053849697 1.00861489792 0.25 h
 67.1123795685 0.236898139884 -0.25 h
 67.1123795685 0.236898139884 0.25 h
 69.8883016915 1.78029247412 -0.25 h
 69.8883016915 1.78029247412 0.25 h
 69.0234666773 1.7349008655 -0.25 h
 69.0234666773 1.7349008655 0.25 h
 69.4165738982 2.50656576223 -0.25 h
 69.4165738982 2.50656576223 0.25 h
 71.341320246 1.04008504947 -0.25 h
 71.341320246 1.04008504947 0.25 h
 72.2061552602 1.0854766581 -0.25 h
 72.2061552602 1.0854766581 0.25 h
 71.8130480393 0.313811761369 -0.25 h
 71.8130480393 0.313811761369 0.25 h
 74.5907885102 1.85809362889 -0.25 h
 74.5907885102 1.85809362889 0.25 h
 73.725955198 1.8126696021 -0.25 h
 73.725955198 1.8126696021 0.25 h
 74.119033493 2.58434923385 -0.25 h
 74.119033493 2.58434923385 0.25 h
 76.0420129938 1.11886866805 -0.25 h
 76.0420129938 1.11886866805 0.25 h
 76.9068463059 1.16429269484 -0.25 h
 76.9068463059 1.16429269484 0.25 h
 76.513768011 0.392613063094 -0.25 h
 76.513768011 0.392613063094 0.25 h
 -27.3750221914 -0.684296599479 -0.25 h
 -27.3750221914 -0.684296599479 0.25 h
 -26.5102895874 -0.636994129897 -0.25 h
 -26.5102895874 -0.636994129897 0.25 h
 -26.9016907491 -1.40952576721 -0.25 h
 -26.9016907491 -1.40952576721 0.25 h
 -28.837081714 0.056452086942 -0.25 h
 -28.837081714 0.056452086942 0.25 h
 -29.7018143179 0.00914961736016 -0.25 h
 -29.7018143179 0.00914961736016 0.25 h
 -29.3104131563 0.781681254671 -0.25 h
 -29.3104131563 0.781681254671 0.25 h
 -32.0761863309 -0.76323696269 -0.25 h
 -32.0761863309 -0.76323696269 0.25 h
 -31.211441639 -0.716155991123 -0.25 h
 -31.211441639 -0.716155991123 0.25 h
 -31.6030406675 -1.48858734785 -0.25 h
 -31.6030406675 -1.48858734785 0.25 h
 -33.5379612767 -0.0221618577959 -0.25 h
 -33.5379612767 -0.0221618577959 0.25 h
 -34.4027059686 -0.0692428293636 -0.25 h
 -34.4027059686 -0.0692428293636 0.25 h
 -34.0111069401 0.703188527367 -0.25 h
 -34.0111069401 0.703188527367 0.25 h
 -36.7773225165 -0.841174588902 -0.25 h
 -36.7773225165 -0.841174588902 0.25 h
 -35.9125688281 -0.794259148583 -0.25 h
 -35.9125688281 -0.794259148583 0.25 h
 -36.3043157092 -1.56661553084 -0.25 h
 -36.3043157092 -1.56661553084 0.25 h
 -38.2388520366 -0.099872200292 -0.25 h
 -38.2388520366 -0.099872200292 0.25 h
 -39.1036057249 -0.146787640611 -0.25 h
 -39.1036057249 -0.146787640611 0.25 h
 -38.7118588439 0.625568741648 -0.25 h
 -38.7118588439 0.625568741648 0.25 h
 -41.4784576118 -0.918458103285 -0.25 h
 -41.4784576118 -0.918458103285 0.25 h
 -40.6136989064 -0.871635229622 -0.25 h
 -40.6136989064 -0.871635229622 0.25 h
 -41.0055284611 -1.64394967344 -0.25 h
 -41.0055284611 -1.64394967344 0.25 h
 -42.9398013121 -0.177053283244 -0.25 h
 -42.9398013121 -0.177053283244 0.25 h
 -43.8045600175 -0.223876156907 -0.25 h
 -43.8045600175 -0.223876156907 0.25 h
 -43.4127304629 0.548438286913 -0.25 h
 -43.4127304629 0.548438286913 0.25 h
 -46.1796207378 -0.995516992867 -0.25 h
 -46.1796207378 -0.995516992867 0.25 h
 -45.3148611567 -0.948710294687 -0.25 h
 -45.3148611567 -0.948710294687 0.25 h
 -45.7067051576 -1.72101740913 -0.25 h
 -45.7067051576 -1.72101740913 0.25 h
 -47.6408271707 -0.254147446974 -0.25 h
 -47.6408271707 -0.254147446974 0.25 h
 -48.5055867518 -0.300954145154 -0.25 h
 -48.5055867518 -0.300954145154 0.25 h
 -48.1137427509 0.471352969285 -0.25 h
 -48.1137427509 0.471352969285 0.25 h
 -50.8808047381 -1.07279796056 -0.25 h
 -50.8808047381 -1.07279796056 0.25 h
 -50.0160489041 -1.02592208546 -0.25 h
 -50.0160489041 -1.02592208546 0.25 h
 -50.4078311224 -1.79826054327 -0.25 h
 -50.4078311224 -1.79826054327 0.25 h
 -52.3418910054 -0.331636345254 -0.25 h
 -52.3418910054 -0.331636345254 0.25 h
 -53.2066468394 -0.378512220357 -0.25 h
 -53.2066468394 -0.378512220357 0.25 h
 -52.8148646211 0.393826237457 -0.25 h
 -52.8148646211 0.393826237457 0.25 h
 -55.5820009712 -1.15078582254 -0.25 h
 -55.5820009712 -1.15078582254 0.25 h
 -54.71725225 -1.10377891693 -0.25 h
 -54.71725225 -1.10377891693 0.25 h
 -55.1089174362 -1.87617673019 -0.25 h
 -55.1089174362 -1.87617673019 0.25 h
 -57.0429722014 -0.409960875798 -0.25 h
 -57.0429722014 -0.409960875798 0.25 h
 -57.9077209226 -0.456967781408 -0.25 h
 -57.9077209226 -0.456967781408 0.25 h
 -57.5160557364 0.315430031851 -0.25 h
 -57.5160557364 0.315430031851 0.25 h
 -60.2831668288 -1.22986309372 -0.25 h
 -60.2831668288 -1.22986309372 0.25 h
 -59.4184287423 -1.1826609559 -0.25 h
 -59.4184287423 -1.1826609559 0.25 h
 -59.8099195351 -1.95514717531 -0.25 h
 -59.8099195351 -1.95514717531 0.25 h
 -61.7440290134 -0.48950801633 -0.25 h
 -61.7440290134 -0.48950801633 0.25 h
 -62.6087670998 -0.536710154149 -0.25 h
 -62.6087670998 -0.536710154149 0.25 h
 -62.2172763071 0.23577606526 -0.25 h
 -62.2172763071 0.23577606526 0.25 h
 -64.9842694453 -1.31044763249 -0.25 h
 -64.9842694453 -1.31044763249 0.25 h
 -64.1195457996 -1.26298168212 -0.25 h
 -64.1195457996 -1.26298168212 0.25 h
 -64.5108009036 -2.0355873018 -0.25 h
 -64.5108009036 -2.0355873018 0.25 h
 -66.445029962 -0.570704103077 -0.25 h
 -66.445029962 -0.570704103077 0.25 h
 -67.3097536078 -0.618170053444 -0.25 h
 -67.3097536078 -0.618170053444 0.25 h
 -66.9184985037 0.15443556623 -0.25 h
 -66.9184985037 0.15443556623 0.25 h
 -69.6852894634 -1.39295888472 -0.25 h
 -69.6852894634 -1.39295888472 0.25 h
 -68.8205837949 -1.34516655505 -0.25 h
 -68.8205837949 -1.34516655505 0.25 h
 -69.2115472576 -2.11791979565 -0.25 h
 -69.2115472576 -2.11791979565 0.25 h
 -71.1459466953 -0.653960224921 -0.25 h
 -71.1459466953 -0.653960224921 0.25 h
 -72.0106523639 -0.701752554591 -0.25 h
 -72.0106523639 -0.701752554591 0.25 h
 -71.6196889012 0.0710006860059 -0.25 h
 -71.6196889012 0.0710006860059 0.25 h
 -74.3862454801 -1.47787073533 -0.25 h
 -74.3862454801 -1.47787073533 0.25 h
 -73.5215636705 -1.42964866482 -0.25 h
 -73.5215636705 -1.42964866482 0.25 h
 -73.9121430372 -2.20259611341 -0.25 h
 -73.9121430372 -2.20259611341 0.25 h
 -75.8468186622 -0.7398260603 -0.25 h
 -75.8468186622 -0.7398260603 0.25 h
 -76.7115004718 -0.788048130808 -0.25 h
 -76.7115004718 -0.788048130808 0.25 h
 -76.3209211051 -0.0151006822184 -0.25 h
 -76.3209211051 -0.0151006822184 0.25 h
 -79.0871283714 -1.56582217812 -0.25 h
 -79.0871283714 -1.56582217812 0.25 h
 -78.2224764631 -1.5170668983 -0.25 h
 -78.2224764631 -1.5170668983 0.25 h
 -78.6125791064 -2.29025505631 -0.25 h
 -78.6125791064 -2.29025505631 0.25 h
 -80.5476521752 -0.828932728182 -0.25 h
 -80.5476521752 -0.828932728182 0.25 h
 -81.4123040836 -0.877688008004 -0.25 h
 -81.4123040836 -0.877688008004 0.25 h
 -81.0222014403 -0.104499849993 -0.25 h
 -81.0222014403 -0.104499849993 0.25 h
 -83.7879920744 -1.65743708703 -0.25 h
 -83.7879920744 -1.65743708703 0.25 h
 -82.9233755027 -1.60805911706 -0.25 h
 -82.9233755027 -1.60805911706 0.25 h
 -83.3129212122 -2.38152801768 -0.25 h
 -83.3129212122 -2.38152801768 0.25 h
 -85.2484700459 -0.921889830868 -0.25 h
 -85.2484700459 -0.921889830868 0.25 h
 -86.1130866176 -0.971267800834 -0.25 h
 -86.1130866176 -0.971267800834 0.25 h
 -85.7235409081 -0.197798900214 -0.25 h
 -85.7235409081 -0.197798900214 0.25 h
 -88.4888983645 -1.75327123061 -0.25 h
 -88.4888983645 -1.75327123061 0.25 h
 -87.6243220886 -1.70319266083 -0.25 h
 -87.6243220886 -1.70319266083 0.25 h
 -88.0132409129 -2.47697696416 -0.25 h
 -88.0132409129 -2.47697696416 0.25 h
 -89.9492769035 -1.01925698139 -0.25 h
 -89.9492769035 -1.01925698139 0.25 h
 -90.8138531794 -1.06933555117 -0.25 h
 -90.8138531794 -1.06933555117 0.25 h
 -90.4249343551 -0.295551247841 -0.25 h
 -90.4249343551 -0.295551247841 0.25 h
 -93.1898869738 -1.85387708086 -0.25 h
 -93.1898869738 -1.85387708086 0.25 h
 -92.3253551857 -1.80303627678 -0.25 h
 -92.3253551857 -1.80303627678 0.25 h
 -92.7135916519 -2.57716316969 -0.25 h
 -92.7135916519 -2.57716316969 0.25 h
 -94.6500177272 -1.12159919588 -0.25 h
 -94.6500177272 -1.12159919588 0.25 h
 -95.5145495153 -1.17243999996 -0.25 h
 -95.5145495153 -1.17243999996 0.25 h
 -95.1263130491 -0.398313107041 -0.25 h
 -95.1263130491 -0.398313107041 0.25 h
 -97.8909020781 -1.95979167298 -0.25 h
 -97.8909020781 -1.95979167298 0.25 h
 -97.0264185189 -1.90813728447 -0.25 h
 -97.0264185189 -1.90813728447 0.25 h
 -97.4139262859 -2.68262920216 -0.25 h
 -97.4139262859 -2.68262920216 0.25 h
 -99.3506124076 -1.22944306992 -0.25 h
 -99.3506124076 -1.22944306992 0.25 h
 -100.215095967 -1.28109745843 -0.25 h
 -100.215095967 -1.28109745843 0.25 h
 -99.8275881999 -0.506605540743 -0.25 h
 -99.8275881999 -0.506605540743 0.25 h
 -102.591952673 -2.07156026098 -0.25 h
 -102.591952673 -2.07156026098 0.25 h
 -101.727521276 -2.01904016418 -0.25 h
 -101.727521276 -2.01904016418 0.25 h
 -102.114253237 -2.79391976187 -0.25 h
 -102.114253237 -2.79391976187 0.25 h
 -104.050980528 -1.34337912896 -0.25 h
 -104.050980528 -1.34337912896 0.25 h
 -104.915411925 -1.39589922575 -0.25 h
 -104.915411925 -1.39589922575 0.25 h
 -104.528679965 -0.621019628068 -0.25 h
 -104.528679965 -0.621019628068 0.25 h
 -107.293084036 -2.18990261555 -0.25 h
 -107.293084036 -2.18990261555 0.25 h
 -106.428710574 -2.13643750262 -0.25 h
 -106.428710574 -2.13643750262 0.25 h
 -106.814595159 -2.91173943548 -0.25 h
 -106.814595159 -2.91173943548 0.25 h
 -108.75105544 -1.46423863068 -0.25 h
 -108.75105544 -1.46423863068 0.25 h
 -109.615428902 -1.51770374361 -0.25 h
 -109.615428902 -1.51770374361 0.25 h
 -109.229544317 -0.742401810752 -0.25 h
 -109.229544317 -0.742401810752 0.25 h
 -111.994383156 -2.31594394441 -0.25 h
 -111.994383156 -2.31594394441 0.25 h
 -111.130077165 -2.26139897199 -0.25 h
 -111.130077165 -2.26139897199 0.25 h
 -111.514992829 -3.037182403 -0.25 h
 -111.514992829 -3.037182403 0.25 h
 -113.450733869 -1.59335542405 -0.25 h
 -113.450733869 -1.59335542405 0.25 h
 -114.31503986 -1.64790039648 -0.25 h
 -114.31503986 -1.64790039648 0.25 h
 -113.930124197 -0.872116965467 -0.25 h
 -113.930124197 -0.872116965467 0.25 h
 -116.696028878 -2.45158806108 -0.25 h
 -116.696028878 -2.45158806108 0.25 h
 -115.831810793 -2.39566756397 -0.25 h
 -115.831810793 -2.39566756397 0.25 h
 -116.215491264 -3.17206262833 -0.25 h
 -116.215491264 -3.17206262833 0.25 h
 -118.149889039 -1.73311652821 -0.25 h
 -118.149889039 -1.73311652821 0.25 h
 -119.014107124 -1.78903702533 -0.25 h
 -119.014107124 -1.78903702533 0.25 h
 -118.630426653 -1.01264196097 -0.25 h
 -118.630426653 -1.01264196097 0.25 h
 -121.398411986 -2.60050949965 -0.25 h
 -121.398411986 -2.60050949965 0.25 h
 -120.534319605 -2.54267908849 -0.25 h
 -120.534319605 -2.54267908849 0.25 h
 -120.91628319 -3.31992024755 -0.25 h
 -120.91628319 -3.31992024755 0.25 h
 -122.848087033 -1.88808830042 -0.25 h
 -122.848087033 -1.88808830042 0.25 h
 -123.712179414 -1.94591871159 -0.25 h
 -123.712179414 -1.94591871159 0.25 h
 -123.330215829 -1.16867755252 -0.25 h
 -123.330215829 -1.16867755252 0.25 h
 -126.102717711 -2.77065029551 -0.25 h
 -126.102717711 -2.77065029551 0.25 h
 -125.238881449 -2.70911239702 -0.25 h
 -125.238881449 -2.70911239702 0.25 h
 -125.617506197 -3.48798549362 -0.25 h
 -125.617506197 -3.48798549362 0.25 h
 -127.544701263 -2.06967518093 -0.25 h
 -127.544701263 -2.06967518093 0.25 h
 -128.408537525 -2.13121307942 -0.25 h
 -128.408537525 -2.13121307942 0.25 h
 -128.029912777 -1.35233998282 -0.25 h
 -128.029912777 -1.35233998282 0.25 h
 -130.813922944 -2.98676382862 -0.25 h
 -130.813922944 -2.98676382862 0.25 h
 -129.950634545 -2.91796601073 -0.25 h
 -129.950634545 -2.91796601073 0.25 h
 -130.322698086 -3.69999460421 -0.25 h
 -130.322698086 -3.69999460421 0.25 h
 -132.23281094 -2.31170348242 -0.25 h
 -132.23281094 -2.31170348242 0.25 h
 -133.09609934 -2.38050130031 -0.25 h
 -133.09609934 -2.38050130031 0.25 h
 -132.724035798 -1.59847270684 -0.25 h
 -132.724035798 -1.59847270684 0.25 h
 79.2935781242 1.93879749822 -0.25 h
 79.2935781242 1.93879749822 0.25 h
 78.4287593467 1.89309758394 -0.25 h
 78.4287593467 1.89309758394 0.25 h
 78.8215914487 2.66490257202 -0.25 h
 78.8215914487 2.66490257202 0.25 h
 80.7424964323 1.20132931207 -0.25 h
 80.7424964323 1.20132931207 0.25 h
 81.6073152098 1.24702922636 -0.25 h
 81.6073152098 1.24702922636 0.25 h
 81.2144831078 0.475224238271 -0.25 h
 81.2144831078 0.475224238271 0.25 h
 83.9968196122 2.02495094987 -0.25 h
 83.9968196122 2.02495094987 0.25 h
 83.1320367409 1.97857654411 -0.25 h
 83.1320367409 1.97857654411 0.25 h
 83.524266763 2.75068768229 -0.25 h
 83.524266763 2.75068768229 0.25 h
 85.4426851731 1.29045580662 -0.25 h
 85.4426851731 1.29045580662 0.25 h
 86.3074680444 1.33683021238 -0.25 h
 86.3074680444 1.33683021238 0.25 h
 85.9152380222 0.564719074201 -0.25 h
 85.9152380222 0.564719074201 0.25 h
 88.7009149057 2.120815895 -0.25 h
 88.7009149057 2.120815895 0.25 h
 87.8362052634 2.07309551677 -0.25 h
 87.8362052634 2.07309551677 0.25 h
 88.2272330247 2.84581622302 -0.25 h
 88.2272330247 2.84581622302 0.25 h
 90.1421858946 1.39147479713 -0.25 h
 90.1421858946 1.39147479713 0.25 h
 91.0068955369 1.43919517537 -0.25 h
 91.0068955369 1.43919517537 0.25 h
 90.6158677756 0.666474469114 -0.25 h
 90.6158677756 0.666474469114 0.25 h
 93.407189116 2.23510797875 -0.25 h
 93.407189116 2.23510797875 0.25 h
 92.5426683554 2.18408000128 -0.25 h
 92.5426683554 2.18408000128 0.25 h
 92.9307372109 2.9582909308 -0.25 h
 92.9307372109 2.9582909308 0.25 h
 94.8405880432 1.51662486267 -0.25 h
 94.8405880432 1.51662486267 0.25 h
 95.7051088038 1.56765284014 -0.25 h
 95.7051088038 1.56765284014 0.25 h
 95.3170399482 0.793441910624 -0.25 h
 95.3170399482 0.793441910624 0.25 h
 98.120911952 2.39340326269 -0.25 h
 98.120911952 2.39340326269 0.25 h
 97.2568350882 2.33534145571 -0.25 h
 97.2568350882 2.33534145571 0.25 h
 97.6385905203 3.11268487408 -0.25 h
 97.6385905203 3.11268487408 0.25 h
 99.5312357496 1.70078947323 -0.25 h
 99.5312357496 1.70078947323 0.25 h
 100.395312613 1.75885128021 -0.25 h
 100.395312613 1.75885128021 0.25 h
 100.013557181 0.98150786184 -0.25 h
 100.013557181 0.98150786184 0.25 h
$end
