$coord
    1.20760135427760      0.66742740082010      0.00000000000000      c
    1.12342761781477      2.71830592719869      0.00000000000000      h
    3.45926953319709     -0.47124447942270      0.00000000000000      c
    3.54767573675312     -2.52204582763061      0.00000000000000      h
   -1.20760135427760     -0.66742740082010      0.00000000000000      c
   -1.12342761781477     -2.71830592719869      0.00000000000000      h
   -3.45926953319709      0.47124447942270      0.00000000000000      c
   -3.54767573675312      2.52204582763061      0.00000000000000      h
   -5.87758056081904     -0.87322321043039      0.00000000000000      c
   -5.77998295304280     -2.92301664117848      0.00000000000000      h
   -8.12471506048327      0.24681098586014      0.00000000000000      c
   -9.86074053506649     -0.83972891884306      0.00000000000000      h
   -8.31181309444299      2.28948515594375      0.00000000000000      h
    5.87758056081904      0.87322321043039      0.00000000000000      c
    5.77998295304280      2.92301664117848      0.00000000000000      h
    8.12471506048327     -0.24681098586014      0.00000000000000      c
    9.86074053506649      0.83972891884306      0.00000000000000      h
    8.31181309444299     -2.28948515594375      0.00000000000000      h
$user-defined bonds
$redundant
     number_of_atoms            18
     degrees_of_freedom         33
     internal_coordinates       33
     frozen_coordinates          0
# definitions of redundant internals
   1 k  1.0000000000000 stre   14   16           val=   2.51079
   2 k  1.0000000000000 stre    3    4           val=   2.05271
   3 k  1.0000000000000 stre    5    6           val=   2.05261
   4 k  1.0000000000000 stre    7    8           val=   2.05271
   5 k  1.0000000000000 stre    9   10           val=   2.05212
   6 k  1.0000000000000 stre   11   13           val=   2.05122
   7 k  1.0000000000000 stre   14   15           val=   2.05212
   8 k  1.0000000000000 stre   16   17           val=   2.04801
   9 k  1.0000000000000 stre   16   18           val=   2.05122
  10 k  1.0000000000000 stre    9   11           val=   2.51079
  11 k  1.0000000000000 stre    1    2           val=   2.05261
  12 k  1.0000000000000 stre    1    3           val=   2.52321
  13 k  1.0000000000000 stre    5    7           val=   2.52321
  14 k  1.0000000000000 stre    1    5           val=   2.75954
  15 k  1.0000000000000 stre   11   12           val=   2.04801
  16 k  1.0000000000000 stre    7    9           val=   2.76692
  17 k  1.0000000000000 stre    3   14           val=   2.76692
  18 k -0.8164963344595 bend   18   17   16      val=   2.39380
        0.4087975856400 bend   14   17   16
        0.4076987488195 bend   14   18   16
  19 k -0.8164963344595 bend   13   12   11      val=   2.39380
        0.4087975856400 bend    9   12   11
        0.4076987488195 bend    9   13   11
  20 k  0.7071067811865 bend   16   15   14      val=   1.43645
       -0.7071067811865 bend    3   15   14
  21 k  0.7071067811865 bend   11   10    9      val=   1.43645
       -0.7071067811865 bend    7   10    9
  22 k -0.7071067811865 bend    5    8    7      val=  -1.34528
        0.7071067811865 bend    9    8    7
  23 k  0.7071067811865 bend    1    4    3      val=   1.34528
       -0.7071067811865 bend   14    4    3
  24 k  0.7071067811865 bend    3    2    1      val=   1.29869
       -0.7071067811865 bend    5    2    1
  25 k -0.7071067811865 bend    7    6    5      val=  -1.29869
        0.7071067811865 bend    1    6    5
  26 k -0.0006344137341 bend   18   17   16      val=   0.13249
       -0.7067893608718 bend   14   17   16
        0.7074237746059 bend   14   18   16
  27 k  0.0006344137341 bend   13   12   11      val=  -0.13249
        0.7067893608718 bend    9   12   11
       -0.7074237746059 bend    9   13   11
  28 k  1.0000000000000 bend    7   11    9      val= 124.43505
  29 k  1.0000000000000 bend    3   16   14      val= 124.43505
  30 k  1.0000000000000 bend    5    3    1      val= 124.24528
  31 k  1.0000000000000 bend    1    7    5      val= 124.24528
  32 k  1.0000000000000 bend    1   14    3      val= 124.10220
  33 k  1.0000000000000 bend    5    9    7      val= 124.10220
        33 non zero eigenvalues  of BmBt
           1           4.621478229    1    0
         1
           2           4.342991205    2    0
         2
           3           4.052262514    3    0
         3
           4           3.945561633    4    0
         4
           5           3.874724347    5    0
         5
           6           3.584631591    6    0
         6
           7           3.300774355    7    0
         7
           8           3.132490255    8    0
         8
           9           2.684162541    9    0
         9
          10           2.566197953   10    0
        10
          11           2.352040914   11    0
        11
          12           2.147544302   12    0
        12
          13           2.038167548   13    0
        13
          14           2.006446816   14    0
        14
          15           1.456302867   15    0
        15
          16           1.079989254   16    0
        16
          17           0.898076014   17    0
        17
          18           0.897134165   18    0
        18
          19           0.665341145   19    0
        19
          20           0.642679036   20    0
        20
          21           0.597350622   21    0
        21
          22           0.544920009   22    0
        22
          23           0.462642624   23    0
        23
          24           0.392840788   24    0
        24
          25           0.354158326   25    0
        25
          26           0.350953004   26    0
        26
          27           0.336028855   27    0
        27
          28           0.140088067   28    0
        28
          29           0.140015554   29    0
        29
          30           0.081414037   30    0
        30
          31           0.048883608   31    0
        31
          32           0.029482710   32    0
        32
          33           0.005273885   33    0
        33
$end
