$coord
    0.00000050042577      1.26263354086473      0.00000000000000  c
   -0.00000051922799     -1.26261564173911      0.00000000000000  c
 2.98534058278e-07 0.762633540865 0.25 h
 2.98534058278e-07 0.762633540865 -0.25 h
 0.433013303264 1.51263336602 0.25 h
 0.433013303264 1.51263336602 -0.25 h
 -0.433012100521 1.51263371571 0.25 h
 -0.433012100521 1.51263371571 -0.25 h
 -3.17336278278e-07 -0.762615641739 0.25 h
 -3.17336278278e-07 -0.762615641739 -0.25 h
 -0.433013322066 -1.5126154669 0.25 h
 -0.433013322066 -1.5126154669 -0.25 h
 0.433012081718 -1.51261581658 0.25 h
 0.433012081718 -1.51261581658 -0.25 h
$user-defined bonds
$redundant
     number_of_atoms             6
     degrees_of_freedom          9
     internal_coordinates        9
     frozen_coordinates          0
# definitions of redundant internals
   1 k  1.0000000000000 stre   1    4           val=   2.52525
   2 k  1.0000000000000 stre   1    2           val=   2.07375
   3 k  1.0000000000000 stre   4    5           val=   2.07375
   4 k  1.0000000000000 stre   4    6           val=   2.07375
   5 k  1.0000000000000 stre   1    3           val=   2.07375
   6 k -0.8164965809277 bend   6    5    4      val=   2.58621
        0.4082482904639 bend   1    5    4
        0.4082482904639 bend   1    6    4
   7 k -0.8164965809277 bend   2    3    1      val=   2.58491
        0.4082482904639 bend   4    3    1
        0.4082482904639 bend   4    2    1
   8 k -0.7071067811865 bend   1    5    4      val=  -0.00004
        0.7071067811865 bend   1    6    4
   9 k  0.7071067811865 bend   4    3    1      val=  -0.00004
       -0.7071067811865 bend   4    2    1
         9 non zero eigenvalues  of BmBt
           1           4.211916822    1    0
         1
           2           4.012887781    2    0
         2
           3           2.582783804    3    0
         3
           4           2.427651082    4    0
         4
           5           0.927031980    5    0
         5
           6           0.906757070    6    0
         6
           7           0.647214286    7    0
         7
           8           0.394488391    8    0
         8
           9           0.284097825    9    0
         9
$end
