$coord
   -1.34573084294907      6.97474082227220      0.00000000000000  c
   -2.68771211677800      4.65521396678462      0.00000000000000  c
   -1.33926663970428      2.31953649533325      0.00000000000000  c
    1.33925649039177      2.31956372754353      0.00000000000000  c
    2.68763057556227      4.65521909226570      0.00000000000000  c
    1.34564086878727      6.97477591183234      0.00000000000000  c
   -2.67850781640812     -0.00008361593372      0.00000000000000  c
    2.67860154730605      0.00002506810972      0.00000000000000  c
    1.33934039210634     -2.31964896987093      0.00000000000000  c
   -1.33920138615047     -2.31971342711255      0.00000000000000  c
    2.68771059202453     -4.65526252694517      0.00000000000000  c
    5.36754410369179     -4.65282797133746      0.00000000000000  c
    6.71312751070959     -2.32201208272689      0.00000000000000  c
    5.37549197465229      0.00005710749309      0.00000000000000  c
    6.71321673890892      2.32205029653377      0.00000000000000  c
    5.36745248760745      4.65277718939658      0.00000000000000  c
   -5.36752762034153      4.65290156313478      0.00000000000000  c
   -6.71303331562973      2.32201382336180      0.00000000000000  c
   -5.37537487137210     -0.00002200288100      0.00000000000000  c
   -6.71322716951915     -2.32199472975653      0.00000000000000  c
   -5.36744687354171     -4.65272834043428      0.00000000000000  c
   -2.68763031680602     -4.65526993641266      0.00000000000000  c
    1.34573605274143     -6.97484844763057      0.00000000000000  c
   -1.34564113496950     -6.97488856783551      0.00000000000000  c
    6.70818371342229     -6.99369797609022      0.00000000000000  c
    2.70268288769507     -9.30632759962465      0.00000000000000  c
   -2.70259027030982     -9.30639739661363      0.00000000000000  c
   -6.70823353896433     -6.99352337824927      0.00000000000000  c
   -9.41082640346062     -2.31259383252231      0.00000000000000  c
   -9.41061266110279      2.31268022669399      0.00000000000000  c
   -6.70815436474391      6.99379676881487      0.00000000000000  c
   -2.70269990095528      9.30627096216959      0.00000000000000  c
    2.70255829659744      9.30624849072660      0.00000000000000  c
    6.70806366383206      6.99367848566422      0.00000000000000  c
    9.41079405232564      2.31265019057527      0.00000000000000  c
    9.41068775421138     -2.31267410145151      0.00000000000000  c
   -9.41937014935087     -6.92495860856465      0.00000000000000  c
   -5.34778739885579     -9.26256259367772      0.00000000000000  c
   10.69556544395812     -0.00003845461531      0.00000000000000  c
   10.70695134966255     -4.69482791375023      0.00000000000000  c
    5.34777971305490      9.26277064525076      0.00000000000000  c
    1.28753152855061     11.61990144847288      0.00000000000000  c
  -10.70680044071929      4.69492905656413      0.00000000000000  c
  -10.69550089624224      0.00008847433139      0.00000000000000  c
   -1.28760619042417    -11.62003694937210      0.00000000000000  c
    1.28760280127515    -11.61997780926483      0.00000000000000  c
  -10.70699951252429     -4.69479789436813      0.00000000000000  c
   -9.41932029133573      6.92514573960656      0.00000000000000  c
   -1.28766408546689     11.61983959265347      0.00000000000000  c
    9.41923276709359      6.92499515544221      0.00000000000000  c
   10.70692921313326      4.69487464377978      0.00000000000000  c
    9.41938929815900     -6.92507805219500      0.00000000000000  c
    5.34788259679653     -9.26278506396670      0.00000000000000  c
   -5.34787971286773      9.26290857415346      0.00000000000000  c
 -1.59612282107 6.54195466573 0.25 h
 -1.59612282107 6.54195466573 -0.25 h
 -0.845731047919 6.97428808659 0.25 h
 -0.845731047919 6.97428808659 -0.25 h
 -1.59533865986 7.4079797145 0.25 h
 -1.59533865986 7.4079797145 -0.25 h
 -2.43732013866 5.08800012332 0.25 h
 -2.43732013866 5.08800012332 -0.25 h
 -3.18771191181 4.65566670247 0.25 h
 -3.18771191181 4.65566670247 -0.25 h
 -2.43810429987 4.22197507456 0.25 h
 -2.43810429987 4.22197507456 -0.25 h
 -1.58926774309 1.88652443048 0.25 h
 -1.58926774309 1.88652443048 -0.25 h
 -0.839266639706 2.31953522125 0.25 h
 -0.839266639706 2.31953522125 -0.25 h
 -1.58926553632 2.75254983427 0.25 h
 -1.58926553632 2.75254983427 -0.25 h
 1.5892787213 1.88656386143 -0.25 h
 1.5892787213 1.88656386143 0.25 h
 0.839256491051 2.31953805712 -0.25 h
 0.839256491051 2.31953805712 0.25 h
 1.58923425882 2.75258926408 -0.25 h
 1.58923425882 2.75258926408 0.25 h
 2.43723984199 5.08800596885 -0.25 h
 2.43723984199 5.08800596885 0.25 h
 3.18763037189 4.65567039012 -0.25 h
 3.18763037189 4.65567039012 0.25 h
 2.4380215128 4.22198091783 -0.25 h
 2.4380215128 4.22198091783 0.25 h
 1.59603160235 6.54198903525 -0.25 h
 1.59603160235 6.54198903525 0.25 h
 0.845641072457 6.97432461398 -0.25 h
 0.845641072457 6.97432461398 0.25 h
 1.59524993155 7.40801408627 -0.25 h
 1.59524993155 7.40801408627 0.25 h
 -2.42850671302 0.432928448916 -0.25 h
 -2.42850671302 0.432928448916 0.25 h
 -2.4285089198 -0.433096954866 -0.25 h
 -2.4285089198 -0.433096954866 0.25 h
 -3.17850781641 -8.23418509698e-05 -0.25 h
 -3.17850781641 -8.23418509698e-05 0.25 h
 2.42857931639 0.433024934218 0.25 h
 2.42857931639 0.433024934218 -0.25 h
 2.42862377888 -0.433000468425 0.25 h
 2.42862377888 -0.433000468425 -0.25 h
 3.17860154665 5.07385356329e-05 0.25 h
 3.17860154665 5.07385356329e-05 -0.25 h
 1.58933993359 -1.88663600325 0.25 h
 1.58933993359 -1.88663600325 -0.25 h
 0.839340392107 -2.31964949932 0.25 h
 0.839340392107 -2.31964949932 -0.25 h
 1.58934085062 -2.75266140704 0.25 h
 1.58934085062 -2.75266140704 -0.25 h
 -1.58921084111 -1.88670618418 -0.25 h
 -1.58921084111 -1.88670618418 0.25 h
 -0.83920138627 -2.31970250939 -0.25 h
 -0.83920138627 -2.31970250939 0.25 h
 -1.58919193107 -2.75273158776 -0.25 h
 -1.58919193107 -2.75273158776 0.25 h
 2.4373243323 -5.08805199186 0.25 h
 2.4373243323 -5.08805199186 -0.25 h
 3.18771039299 -4.65570865617 0.25 h
 3.18771039299 -4.65570865617 -0.25 h
 2.43809705078 -4.22202693281 0.25 h
 2.43809705078 -4.22202693281 -0.25 h
 4.86754431002 -4.6532822075 -0.25 h
 4.86754431002 -4.6532822075 0.25 h
 5.61715062047 -4.21958833005 -0.25 h
 5.61715062047 -4.21958833005 0.25 h
 5.61793738059 -5.08561337646 -0.25 h
 5.61793738059 -5.08561337646 0.25 h
 6.46354908044 -1.8887562609 0.25 h
 6.46354908044 -1.8887562609 -0.25 h
 6.46270617781 -2.75478125449 0.25 h
 6.46270617781 -2.75478125449 -0.25 h
 7.21312727388 -2.32249873279 0.25 h
 7.21312727388 -2.32249873279 -0.25 h
 5.62508903853 0.433302194833 -0.25 h
 5.62508903853 0.433302194833 0.25 h
 5.62589469441 -0.432722834204 -0.25 h
 5.62589469441 -0.432722834204 0.25 h
 4.87549219101 -0.000408038149309 -0.25 h
 4.87549219101 -0.000408038149309 0.25 h
 6.46361967503 1.88880520919 -0.25 h
 6.46361967503 1.88880520919 0.25 h
 6.46281401915 2.75483023823 -0.25 h
 6.46281401915 2.75483023823 0.25 h
 7.21321652255 2.32251544218 -0.25 h
 7.21321652255 2.32251544218 0.25 h
 4.86745269519 4.65323279838 0.25 h
 4.86745269519 4.65323279838 -0.25 h
 5.61705781487 4.21953686278 0.25 h
 5.61705781487 4.21953686278 -0.25 h
 5.61784695277 5.08556190703 0.25 h
 5.61784695277 5.08556190703 -0.25 h
 -4.86752780649 4.65333301127 -0.25 h
 -4.86752780649 4.65333301127 0.25 h
 -5.61715388222 4.21967329838 -0.25 h
 -5.61715388222 4.21967329838 0.25 h
 -5.61790117231 5.08569837975 -0.25 h
 -5.61790117231 5.08569837975 0.25 h
 -6.46344898354 1.88876140136 0.25 h
 -6.46344898354 1.88876140136 -0.25 h
 -6.46261787797 2.75478640634 0.25 h
 -6.46261787797 2.75478640634 -0.25 h
 -7.21303308538 2.32249366238 0.25 h
 -7.21303308538 2.32249366238 -0.25 h
 -5.62495920347 0.433230419124 0.25 h
 -5.62495920347 0.433230419124 -0.25 h
 -5.62579030903 -0.432794585863 0.25 h
 -5.62579030903 -0.432794585863 -0.25 h
 -4.87537510162 -0.000501841903931 0.25 h
 -4.87537510162 -0.000501841903931 -0.25 h
 -6.46361058888 -1.88876088681 -0.25 h
 -6.46361058888 -1.88876088681 0.25 h
 -6.46284394607 -2.75478595127 -0.25 h
 -6.46284394607 -2.75478595127 0.25 h
 -7.21322697361 -2.32243735119 -0.25 h
 -7.21322697361 -2.32243735119 0.25 h
 -4.86744709842 -4.65320255103 0.25 h
 -4.86744709842 -4.65320255103 -0.25 h
 -5.61703608268 -4.21947872799 0.25 h
 -5.61703608268 -4.21947872799 -0.25 h
 -5.61785743953 -5.08550374228 0.25 h
 -5.61785743953 -5.08550374228 -0.25 h
 -3.18763009193 -4.65479572581 0.25 h
 -3.18763009193 -4.65479572581 -0.25 h
 -2.43804110767 -5.08851954886 0.25 h
 -2.43804110767 -5.08851954886 -0.25 h
 -2.43721975082 -4.22249453457 0.25 h
 -2.43721975082 -4.22249453457 -0.25 h
 1.59612231246 -6.54205898272 0.25 h
 1.59612231246 -6.54205898272 -0.25 h
 0.845736251773 -6.97440231841 0.25 h
 0.845736251773 -6.97440231841 -0.25 h
 1.59534959399 -7.40808404177 0.25 h
 1.59534959399 -7.40808404177 -0.25 h
 -1.59602679612 -6.54209875662 -0.25 h
 -1.59602679612 -6.54209875662 0.25 h
 -0.845641333384 -6.97444313014 -0.25 h
 -0.845641333384 -6.97444313014 0.25 h
 -1.5952552754 -7.40812381674 -0.25 h
 -1.5952552754 -7.40812381674 0.25 h
 6.45109582206 -7.42254039017 -0.25 h
 6.45109582206 -7.42254039017 0.25 h
 6.46533923429 -6.55663212413 -0.25 h
 6.46533923429 -6.55663212413 0.25 h
 7.20811608392 -7.00192141397 -0.25 h
 7.20811608392 -7.00192141397 0.25 h
 3.20261516063 -9.29809823277 0.25 h
 3.20261516063 -9.29809823277 -0.25 h
 2.44558991047 -8.87748823452 0.25 h
 2.44558991047 -8.87748823452 -0.25 h
 2.45984359198 -9.74339633159 0.25 h
 2.45984359198 -9.74339633159 -0.25 h
 -3.20252163105 -9.29811279943 -0.25 h
 -3.20252163105 -9.29811279943 0.25 h
 -2.44544991832 -8.87758643666 -0.25 h
 -2.44544991832 -8.87758643666 0.25 h
 -2.45979926156 -9.74349295375 -0.25 h
 -2.45979926156 -9.74349295375 0.25 h
 -6.45112149602 -7.42235131271 0.25 h
 -6.45112149602 -7.42235131271 -0.25 h
 -6.46541367534 -6.55644385021 0.25 h
 -6.46541367534 -6.55644385021 -0.25 h
 -7.20816544553 -7.00177497183 0.25 h
 -7.20816544553 -7.00177497183 -0.25 h
 -9.65362634822 -1.87550323914 -0.25 h
 -9.65362634822 -1.87550323914 0.25 h
 -8.91089487346 -2.32086820901 -0.25 h
 -8.91089487346 -2.32086820901 0.25 h
 -9.66795798871 -2.74141004941 -0.25 h
 -9.66795798871 -2.74141004941 0.25 h
 -9.65345074063 1.87561081901 0.25 h
 -9.65345074063 1.87561081901 -0.25 h
 -8.91068041107 2.32091098466 0.25 h
 -8.91068041107 2.32091098466 -0.25 h
 -9.66770683161 2.74151887641 0.25 h
 -9.66770683161 2.74151887641 -0.25 h
 -6.45107221284 7.42264262361 -0.25 h
 -6.45107221284 7.42264262361 0.25 h
 -6.46530403614 6.55673416701 -0.25 h
 -6.46530403614 6.55673416701 0.25 h
 -7.20808684525 7.00201351583 -0.25 h
 -7.20808684525 7.00201351583 0.25 h
 -3.20263273202 9.29807557171 0.25 h
 -3.20263273202 9.29807557171 -0.25 h
 -2.44563606909 8.87741412551 0.25 h
 -2.44563606909 8.87741412551 -0.25 h
 -2.45983090176 9.74332318929 0.25 h
 -2.45983090176 9.74332318929 -0.25 h
 3.20249077169 9.29803141417 -0.25 h
 3.20249077169 9.29803141417 0.25 h
 2.445475862 8.8774028054 -0.25 h
 2.445475862 8.8774028054 0.25 h
 2.4597082561 9.74331125261 -0.25 h
 2.4597082561 9.74331125261 0.25 h
 6.45097858172 7.42252258386 0.25 h
 6.45097858172 7.42252258386 -0.25 h
 6.46521632159 6.55661422453 0.25 h
 6.46521632159 6.55661422453 -0.25 h
 7.20799608819 7.00189864861 0.25 h
 7.20799608819 7.00189864861 -0.25 h
 9.65360748331 1.87556708894 -0.25 h
 9.65360748331 1.87556708894 0.25 h
 8.91086226725 2.32090914178 -0.25 h
 8.91086226725 2.32090914178 0.25 h
 9.66791240641 2.74147434101 -0.25 h
 9.66791240641 2.74147434101 0.25 h
 9.65352078888 -1.87560189086 0.25 h
 9.65352078888 -1.87560189086 -0.25 h
 8.91075559921 -2.32091062985 0.25 h
 8.91075559921 -2.32091062985 -0.25 h
 9.66778687454 -2.74150978365 0.25 h
 9.66778687454 -2.74150978365 -0.25 h
 -9.66937677133 -6.49194972994 -0.25 h
 -9.66937677133 -6.49194972994 0.25 h
 -8.91937014941 -6.92495096213 -0.25 h
 -8.91937014941 -6.92495096213 0.25 h
 -9.66936352731 -7.35797513363 -0.25 h
 -9.66936352731 -7.35797513363 0.25 h
 -4.84785603812 -9.27084719086 0.25 h
 -4.84785603812 -9.27084719086 -0.25 h
 -5.5905784076 -8.82546703654 0.25 h
 -5.5905784076 -8.82546703654 -0.25 h
 -5.60492775085 -9.69137355363 0.25 h
 -5.60492775085 -9.69137355363 -0.25 h
 10.452752013 0.437044647017 0.25 h
 10.452752013 0.437044647017 -0.25 h
 10.4384470899 -0.428862605046 0.25 h
 10.4384470899 -0.428862605046 -0.25 h
 11.195497229 -0.00829740581674 0.25 h
 11.195497229 -0.00829740581674 -0.25 h
 10.4569620477 -5.127846792 -0.25 h
 10.4569620477 -5.127846792 0.25 h
 10.4569406517 -4.26182138848 -0.25 h
 10.4569406517 -4.26182138848 0.25 h
 11.2069513495 -4.69481556076 -0.25 h
 11.2069513495 -4.69481556076 0.25 h
 4.84784723796 9.27098772181 0.25 h
 4.84784723796 9.27098772181 -0.25 h
 5.59062975355 8.82570788336 0.25 h
 5.59062975355 8.82570788336 -0.25 h
 5.60486214765 9.69161633058 0.25 h
 5.60486214765 9.69161633058 -0.25 h
 0.787531528695 11.6198894385 0.25 h
 0.787531528695 11.6198894385 -0.25 h
 1.53754192938 11.1868947517 0.25 h
 1.53754192938 11.1868947517 -0.25 h
 1.53752112758 12.0529201552 0.25 h
 1.53752112758 12.0529201552 -0.25 h
 -10.4568202532 5.12795319662 -0.25 h
 -10.4568202532 5.12795319662 0.25 h
 -10.4567806287 4.26192779374 -0.25 h
 -10.4567806287 4.26192779374 0.25 h
 -11.2068004402 4.69490617933 -0.25 h
 -11.2068004402 4.69490617933 0.25 h
 -10.4527009515 -0.437002119052 0.25 h
 -10.4527009515 -0.437002119052 -0.25 h
 -10.438369311 0.428904691224 0.25 h
 -10.438369311 0.428904691224 -0.25 h
 -11.1954324262 0.00836285082237 0.25 h
 -11.1954324262 0.00836285082237 -0.25 h
 -0.787606190556 -11.6200254668 0.25 h
 -0.787606190556 -11.6200254668 -0.25 h
 -1.53761613457 -11.1870299889 0.25 h
 -1.53761613457 -11.1870299889 -0.25 h
 -1.53759624615 -12.0530553924 0.25 h
 -1.53759624615 -12.0530553924 -0.25 h
 0.787602801407 -11.6199892918 -0.25 h
 0.787602801407 -11.6199892918 0.25 h
 1.537592857 -11.1869593662 -0.25 h
 1.537592857 -11.1869593662 0.25 h
 1.53761274542 -12.0529847698 -0.25 h
 1.53761274542 -12.0529847698 0.25 h
 -10.4569928905 -5.12780677299 0.25 h
 -10.4569928905 -5.12780677299 -0.25 h
 -10.4570061346 -4.26178136931 0.25 h
 -10.4570061346 -4.26178136931 -0.25 h
 -11.2069995125 -4.69480554081 0.25 h
 -11.2069995125 -4.69480554081 -0.25 h
 -9.66930047881 6.49212159955 0.25 h
 -9.66930047881 6.49212159955 -0.25 h
 -8.91932029186 6.92516861684 0.25 h
 -8.91932029186 6.92516861684 -0.25 h
 -9.66934010334 7.35814700243 0.25 h
 -9.66934010334 7.35814700243 -0.25 h
 -0.787664085611 11.6198516026 -0.25 h
 -0.787664085611 11.6198516026 0.25 h
 -1.53765368449 11.1868208859 -0.25 h
 -1.53765368449 11.1868208859 0.25 h
 -1.5376744863 12.0528462895 -0.25 h
 -1.5376744863 12.0528462895 0.25 h
 9.66925253746 6.49199386858 -0.25 h
 9.66925253746 6.49199386858 0.25 h
 8.91923276761 6.92497232628 -0.25 h
 8.91923276761 6.92497232628 0.25 h
 9.6692129962 7.35801927146 -0.25 h
 9.6692129962 7.35801927146 0.25 h
 10.4569094428 5.12787593064 0.25 h
 10.4569094428 5.12787593064 -0.25 h
 10.456948984 4.26185052776 0.25 h
 10.456948984 4.26185052776 -0.25 h
 11.2069292126 4.69489747294 0.25 h
 11.2069292126 4.69489747294 -0.25 h
 9.66937860008 -6.49205917394 0.25 h
 9.66937860008 -6.49205917394 -0.25 h
 8.91938929831 -6.92509040518 0.25 h
 8.91938929831 -6.92509040518 -0.25 h
 9.66939999608 -7.35808457746 0.25 h
 9.66939999608 -7.35808457746 -0.25 h
 4.84795032386 -9.27101443083 -0.25 h
 4.84795032386 -9.27101443083 0.25 h
 5.59072189251 -8.825716332 -0.25 h
 5.59072189251 -8.825716332 0.25 h
 5.60497557402 -9.69162442907 -0.25 h
 5.60497557402 -9.69162442907 0.25 h
 -4.8479468818 9.27110396462 -0.25 h
 -4.8479468818 9.27110396462 0.25 h
 -5.59074871206 8.82585634704 -0.25 h
 -5.59074871206 8.82585634704 0.25 h
 -5.60494354473 9.69176541081 -0.25 h
 -5.60494354473 9.69176541081 0.25 h
$end
