$coord
    1.18680912881068      0.66287081346369      0.00000000000000  c
    3.51394558209633     -0.48078227588539      0.00000000000000  c
   -1.18664155661043     -0.66287535587145      0.00000000000000  c
   -3.51383902402695      0.48077196222102      0.00000000000000  c
   -5.89484186429159     -0.86079056065890      0.00000000000000  c
   -8.20542583965104      0.25842778125230      0.00000000000000  c
    5.89486349257431      0.86075658099913      0.00000000000000  c
    8.20529105354476     -0.25843474061959      0.00000000000000  c
 1.63554825741 0.442341462892 -0.25 h
 1.63554825741 0.442341462892 0.25 h
 0.771455544636 0.38451600371 -0.25 h
 0.771455544636 0.38451600371 0.25 h
 1.15342358439 1.16175497379 -0.25 h
 1.15342358439 1.16175497379 0.25 h
 3.0652064535 -0.260252925314 -0.25 h
 3.0652064535 -0.260252925314 0.25 h
 3.92929916627 -0.202427466132 -0.25 h
 3.92929916627 -0.202427466132 0.25 h
 3.54733112652 -0.979666436211 -0.25 h
 3.54733112652 -0.979666436211 0.25 h
 -1.63538341437 -0.442351558759 -0.25 h
 -1.63538341437 -0.442351558759 0.25 h
 -0.771291417291 -0.384515405865 -0.25 h
 -0.771291417291 -0.384515405865 0.25 h
 -1.15324983817 -1.16175910299 -0.25 h
 -1.15324983817 -1.16175910299 0.25 h
 -3.06509716627 0.260248165109 -0.25 h
 -3.06509716627 0.260248165109 0.25 h
 -3.92918916335 0.202412012214 -0.25 h
 -3.92918916335 0.202412012214 0.25 h
 -3.54723074247 0.97965570934 -0.25 h
 -3.54723074247 0.97965570934 0.25 h
 -6.34483029292 -0.642821723198 -0.25 h
 -6.34483029292 -0.642821723198 0.25 h
 -5.4810810995 -0.580073568791 -0.25 h
 -5.4810810995 -0.580073568791 0.25 h
 -5.85861420045 -1.35947638999 -0.25 h
 -5.85861420045 -1.35947638999 0.25 h
 -7.75543741103 0.0404589437916 -0.25 h
 -7.75543741103 0.0404589437916 0.25 h
 -8.61918660444 -0.0222892106153 -0.25 h
 -8.61918660444 -0.0222892106153 0.25 h
 -8.24165350349 0.757113610581 -0.25 h
 -8.24165350349 0.757113610581 0.25 h
 6.34484819644 0.642780054084 -0.25 h
 6.34484819644 0.642780054084 0.25 h
 5.4810979309 0.580046659594 -0.25 h
 5.4810979309 0.580046659594 0.25 h
 5.85864435038 1.35944302932 -0.25 h
 5.85864435038 1.35944302932 0.25 h
 7.75530634968 -0.0404582137046 -0.25 h
 7.75530634968 -0.0404582137046 0.25 h
 8.61905661522 0.022275180786 -0.25 h
 8.61905661522 0.022275180786 0.25 h
 8.24151019574 -0.75712118894 -0.25 h
 8.24151019574 -0.75712118894 0.25 h
$user-defined bonds
$redundant
     number_of_atoms            18
     degrees_of_freedom         33
     internal_coordinates       33
     frozen_coordinates          0
# definitions of redundant internals
   1 k  1.0000000000000 stre   1    2           val=   2.09335
   2 k  1.0000000000000 stre   3    4           val=   2.09297
   3 k  1.0000000000000 stre   5    6           val=   2.09332
   4 k  1.0000000000000 stre   7    8           val=   2.09306
   5 k  1.0000000000000 stre  16   17           val=   2.08472
   6 k  1.0000000000000 stre   9   11           val=   2.56738
   7 k  1.0000000000000 stre   3   14           val=   2.73286
   8 k  1.0000000000000 stre   1    5           val=   2.71862
   9 k  1.0000000000000 stre  16   18           val=   2.08919
  10 k  1.0000000000000 stre   9   10           val=   2.09277
  11 k  1.0000000000000 stre  11   12           val=   2.08482
  12 k  1.0000000000000 stre  14   16           val=   2.56723
  13 k  1.0000000000000 stre   7    9           val=   2.73294
  14 k  1.0000000000000 stre  11   13           val=   2.08929
  15 k  1.0000000000000 stre   1    3           val=   2.59297
  16 k  1.0000000000000 stre   5    7           val=   2.59302
  17 k  1.0000000000000 stre  14   15           val=   2.09275
  18 k -0.8164965809277 bend  13   12   11      val=   2.05567
        0.4082483052160 bend   9   12   11
        0.4082482757117 bend   9   13   11
  19 k  0.8164965809277 bend  17   18   16      val=  -2.05543
       -0.4082482920683 bend  14   18   16
       -0.4082482888594 bend  14   17   16
  20 k -0.7071067811865 bend  16   15   14      val=  -1.26783
        0.7071067811865 bend   3   15   14
  21 k -0.7071067811865 bend   5    8    7      val=  -0.78811
        0.7071067811865 bend   9    8    7
  22 k  0.7071067811865 bend   7    6    5      val=   0.73095
       -0.7071067811865 bend   1    6    5
  23 k  0.7071067811865 bend  11   10    9      val=   1.26652
       -0.7071067811865 bend   7   10    9
  24 k -0.7071067811865 bend   1    4    3      val=  -0.78751
        0.7071067811865 bend  14    4    3
  25 k  0.7071067811865 bend   3    2    1      val=   0.73154
       -0.7071067811865 bend   5    2    1
  26 k  0.0000000170343 bend  13   12   11      val=   0.16762
        0.7071067726694 bend   9   12   11
       -0.7071067897037 bend   9   13   11
  27 k -0.0000000018527 bend  17   18   16      val=   0.16743
       -0.7071067802602 bend  14   18   16
        0.7071067821129 bend  14   17   16
  28 k  1.0000000000000 bend   7   11    9      val= 124.75619
  29 k  1.0000000000000 bend   5    9    7      val= 124.43042
  30 k  1.0000000000000 bend   1    7    5      val= 124.64270
  31 k  1.0000000000000 bend   3   16   14      val= 124.75477
  32 k  1.0000000000000 bend   5    3    1      val= 124.64199
  33 k  1.0000000000000 bend   1   14    3      val= 124.42927
        33 non zero eigenvalues  of BmBt
           1           4.597746174    1    0
         1
           2           4.330577311    2    0
         2
           3           3.996559509    3    0
         3
           4           3.904426137    4    0
         4
           5           3.877646531    5    0
         5
           6           3.557550092    6    0
         6
           7           3.315605593    7    0
         7
           8           3.125362297    8    0
         8
           9           2.745002168    9    0
         9
          10           2.512292413   10    0
        10
          11           2.360868975   11    0
        11
          12           2.151816454   12    0
        12
          13           2.040197237   13    0
        13
          14           2.020177126   14    0
        14
          15           1.478520177   15    0
        15
          16           1.106286061   16    0
        16
          17           0.914343952   17    0
        17
          18           0.913655646   18    0
        18
          19           0.659040927   19    0
        19
          20           0.637477535   20    0
        20
          21           0.593811458   21    0
        21
          22           0.542925172   22    0
        22
          23           0.461172042   23    0
        23
          24           0.391438834   24    0
        24
          25           0.360047046   25    0
        25
          26           0.357457750   26    0
        26
          27           0.335571970   27    0
        27
          28           0.136104663   28    0
        28
          29           0.131988284   29    0
        29
          30           0.078811205   30    0
        30
          31           0.047353546   31    0
        31
          32           0.028640338   32    0
        32
          33           0.005218160   33    0
        33
$end
