$energy      SCF               SCFKIN            SCFPOT
     1 -310.1672950503      307.2644085772     -617.4317036275
     2 -310.1699581791      307.0475466904     -617.2175048694
     3 -310.1701069832      307.0016270387     -617.1717340218
     4 -310.1701225293      306.9933018848     -617.1634244141
     5 -310.1701239580      306.9934099062     -617.1635338642
     6 -310.1701241337      306.9939503861     -617.1640745198
     7 -310.1701241919      306.9942398137     -617.1643640055
     8 -310.1701241116      306.9940743928     -617.1641985045
     9 -310.1701241904      306.9942525478     -617.1643767383
    10 -310.1701242004      306.9942263748     -617.1643505752
    11 -310.1701241947      306.9942336201     -617.1643578149
$end
