$grad          cartesian gradients
  cycle =      1    SCF energy =     -310.1672950503   |dE/dxyz| =  0.069287
    1.20760135427760      0.66742740082010      0.00000000000000      c
    1.12342761781477      2.71830592719869      0.00000000000000      h
    3.45926953319709     -0.47124447942270      0.00000000000000      c
    3.54767573675312     -2.52204582763061      0.00000000000000      h
   -1.20760135428858     -0.66742740102146      0.00000000000000      c
   -1.12342761788780     -2.71830592740155      0.00000000000000      h
   -3.45926953317249      0.47124447930082      0.00000000000000      c
   -3.54767573667226      2.52204582751141      0.00000000000000      h
   -5.87758056081904     -0.87322321043039      0.00000000000000      c
   -5.77998295304280     -2.92301664117848      0.00000000000000      h
   -8.12471506048327      0.24681098586014      0.00000000000000      c
   -9.86074053506649     -0.83972891884306      0.00000000000000      h
   -8.31181309444299      2.28948515594375      0.00000000000000      h
    5.87758056077053      0.87322321043221      0.00000000000000      c
    5.77998295290777      2.92301664117629      0.00000000000000      h
    8.12471506052110     -0.24681098568839      0.00000000000000      c
    9.86074053502589      0.83972891913487      0.00000000000000      h
    8.31181309460789     -2.28948515576169      0.00000000000000      h
  0.26562150119100D-01  0.47000018337447D-02  0.00000000000000D+00
  0.59620474005702D-03  -.87217356488862D-02  0.00000000000000D+00
  -.25520512301557D-01  -.41396743808468D-02  0.00000000000000D+00
  -.60055892555446D-03  0.86620602671249D-02  0.00000000000000D+00
  -.26562150114973D-01  -.47000018385024D-02  0.00000000000000D+00
  -.59620474171532D-03  0.87217356496641D-02  0.00000000000000D+00
  0.25520512302548D-01  0.41396743815411D-02  0.00000000000000D+00
  0.60055892290324D-03  -.86620602664989D-02  0.00000000000000D+00
  -.22617658697030D-01  -.55304850823648D-02  0.00000000000000D+00
  -.11115065108553D-02  0.86784889321110D-02  0.00000000000000D+00
  0.87293551546799D-02  -.39988863829146D-02  0.00000000000000D+00
  0.70568132577022D-02  0.45112762418586D-02  0.00000000000000D+00
  0.31132838715043D-03  -.84469323461639D-02  0.00000000000000D+00
  0.22617658689077D-01  0.55304850784030D-02  0.00000000000000D+00
  0.11115065150503D-02  -.86784889321819D-02  0.00000000000000D+00
  -.87293551527900D-02  0.39988863868203D-02  0.00000000000000D+00
  -.70568132579316D-02  -.45112762423073D-02  0.00000000000000D+00
  -.31132839032189D-03  0.84469323464179D-02  0.00000000000000D+00
  cycle =      2    SCF energy =     -310.1699581791   |dE/dxyz| =  0.017460
    1.19232216026377      0.66303570418577      0.00000000000000      c
    1.09570302869306      2.73214277540175      0.00000000000000      h
    3.47627281073304     -0.47460106204346      0.00000000000000      c
    3.57590519262764     -2.54358847720906      0.00000000000000      h
   -1.19232216056157     -0.66303570702408      0.00000000000000      c
   -1.09570302948252     -2.73214277826099      0.00000000000000      h
   -3.47627281051595      0.47460105964229      0.00000000000000      c
   -3.57590519322862      2.54358847482478      0.00000000000000      h
   -5.86857753974396     -0.86268666020147      0.00000000000000      c
   -5.75489502151802     -2.93078691777061      0.00000000000000      h
   -8.14362914740178      0.25684865008506      0.00000000000000      c
   -9.88689639471478     -0.85394365623822      0.00000000000000      h
   -8.33156394577409      2.31808383178182      0.00000000000000      h
    5.86857753941806      0.86268665926849      0.00000000000000      c
    5.75489501818623      2.93078691657166      0.00000000000000      h
    8.14362914916622     -0.25684864748052      0.00000000000000      c
    9.88689639378370      0.85394366325119      0.00000000000000      h
    8.33156395006961     -2.31808382878446      0.00000000000000      h
  0.72204306138793D-02  0.19334792839912D-03  0.00000000000000D+00
  -.76871906685193D-03  -.19437698452948D-02  0.00000000000000D+00
  -.73746421089274D-02  -.29285044579727D-03  0.00000000000000D+00
  0.68740476977901D-03  0.19058484867463D-02  0.00000000000000D+00
  -.72204307587286D-02  -.19334789611651D-03  0.00000000000000D+00
  0.76871905780625D-03  0.19437698431007D-02  0.00000000000000D+00
  0.73746422017794D-02  0.29285038829724D-03  0.00000000000000D+00
  -.68740485324502D-03  -.19058484698386D-02  0.00000000000000D+00
  -.52393554492502D-02  -.10047194018969D-02  0.00000000000000D+00
  0.41828761920187D-03  0.17443632229019D-02  0.00000000000000D+00
  0.17570852148892D-02  0.10518901304032D-03  0.00000000000000D+00
  0.93366371687927D-03  0.17322516541343D-03  0.00000000000000D+00
  0.11911612330496D-03  -.12715196520959D-02  0.00000000000000D+00
  0.52393554169029D-02  0.10047194926366D-02  0.00000000000000D+00
  -.41828764748035D-03  -.17443632719566D-02  0.00000000000000D+00
  -.17570849156917D-02  -.10518917937667D-03  0.00000000000000D+00
  -.93366372838298D-03  -.17322505692383D-03  0.00000000000000D+00
  -.11911621068543D-03  0.12715196896390D-02  0.00000000000000D+00
  cycle =      3    SCF energy =     -310.1701069832   |dE/dxyz| =  0.003303
    1.18802141301786      0.66319465102412      0.00000000000000      c
    1.09546806311969      2.73680358750932      0.00000000000000      h
    3.48168342930156     -0.47500264619675      0.00000000000000      c
    3.57823413161482     -2.54824486051692      0.00000000000000      h
   -1.18802141292683     -0.66319465120460      0.00000000000000      c
   -1.09546806289840     -2.73680358758095      0.00000000000000      h
   -3.48168342914776      0.47500264647770      0.00000000000000      c
   -3.57823413237156      2.54824486068013      0.00000000000000      h
   -5.86466609701236     -0.86353481645363      0.00000000000000      c
   -5.75447226250180     -2.93590687754859      0.00000000000000      h
   -8.14525149191250      0.25680386155629      0.00000000000000      c
   -9.89280788189403     -0.85386579203743      0.00000000000000      h
   -8.33131162686419      2.32200495884882      0.00000000000000      h
    5.86466609762231      0.86353481611431      0.00000000000000      c
    5.75447226149278      2.93590687705632      0.00000000000000      h
    8.14525149236408     -0.25680386202617      0.00000000000000      c
    9.89280788117405      0.85386579342234      0.00000000000000      h
    8.33131162782231     -2.32200495912435      0.00000000000000      h
  0.13603281136052D-02  -.71023295396410D-04  0.00000000000000D+00
  -.60518112143665D-03  -.36141090508700D-03  0.00000000000000D+00
  -.12145528957196D-02  -.10515709056044D-03  0.00000000000000D+00
  0.54145176868327D-03  0.38273372035677D-03  0.00000000000000D+00
  -.13603281020463D-02  0.71023145456428D-04  0.00000000000000D+00
  0.60518114643409D-03  0.36141093318638D-03  0.00000000000000D+00
  0.12145528362321D-02  0.10515730285994D-03  0.00000000000000D+00
  -.54145181216713D-03  -.38273373451764D-03  0.00000000000000D+00
  -.42610232420415D-03  -.11654909134395D-03  0.00000000000000D+00
  0.25336441974536D-03  0.25803276187928D-03  0.00000000000000D+00
  0.48101705102335D-03  0.52449653423994D-03  0.00000000000000D+00
  -.32710487151315D-03  -.45800652539053D-03  0.00000000000000D+00
  0.43097650528165D-04  0.15557379334768D-03  0.00000000000000D+00
  0.42610259124730D-03  0.11654914625836D-03  0.00000000000000D+00
  -.25336452758986D-03  -.25803279390010D-03  0.00000000000000D+00
  -.48101706203449D-03  -.52449673865996D-03  0.00000000000000D+00
  0.32710481841448D-03  0.45800660743318D-03  0.00000000000000D+00
  -.43097676079569D-04  -.15557376353788D-03  0.00000000000000D+00
  cycle =      4    SCF energy =     -310.1701225293   |dE/dxyz| =  0.000865
    1.18767168168554      0.66332551951194      0.00000000000000      c
    1.10174493537273      2.73805208497622      0.00000000000000      h
    3.48287798077730     -0.47574932024831      0.00000000000000      c
    3.57382698227977     -2.55007594612276      0.00000000000000      h
   -1.18767168183832     -0.66332552267973      0.00000000000000      c
   -1.10174493575770     -2.73805208808714      0.00000000000000      h
   -3.48287798040161      0.47574931848124      0.00000000000000      c
   -3.57382698068507      2.55007594433022      0.00000000000000      h
   -5.86498107470142     -0.86414063836713      0.00000000000000      c
   -5.75790438725761     -2.93732688057054      0.00000000000000      h
   -8.14671534966411      0.25491210291385      0.00000000000000      c
   -9.89445499112073     -0.85361937946234      0.00000000000000      h
   -8.33317059652985      2.31989181907372      0.00000000000000      h
    5.86498107427126      0.86414063833901      0.00000000000000      c
    5.75790438345405      2.93732688034374      0.00000000000000      h
    8.14671535023008     -0.25491210070854      0.00000000000000      c
    9.89445498971063      0.85361938478298      0.00000000000000      h
    8.33317060017509     -2.31989181650646      0.00000000000000      h
  0.25920283514707D-03  0.14244823281431D-03  0.00000000000000D+00
  -.20622298631070D-03  -.37571072489418D-04  0.00000000000000D+00
  -.23069165967890D-03  -.28608090681419D-03  0.00000000000000D+00
  0.18057211702409D-03  0.64221082846828D-04  0.00000000000000D+00
  -.25920282282161D-03  -.14244834489708D-03  0.00000000000000D+00
  0.20622301192286D-03  0.37571086609342D-04  0.00000000000000D+00
  0.23069157740762D-03  0.28608104099707D-03  0.00000000000000D+00
  -.18057211775573D-03  -.64221103171002D-04  0.00000000000000D+00
  -.70057615217118D-04  -.10460994744513D-03  0.00000000000000D+00
  -.97575544992334D-05  0.57844073880890D-05  0.00000000000000D+00
  0.49266332804460D-04  0.17939153061968D-03  0.00000000000000D+00
  -.74346012334321D-04  -.11665173923375D-03  0.00000000000000D+00
  0.31381332079119D-04  0.16682108038082D-04  0.00000000000000D+00
  0.70057818154221D-04  0.10461000127220D-03  0.00000000000000D+00
  0.97574546247975D-05  -.57844224382632D-05  0.00000000000000D+00
  -.49266378626527D-04  -.17939165554616D-03  0.00000000000000D+00
  0.74345970781382D-04  0.11665179415029D-03  0.00000000000000D+00
  -.31381309604510D-04  -.16682091232504D-04  0.00000000000000D+00
  cycle =      5    SCF energy =     -310.1701239580   |dE/dxyz| =  0.000269
    1.18763550553211      0.66304130995016      0.00000000000000      c
    1.10462091988845      2.73804897737693      0.00000000000000      h
    3.48296589617670     -0.47609821381672      0.00000000000000      c
    3.57155573459763     -2.55075204563494      0.00000000000000      h
   -1.18763550544008     -0.66304130857564      0.00000000000000      c
   -1.10462091935508     -2.73804897594911      0.00000000000000      h
   -3.48296589636119      0.47609821473758      0.00000000000000      c
   -3.57155573540642      2.55075204649712      0.00000000000000      h
   -5.86459552943136     -0.86375342818087      0.00000000000000      c
   -5.75781851481184     -2.93704511597403      0.00000000000000      h
   -8.14697020777747      0.25414928219280      0.00000000000000      c
   -9.89448460862881     -0.85408460143464      0.00000000000000      h
   -8.33444741651616      2.31904439921176      0.00000000000000      h
    5.86459552992869      0.86375342804945      0.00000000000000      c
    5.75781851540669      2.93704511585073      0.00000000000000      h
    8.14697020761862     -0.25414928355915      0.00000000000000      c
    9.89448460862799      0.85408459983414      0.00000000000000      h
    8.33444741595154     -2.31904440057562      0.00000000000000      h
  0.55927929513556D-05  0.31268680915935D-04  0.00000000000000D+00
  -.37118012277045D-04  0.18616195050057D-04  0.00000000000000D+00
  0.28683565530748D-04  -.65451679939930D-04  0.00000000000000D+00
  0.39076513629046D-04  -.15269542107624D-04  0.00000000000000D+00
  -.55927797606158D-05  -.31268692664924D-04  0.00000000000000D+00
  0.37118029045445D-04  -.18616183987263D-04  0.00000000000000D+00
  -.28683634336682D-04  0.65451741128949D-04  0.00000000000000D+00
  -.39076520840096D-04  0.15269537501986D-04  0.00000000000000D+00
  0.13659500740899D-03  0.45053486170234D-05  0.00000000000000D+00
  -.62612243243921D-04  -.17228587193616D-04  0.00000000000000D+00
  -.58821000371384D-04  -.93085721869567D-05  0.00000000000000D+00
  0.19898809523023D-05  0.58970186440018D-05  0.00000000000000D+00
  0.21157507652798D-05  0.59914172671414D-06  0.00000000000000D+00
  -.13659485259116D-03  -.45052962512389D-05  0.00000000000000D+00
  0.62612203344472D-04  0.17228587080682D-04  0.00000000000000D+00
  0.58820936741593D-04  0.93084579228103D-05  0.00000000000000D+00
  -.19898878175279D-05  -.58970154725750D-05  0.00000000000000D+00
  -.21157519686061D-05  -.59913745332579D-06  0.00000000000000D+00
  cycle =      6    SCF energy =     -310.1701241337   |dE/dxyz| =  0.000146
    1.18765541962356      0.66299014297364      0.00000000000000      c
    1.10509701344004      2.73799581563942      0.00000000000000      h
    3.48286998881658     -0.47609684022187      0.00000000000000      c
    3.57099626929276     -2.55076628787396      0.00000000000000      h
   -1.18765542010854     -0.66299015111256      0.00000000000000      c
   -1.10509701511230     -2.73799582382164      0.00000000000000      h
   -3.48286998790021      0.47609683486904      0.00000000000000      c
   -3.57099626465175      2.55076628266507      0.00000000000000      h
   -5.86458221150303     -0.86364276003134      0.00000000000000      c
   -5.75729543995181     -2.93689481772327      0.00000000000000      h
   -8.14694956191584      0.25409870210941      0.00000000000000      c
   -9.89436284865754     -0.85423749167336      0.00000000000000      h
   -8.33458865110106      2.31897596381050      0.00000000000000      h
    5.86458220940517      0.86364276008685      0.00000000000000      c
    5.75729543184058      2.93689481747004      0.00000000000000      h
    8.14694956314194     -0.25409869524017      0.00000000000000      c
    9.89436284620730      0.85423750437369      0.00000000000000      h
    8.33458865913417     -2.31897595629954      0.00000000000000      h
  0.53868689546688D-04  -.30825556488181D-05  0.00000000000000D+00
  -.10564850912761D-04  0.63267269077095D-05  0.00000000000000D+00
  -.44248514873524D-04  0.14994320298447D-04  0.00000000000000D+00
  0.15527315486567D-04  -.10747924310464D-04  0.00000000000000D+00
  -.53868733583029D-04  0.30825148816952D-05  0.00000000000000D+00
  0.10564850514948D-04  -.63267331337728D-05  0.00000000000000D+00
  0.44248577604524D-04  -.14994339792495D-04  0.00000000000000D+00
  -.15527281294049D-04  0.10747916650436D-04  0.00000000000000D+00
  0.41818351366250D-04  0.77320714086554D-05  0.00000000000000D+00
  -.38957305862540D-04  -.47306774087989D-05  0.00000000000000D+00
  -.23934346154105D-04  -.27040531854444D-04  0.00000000000000D+00
  0.10558453644959D-04  0.15532490450785D-04  0.00000000000000D+00
  0.33616554669834D-05  -.18396285110209D-05  0.00000000000000D+00
  -.41818399138491D-04  -.77321017545289D-05  0.00000000000000D+00
  0.38957237173215D-04  0.47306675178733D-05  0.00000000000000D+00
  0.23934373947579D-04  0.27040572853942D-04  0.00000000000000D+00
  -.10558485320492D-04  -.15532434460544D-04  0.00000000000000D+00
  -.33615969552561D-05  0.18396409982948D-05  0.00000000000000D+00
$end
