$coord
   -0.00000063780533      1.26607340418960      0.00000000000000  c
    0.00000064899025     -1.26608635528252      0.00000000000000  c
 -3.83714810003e-07 0.76607340419 -0.25 h
 -3.83714810003e-07 0.76607340419 0.25 h
 -0.433013466743 1.51607318414 -0.25 h
 -0.433013466743 1.51607318414 0.25 h
 0.433011937042 1.51607362424 -0.25 h
 0.433011937042 1.51607362424 0.25 h
 3.94899730003e-07 -0.766086355283 -0.25 h
 3.94899730003e-07 -0.766086355283 0.25 h
 0.433013477928 -1.51608613523 -0.25 h
 0.433013477928 -1.51608613523 0.25 h
 -0.433011925857 -1.51608657533 -0.25 h
 -0.433011925857 -1.51608657533 0.25 h
$user-defined bonds
$redundant
     number_of_atoms             6
     degrees_of_freedom          9
     internal_coordinates        9
     frozen_coordinates          0
# definitions of redundant internals
   1 k  1.0000000000000 stre   1    4           val=   2.53216
   2 k  1.0000000000000 stre   1    2           val=   2.07906
   3 k  1.0000000000000 stre   4    5           val=   2.07908
   4 k  1.0000000000000 stre   4    6           val=   2.07908
   5 k  1.0000000000000 stre   1    3           val=   2.07906
   6 k -0.8164965809277 bend   6    5    4      val=   2.58447
        0.4082482904639 bend   1    5    4
        0.4082482904639 bend   1    6    4
   7 k -0.8164965809277 bend   2    3    1      val=   2.58585
        0.4082482904639 bend   4    3    1
        0.4082482904639 bend   4    2    1
   8 k -0.7071067811865 bend   1    5    4      val=   0.00005
        0.7071067811865 bend   1    6    4
   9 k  0.7071067811865 bend   4    3    1      val=   0.00005
       -0.7071067811865 bend   4    2    1
         9 non zero eigenvalues  of BmBt
           1           4.211916822    1    0
         1
           2           4.012887781    2    0
         2
           3           2.582783804    3    0
         3
           4           2.427651082    4    0
         4
           5           0.927031980    5    0
         5
           6           0.906757070    6    0
         6
           7           0.647214286    7    0
         7
           8           0.394488391    8    0
         8
           9           0.284097825    9    0
         9
$end
