$coord
  -18.00617069151069     -0.62794147578680      0.00000000000000  c
  -20.23324359559987      0.53205795838160      0.00000000000000  c
  -22.67491750306705     -0.76791625337933      0.00000000000000  c
  -24.90624123508604      0.41244053632048      0.00000000000000  c
  -27.34405271599111     -0.87433466005445      0.00000000000000  c
  -29.57559834387300      0.31165181849211      0.00000000000000  c
  -32.01284313317336     -0.97144349763755      0.00000000000000  c
  -34.24444815308726      0.21622649450399      0.00000000000000  c
  -36.68168131985789     -1.06545037778422      0.00000000000000  c
  -38.91319273896164      0.12298013323195      0.00000000000000  c
  -41.35053055860581     -1.15800823335838      0.00000000000000  c
  -43.58192102738664      0.03085017851658      0.00000000000000  c
  -46.01938318166462     -1.24972704380655      0.00000000000000  c
  -48.25065766718103     -0.06058098722052      0.00000000000000  c
  -50.68823538269348     -1.34087309850188      0.00000000000000  c
  -52.91940813608191     -0.15151170925285      0.00000000000000  c
  -55.35708513598034     -1.43158905726418      0.00000000000000  c
  -57.58817347656287     -0.24206111076742      0.00000000000000  c
  -60.02593002521709     -1.52197578855863      0.00000000000000  c
  -62.25695322118546     -0.33232304093042      0.00000000000000  c
  -64.69476812415856     -1.61212130781890      0.00000000000000  c
  -66.92574666720341     -0.42238401211765      0.00000000000000  c
  -69.36359800807034     -1.70211022236650      0.00000000000000  c
  -71.59455260668649     -0.51232782948600      0.00000000000000  c
  -74.03241806383504     -1.79202591371374      0.00000000000000  c
  -76.26336988318917     -0.60223817723857      0.00000000000000  c
  -78.70122703483001     -1.88195210755776      0.00000000000000  c
  -80.93219699474390     -0.69219845812856      0.00000000000000  c
  -83.37002377434200     -1.97197139925315      0.00000000000000  c
  -85.60103249205959     -0.78229069738937      0.00000000000000  c
  -88.03880711667833     -2.06216560010692      0.00000000000000  c
  -90.26987485794552     -0.87259640857951      0.00000000000000  c
  -92.70757600124155     -2.15261663583774      0.00000000000000  c
  -94.93872255299136     -0.96319790231045      0.00000000000000  c
  -97.37632985700608     -2.24340797442134      0.00000000000000  c
  -99.60757358373576     -1.05417978773700      0.00000000000000  c
 -102.04506844676580     -2.33462964940914      0.00000000000000  c
 -104.27642548858074     -1.14563854077051      0.00000000000000  c
 -106.71379295871245     -2.42639611138332      0.00000000000000  c
 -108.94527647973905     -1.23771235389998      0.00000000000000  c
 -111.38250904899817     -2.51890110370747      0.00000000000000  c
 -113.61412248146758     -1.33066214506002      0.00000000000000  c
 -116.05124150241194     -2.61255604924430      0.00000000000000  c
 -118.28295566096655     -1.42509119784187      0.00000000000000  c
 -120.72007923631087     -2.70841674182610      0.00000000000000  c
 -122.95173938375159     -1.52264574039786      0.00000000000000  c
 -125.38942457024456     -2.80966031657391      0.00000000000000  c
 -127.62086567030924     -1.62952542766118      0.00000000000000  c
 -130.06240903490303     -2.92974490308728      0.00000000000000  c
 -132.28959920311465     -1.76997060495827      0.00000000000000  c
 -18.4496223795 -0.39696398681 -0.25 h
 -18.4496223795 -0.39696398681 0.25 h
 -17.5844124744 -0.35938979312 -0.25 h
 -17.5844124744 -0.35938979312 0.25 h
 -17.9844772207 -1.12747064743 -0.25 h
 -17.9844772207 -1.12747064743 0.25 h
 -19.7897919076 0.301080469404 -0.25 h
 -19.7897919076 0.301080469404 0.25 h
 -20.6550018128 0.263506275715 -0.25 h
 -20.6550018128 0.263506275715 0.25 h
 -20.2549370664 1.03158713003 -0.25 h
 -20.2549370664 1.03158713003 0.25 h
 -23.1168877949 -0.534116635971 -0.25 h
 -23.1168877949 -0.534116635971 0.25 h
 -22.2514559491 -0.502058561602 -0.25 h
 -22.2514559491 -0.502058561602 0.25 h
 -22.6564087652 -1.26757356256 -0.25 h
 -22.6564087652 -1.26757356256 0.25 h
 -24.4642709432 0.178640918912 -0.25 h
 -24.4642709432 0.178640918912 0.25 h
 -25.3297027891 0.146582844543 -0.25 h
 -25.3297027891 0.146582844543 0.25 h
 -24.924749973 0.912097845506 -0.25 h
 -24.924749973 0.912097845506 0.25 h
 -27.785571397 -0.639683313828 -0.25 h
 -27.785571397 -0.639683313828 0.25 h
 -26.9200793486 -0.609293939135 -0.25 h
 -26.9200793486 -0.609293939135 0.25 h
 -27.3265074023 -1.3740267272 -0.25 h
 -27.3265074023 -1.3740267272 0.25 h
 -29.1340796628 0.0770004722656 -0.25 h
 -29.1340796628 0.0770004722656 0.25 h
 -29.9995717113 0.0466110975726 -0.25 h
 -29.9995717113 0.0466110975726 0.25 h
 -29.5931436575 0.811343885638 -0.25 h
 -29.5931436575 0.811343885638 0.25 h
 -32.4542263381 -0.736537417577 -0.25 h
 -32.4542263381 -0.736537417577 0.25 h
 -31.5887168979 -0.706647469438 -0.25 h
 -31.5887168979 -0.706647469438 0.25 h
 -31.9955861636 -1.4711456059 -0.25 h
 -31.9955861636 -1.4711456059 0.25 h
 -33.8030649482 -0.0186795855567 -0.25 h
 -33.8030649482 -0.0186795855567 0.25 h
 -34.6685743884 -0.0485695336959 -0.25 h
 -34.6685743884 -0.0485695336959 0.25 h
 -34.2617051227 0.715928602765 -0.25 h
 -34.2617051227 0.715928602765 0.25 h
 -37.1229980433 -0.830419423144 -0.25 h
 -37.1229980433 -0.830419423144 0.25 h
 -36.2574801808 -0.800774361516 -0.25 h
 -36.2574801808 -0.800774361516 0.25 h
 -36.6645657355 -1.56515734869 -0.25 h
 -36.6645657355 -1.56515734869 0.25 h
 -38.4718760156 -0.112050821408 -0.25 h
 -38.4718760156 -0.112050821408 0.25 h
 -39.3373938781 -0.141695883036 -0.25 h
 -39.3373938781 -0.141695883036 0.25 h
 -38.9303083233 0.62268710414 -0.25 h
 -38.9303083233 0.62268710414 0.25 h
 -41.7918068818 -0.922901435096 -0.25 h
 -41.7918068818 -0.922901435096 0.25 h
 -40.9262839371 -0.893405126516 -0.25 h
 -40.9262839371 -0.893405126516 0.25 h
 -41.3335008569 -1.65771813846 -0.25 h
 -41.3335008569 -1.65771813846 0.25 h
 -43.1406447042 -0.204256619746 -0.25 h
 -43.1406447042 -0.204256619746 0.25 h
 -44.0061676489 -0.233752928326 -0.25 h
 -44.0061676489 -0.233752928326 0.25 h
 -43.5989507291 0.530560083622 -0.25 h
 -43.5989507291 0.530560083622 0.25 h
 -46.4606308244 -1.01456642251 -0.25 h
 -46.4606308244 -1.01456642251 0.25 h
 -45.5951042883 -0.985175686514 -0.25 h
 -45.5951042883 -0.985175686514 0.25 h
 -46.0024144323 -1.7494390224 -0.25 h
 -46.0024144323 -1.7494390224 0.25 h
 -47.8094100245 -0.295741608518 -0.25 h
 -47.8094100245 -0.295741608518 0.25 h
 -48.6749365605 -0.325132344513 -0.25 h
 -48.6749365605 -0.325132344513 0.25 h
 -48.2676264165 0.439130991369 -0.25 h
 -48.2676264165 0.439130991369 0.25 h
 -51.1294608989 -1.10567096449 -0.25 h
 -51.1294608989 -1.10567096449 0.25 h
 -50.2639316015 -1.07636165967 -0.25 h
 -50.2639316015 -1.07636165967 0.25 h
 -50.6713136477 -1.84058667134 -0.25 h
 -50.6713136477 -1.84058667134 0.25 h
 -52.4781826199 -0.38671384326 -0.25 h
 -52.4781826199 -0.38671384326 0.25 h
 -53.3437119173 -0.416023148088 -0.25 h
 -53.3437119173 -0.416023148088 0.25 h
 -52.9363298711 0.34820186359 -0.25 h
 -52.9363298711 0.34820186359 0.25 h
 -55.7982932845 -1.19635434541 -0.25 h
 -55.7982932845 -1.19635434541 0.25 h
 -54.9327618254 -1.1671089482 -0.25 h
 -54.9327618254 -1.1671089482 0.25 h
 -55.340200298 -1.93130387818 -0.25 h
 -55.340200298 -1.93130387818 0.25 h
 -57.146965328 -0.477295822619 -0.25 h
 -57.146965328 -0.477295822619 0.25 h
 -58.0124967871 -0.506541219836 -0.25 h
 -58.0124967871 -0.506541219836 0.25 h
 -57.6050583145 0.257653710153 -0.25 h
 -57.6050583145 0.257653710153 0.25 h
 -60.4671250757 -1.28671651155 -0.25 h
 -60.4671250757 -1.28671651155 0.25 h
 -59.6015919896 -1.25751930531 -0.25 h
 -59.6015919896 -1.25751930531 0.25 h
 -60.0090730103 -2.02169154882 -0.25 h
 -60.0090730103 -2.02169154882 0.25 h
 -61.8157581707 -0.567582317935 -0.25 h
 -61.8157581707 -0.567582317935 0.25 h
 -62.6812912568 -0.596779524183 -0.25 h
 -62.6812912568 -0.596779524183 0.25 h
 -62.2738102361 0.167392719326 -0.25 h
 -62.2738102361 0.167392719326 0.25 h
 -65.1359542777 -1.37684534659 -0.25 h
 -65.1359542777 -1.37684534659 0.25 h
 -64.2704200881 -1.34768087168 -0.25 h
 -64.2704200881 -1.34768087168 0.25 h
 -64.6779300067 -2.11183770519 -0.25 h
 -64.6779300067 -2.11183770519 0.25 h
 -66.4845605137 -0.657659973349 -0.25 h
 -66.4845605137 -0.657659973349 0.25 h
 -67.3500947033 -0.686824448257 -0.25 h
 -67.3500947033 -0.686824448257 0.25 h
 -66.9425847846 0.077332385253 -0.25 h
 -66.9425847846 0.077332385253 0.25 h
 -69.8047794102 -1.46682535163 -0.25 h
 -69.8047794102 -1.46682535163 0.25 h
 -68.9392446318 -1.43767835579 -0.25 h
 -68.9392446318 -1.43767835579 0.25 h
 -69.3467699822 -2.20182695967 -0.25 h
 -69.3467699822 -2.20182695967 0.25 h
 -71.1533712045 -0.747612700219 -0.25 h
 -71.1533712045 -0.747612700219 0.25 h
 -72.0189059829 -0.77675969606 -0.25 h
 -72.0189059829 -0.77675969606 0.25 h
 -71.6113806326 -0.0126110921793 -0.25 h
 -71.6113806326 -0.0126110921793 0.25 h
 -74.4735989055 -1.55673999205 -0.25 h
 -74.4735989055 -1.55673999205 0.25 h
 -73.6080640577 -1.52759505799 -0.25 h
 -73.6080640577 -1.52759505799 0.25 h
 -74.0155912283 -2.2917426911 -0.25 h
 -74.0155912283 -2.2917426911 0.25 h
 -75.8221890415 -0.837524098901 -0.25 h
 -75.8221890415 -0.837524098901 0.25 h
 -76.6877238893 -0.866669032967 -0.25 h
 -76.6877238893 -0.866669032967 0.25 h
 -76.2801967187 -0.102521399848 -0.25 h
 -76.2801967187 -0.102521399848 0.25 h
 -79.1424114697 -1.64667292364 -0.25 h
 -79.1424114697 -1.64667292364 0.25 h
 -78.2768770671 -1.61751477112 -0.25 h
 -78.2768770671 -1.61751477112 0.25 h
 -78.6843925676 -2.38166862791 -0.25 h
 -78.6843925676 -2.38166862791 0.25 h
 -80.4910125598 -0.927477642047 -0.25 h
 -80.4910125598 -0.927477642047 0.25 h
 -81.3565469625 -0.956635794563 -0.25 h
 -81.3565469625 -0.956635794563 0.25 h
 -80.9490314619 -0.192481937775 -0.25 h
 -80.9490314619 -0.192481937775 0.25 h
 -83.8112158958 -1.73670662932 -0.25 h
 -83.8112158958 -1.73670662932 0.25 h
 -82.9456824462 -1.7075201991 -0.25 h
 -82.9456824462 -1.7075201991 0.25 h
 -83.353172981 -2.47168736934 -0.25 h
 -83.353172981 -2.47168736934 0.25 h
 -85.1598403706 -1.01755546733 -0.25 h
 -85.1598403706 -1.01755546733 0.25 h
 -86.0253738202 -1.04674189754 -0.25 h
 -86.0253738202 -1.04674189754 0.25 h
 -85.6178832854 -0.282574727299 -0.25 h
 -85.6178832854 -0.282574727299 0.25 h
 -88.4800109774 -1.82692284609 -0.25 h
 -88.4800109774 -1.82692284609 0.25 h
 -87.6144789853 -1.79769322551 -0.25 h
 -87.6144789853 -1.79769322551 0.25 h
 -88.0219313874 -2.56188072872 -0.25 h
 -88.0219313874 -2.56188072872 0.25 h
 -89.8286709973 -1.1078391626 -0.25 h
 -89.8286709973 -1.1078391626 0.25 h
 -90.6942029893 -1.13706878317 -0.25 h
 -90.6942029893 -1.13706878317 0.25 h
 -90.2867505873 -0.372881279971 -0.25 h
 -90.2867505873 -0.372881279971 0.25 h
 -93.1487956634 -1.91740352026 -0.25 h
 -93.1487956634 -1.91740352026 0.25 h
 -92.2832656368 -1.88811575756 -0.25 h
 -92.2832656368 -1.88811575756 0.25 h
 -92.6906667036 -2.65233062969 -0.25 h
 -92.6906667036 -2.65233062969 0.25 h
 -94.4975028909 -1.19841101789 -0.25 h
 -94.4975028909 -1.19841101789 0.25 h
 -95.3630329175 -1.22769878058 -0.25 h
 -95.3630329175 -1.22769878058 0.25 h
 -94.9556318507 -0.463483908458 -0.25 h
 -94.9556318507 -0.463483908458 0.25 h
 -97.8175694127 -2.00823217965 -0.25 h
 -97.8175694127 -2.00823217965 0.25 h
 -96.9520418665 -1.97887120738 -0.25 h
 -96.9520418665 -1.97887120738 0.25 h
 -97.3593782918 -2.74312053624 -0.25 h
 -97.3593782918 -2.74312053624 0.25 h
 -99.166334028 -1.28935558251 -0.25 h
 -99.166334028 -1.28935558251 0.25 h
 -100.031861574 -1.31871655478 -0.25 h
 -100.031861574 -1.31871655478 0.25 h
 -99.624525149 -0.554467225922 -0.25 h
 -99.624525149 -0.554467225922 0.25 h
 -102.486332418 -2.09949966871 -0.25 h
 -102.486332418 -2.09949966871 0.25 h
 -101.620807925 -2.07004883103 -0.25 h
 -101.620807925 -2.07004883103 0.25 h
 -102.028064998 -2.83434044849 -0.25 h
 -102.028064998 -2.83434044849 0.25 h
 -103.835161517 -1.38076852147 -0.25 h
 -103.835161517 -1.38076852147 0.25 h
 -104.700686011 -1.41021935915 -0.25 h
 -104.700686011 -1.41021935915 0.25 h
 -104.293428938 -0.645927741688 -0.25 h
 -104.293428938 -0.645927741688 0.25 h
 -107.155087683 -2.1913238531 -0.25 h
 -107.155087683 -2.1913238531 0.25 h
 -106.289567049 -2.16175979903 -0.25 h
 -106.289567049 -2.16175979903 0.25 h
 -106.696724144 -2.92610468202 -0.25 h
 -106.696724144 -2.92610468202 0.25 h
 -108.503981756 -1.47278461219 -0.25 h
 -108.503981756 -1.47278461219 0.25 h
 -109.369502389 -1.50234866625 -0.25 h
 -109.369502389 -1.50234866625 0.25 h
 -108.962345294 -0.738003783262 -0.25 h
 -108.962345294 -0.738003783262 0.25 h
 -111.823845946 -2.28390803235 -0.25 h
 -111.823845946 -2.28390803235 0.25 h
 -110.958330631 -2.25418867519 -0.25 h
 -110.958330631 -2.25418867519 0.25 h
 -111.36535057 -3.01860660358 -0.25 h
 -111.36535057 -3.01860660358 0.25 h
 -113.172785585 -1.56565521642 -0.25 h
 -113.172785585 -1.56565521642 0.25 h
 -114.038300899 -1.59537457357 -0.25 h
 -114.038300899 -1.59537457357 0.25 h
 -113.63128096 -0.830956645187 -0.25 h
 -113.63128096 -0.830956645187 0.25 h
 -116.492646298 -2.37769054129 -0.25 h
 -116.492646298 -2.37769054129 0.25 h
 -115.627139608 -2.34772103728 -0.25 h
 -115.627139608 -2.34772103728 0.25 h
 -116.033938601 -3.11225656917 -0.25 h
 -116.033938601 -3.11225656917 0.25 h
 -117.841550866 -1.6599567058 -0.25 h
 -117.841550866 -1.6599567058 0.25 h
 -118.707057555 -1.6899262098 -0.25 h
 -118.707057555 -1.6899262098 0.25 h
 -118.300258562 -0.92539067792 -0.25 h
 -118.300258562 -0.92539067792 0.25 h
 -121.161620573 -2.47380802965 -0.25 h
 -121.161620573 -2.47380802965 0.25 h
 -120.296131463 -2.44333508336 -0.25 h
 -120.296131463 -2.44333508336 0.25 h
 -120.702485673 -3.20810711247 -0.25 h
 -120.702485673 -3.20810711247 0.25 h
 -122.510198047 -1.75725445257 -0.25 h
 -122.510198047 -1.75725445257 0.25 h
 -123.375687157 -1.78772739887 -0.25 h
 -123.375687157 -1.78772739887 0.25 h
 -122.969332947 -1.02295536975 -0.25 h
 -122.969332947 -1.02295536975 0.25 h
 -125.83141811 -2.57590465208 -0.25 h
 -125.83141811 -2.57590465208 0.25 h
 -124.965989457 -2.54376051495 -0.25 h
 -124.965989457 -2.54376051495 0.25 h
 -125.370866144 -3.30931578269 -0.25 h
 -125.370866144 -3.30931578269 0.25 h
 -127.17887213 -1.86328109215 -0.25 h
 -127.17887213 -1.86328109215 0.25 h
 -128.044300784 -1.89542522928 -0.25 h
 -128.044300784 -1.89542522928 0.25 h
 -127.639424097 -1.12986996155 -0.25 h
 -127.639424097 -1.12986996155 0.25 h
 -130.50588407 -2.698812244 -0.25 h
 -130.50588407 -2.698812244 0.25 h
 -129.640677968 -2.66115058609 -0.25 h
 -129.640677968 -2.66115058609 0.25 h
 -130.040665067 -3.42927187918 -0.25 h
 -130.040665067 -3.42927187918 0.25 h
 -131.846124168 -2.00090326405 -0.25 h
 -131.846124168 -2.00090326405 0.25 h
 -132.71133027 -2.03856492196 -0.25 h
 -132.71133027 -2.03856492196 0.25 h
 -132.311343171 -1.27044362887 -0.25 h
 -132.311343171 -1.27044362887 0.25 h
$end
