$coord
   -1.32332328253827     -2.29163683842921      0.00000000000000  c
    1.32270412738699     -2.29156915172216      0.00000000000000  c
    2.64591176599759     -0.00017836876293      0.00000000000000  c
    1.32331173779383      2.29162911251539      0.00000000000000  c
   -1.32271704435911      2.29158260597719      0.00000000000000  c
   -2.64594570587691      0.00015560604249      0.00000000000000  c
   -2.35810540724756     -4.08323206557064      0.00000000000000  h
    2.35733985914888     -4.08330398822472      0.00000000000000  h
    4.71488141707544     -0.00016753927140      0.00000000000000  h
    2.35829693892176      4.08311455079469      0.00000000000000  h
   -2.35741328430517      4.08328454367514      0.00000000000000  h
   -4.71494112199749      0.00032153297616      0.00000000000000  h
$user-defined bonds
$redundant
     number_of_atoms            12
     degrees_of_freedom         21
     internal_coordinates       21
     frozen_coordinates          0
# definitions of redundant internals
   1 k  1.0000000000000 stre   2    8           val=   2.06901
   2 k  1.0000000000000 stre   3    9           val=   2.06897
   3 k  1.0000000000000 stre   6    5           val=   2.64605
   4 k  1.0000000000000 stre   3    2           val=   2.64601
   5 k  1.0000000000000 stre   2    1           val=   2.64603
   6 k  1.0000000000000 stre   1    6           val=   2.64606
   7 k  1.0000000000000 stre   4   10           val=   2.06896
   8 k  1.0000000000000 stre   5    4           val=   2.64603
   9 k  1.0000000000000 stre   4    3           val=   2.64606
  10 k  1.0000000000000 stre   5   11           val=   2.06901
  11 k  1.0000000000000 stre   6   12           val=   2.06900
  12 k  1.0000000000000 stre   1    7           val=   2.06896
  13 k -0.4082482904639 bend   1    5    6      val=   0.00004
        0.4082482904639 bend   6    4    5
       -0.4082482904639 bend   5    3    4
        0.4082482904639 bend   4    2    3
       -0.4082482904639 bend   3    1    2
        0.4082482904639 bend   2    6    1
  14 k  0.7071067811865 bend   5   10    4      val=   0.01119
       -0.7071067811865 bend   3   10    4
  15 k  0.7071067811865 bend   6    7    1      val=  -0.00532
       -0.7071067811865 bend   2    7    1
  16 k -0.7071067811865 bend   4   11    5      val=  -0.00821
        0.7071067811865 bend   6   11    5
  17 k  0.7071067811865 bend   2    9    3      val=   0.00825
       -0.7071067811865 bend   4    9    3
  18 k -0.7071067811865 bend   3    8    2      val=   0.00607
        0.7071067811865 bend   1    8    2
  19 k -0.7071067811865 bend   1   12    6      val=   0.00307
        0.7071067811865 bend   5   12    6
  20 k  0.5000000000000 bend   1    5    6      val=  -0.00048
       -0.5000000000000 bend   6    4    5
        0.5000000000000 bend   4    2    3
       -0.5000000000000 bend   3    1    2
  21 k -0.2886751345948 bend   1    5    6      val=  -0.00880
       -0.2886751345948 bend   6    4    5
        0.5773502691896 bend   5    3    4
       -0.2886751345948 bend   4    2    3
       -0.2886751345948 bend   3    1    2
        0.5773502691896 bend   2    6    1
        21 non zero eigenvalues  of BmBt
           1           4.381552870    1    0
         1
           2           4.381547449    2    0
         2
           3           3.551768598    3    0
         3
           4           3.504352266    4    0
         4
           5           3.504350716    5    0
         5
           6           3.195985130    6    0
         6
           7           2.618033975    7    0
         7
           8           1.989689755    8    0
         8
           9           1.890658836    9    0
         9
          10           1.890624450   10    0
        10
          11           1.576101712   11    0
        11
          12           1.576075310   12    0
        12
          13           0.544623505   13    0
        13
          14           0.403385109   14    0
        14
          15           0.381966003   15    0
        15
          16           0.357832325   16    0
        16
          17           0.357831121   17    0
        17
          18           0.280433623   18    0
        18
          19           0.280431656   19    0
        19
          20           0.259405800   20    0
        20
          21           0.259401681   21    0
        21
$end
