$coord
   -1.15272204457377      0.56365105018862      0.00000000000000  c
   -1.24151323719160      2.63810850299427      0.00000000000000  h
    1.15299677583016     -0.56957044996372      0.00000000000000  c
    1.24236100322368     -2.64397553296468      0.00000000000000  h
   -3.51749709402150     -0.77018439542310      0.00000000000000  c
   -3.42704032574853     -2.84489313973744      0.00000000000000  h
   -5.82044899394614      0.35915245339760      0.00000000000000  c
   -5.91705763001261      2.43341656648739      0.00000000000000  h
   -8.19459625422412     -0.99059494226942      0.00000000000000  c
   -8.07841604285571     -3.06342654236821      0.00000000000000  h
  -10.48285985527130      0.11699613313180      0.00000000000000  c
  -12.22537156034929     -0.99892069589083      0.00000000000000  h
  -10.67928161995636      2.18102937624682      0.00000000000000  h
    3.51699679738516      0.76561425442060      0.00000000000000  c
    3.42473897326316      2.84025157106737      0.00000000000000  h
    5.82116234118741     -0.36116834457355      0.00000000000000  c
    5.92056304565904     -2.43526720738004      0.00000000000000  h
    8.19320404926401      0.99224608538249      0.00000000000000  c
    8.07334756419346      3.06486123562012      0.00000000000000  h
   10.48351086185650     -0.11105483409240      0.00000000000000  c
   10.68416329730602     -2.17467062286125      0.00000000000000  h
   12.22375994898228      1.00839947858759      0.00000000000000  h
$user-defined bonds
$redundant
     number_of_atoms            22
     degrees_of_freedom         41
     internal_coordinates       41
     frozen_coordinates          0
# definitions of redundant internals
   1 k  1.0000000000000 stre   1    2           val=   2.07636
   2 k  1.0000000000000 stre   3    4           val=   2.07633
   3 k  1.0000000000000 stre   5    6           val=   2.07668
   4 k  1.0000000000000 stre   9   10           val=   2.07608
   5 k  1.0000000000000 stre  11   12           val=   2.06921
   6 k  1.0000000000000 stre  11   13           val=   2.07336
   7 k  1.0000000000000 stre  14   15           val=   2.07669
   8 k  1.0000000000000 stre  16   17           val=   2.07648
   9 k  1.0000000000000 stre  18   19           val=   2.07608
  10 k  1.0000000000000 stre  20   21           val=   2.07335
  11 k  1.0000000000000 stre   9   11           val=   2.54223
  12 k  1.0000000000000 stre  18   20           val=   2.54220
  13 k  1.0000000000000 stre   5    7           val=   2.56495
  14 k  1.0000000000000 stre  14   16           val=   2.56492
  15 k  1.0000000000000 stre   3   14           val=   2.71500
  16 k  1.0000000000000 stre   7    8           val=   2.07651
  17 k  1.0000000000000 stre  20   22           val=   2.06921
  18 k  1.0000000000000 stre   1    5           val=   2.71501
  19 k  1.0000000000000 stre  16   18           val=   2.73099
  20 k  1.0000000000000 stre   1    3           val=   2.56915
  21 k  1.0000000000000 stre   7    9           val=   2.73101
  22 k  0.8164965809277 bend  13   12   11      val=  -2.10026
       -0.4082483052160 bend   9   12   11
       -0.4082482757117 bend   9   13   11
  23 k -0.8164910912577 bend  22   21   20      val=   2.10076
        0.4108385019821 bend  18   21   20
        0.4056525892755 bend  18   22   20
  24 k -0.7071067811865 bend  14   17   16      val=  -0.91968
        0.7071067811865 bend  18   17   16
  25 k  0.7071067811865 bend  16   15   14      val=   0.84715
       -0.7071067811865 bend   3   15   14
  26 k  0.7071067811865 bend   5    8    7      val=   0.91845
       -0.7071067811865 bend   9    8    7
  27 k  0.7071067811865 bend   7    6    5      val=   0.84542
       -0.7071067811865 bend   1    6    5
  28 k  0.7071067811865 bend  11   10    9      val=   1.31271
       -0.7071067811865 bend   7   10    9
  29 k -0.7071067811865 bend   1    4    3      val=  -0.82455
        0.7071067811865 bend  14    4    3
  30 k  0.7071067811865 bend   3    2    1      val=   0.82511
       -0.7071067811865 bend   5    2    1
  31 k  0.7071067811865 bend  20   19   18      val=   1.31644
       -0.7071067811865 bend  16   19   18
  32 k  0.0029940880971 bend  22   21   20      val=  -0.13444
        0.7056049829442 bend  18   21   20
       -0.7085990710414 bend  18   22   20
  33 k  0.0000000170343 bend  13   12   11      val=   0.13561
        0.7071067726694 bend   9   12   11
       -0.7071067897037 bend   9   13   11
  34 k  1.0000000000000 bend  16   20   18      val= 124.57090
  35 k  1.0000000000000 bend   7   11    9      val= 124.55252
  36 k  1.0000000000000 bend   5    9    7      val= 124.25824
  37 k  1.0000000000000 bend  14   18   16      val= 124.23269
  38 k  1.0000000000000 bend   1    7    5      val= 124.45241
  39 k  1.0000000000000 bend   3   16   14      val= 124.48274
  40 k  1.0000000000000 bend   3    5    1      val= 124.40179
  41 k  1.0000000000000 bend   1   14    3      val= 124.36895
        41 non zero eigenvalues  of BmBt
           1           4.623847263    1    0
         1
           2           4.439513340    2    0
         2
           3           4.132920500    3    0
         3
           4           3.977957326    4    0
         4
           5           3.937597598    5    0
         5
           6           3.709945506    6    0
         6
           7           3.701129217    7    0
         7
           8           3.386080977    8    0
         8
           9           3.226998554    9    0
         9
          10           3.043064480   10    0
        10
          11           2.760513966   11    0
        11
          12           2.519665227   12    0
        12
          13           2.421938183   13    0
        13
          14           2.226586575   14    0
        14
          15           2.144305918   15    0
        15
          16           2.095707342   16    0
        16
          17           2.023806824   17    0
        17
          18           1.673167758   18    0
        18
          19           1.292498456   19    0
        19
          20           1.056300430   20    0
        20
          21           0.914055873   21    0
        21
          22           0.913592817   22    0
        22
          23           0.659721983   23    0
        23
          24           0.646411841   24    0
        24
          25           0.618399123   25    0
        25
          26           0.580580858   26    0
        26
          27           0.541876227   27    0
        27
          28           0.475886951   28    0
        28
          29           0.420100929   29    0
        29
          30           0.368961592   30    0
        30
          31           0.358552856   31    0
        31
          32           0.357264465   32    0
        32
          33           0.328989267   33    0
        33
          34           0.154279946   34    0
        34
          35           0.137237325   35    0
        35
          36           0.099073690   36    0
        36
          37           0.092021190   37    0
        37
          38           0.045123840   38    0
        38
          39           0.031692046   39    0
        39
          40           0.015136527   40    0
        40
          41           0.002510608   41    0
        41
$end
