$coord
   -1.16014000686662      0.56747724247906      0.00000000000000  c
    1.16018770111004     -0.57126353630142      0.00000000000000  c
   -3.52559441210696     -0.76820621277457      0.00000000000000  c
   -5.84312693913101      0.36484752575393      0.00000000000000  c
   -8.21790977393724     -0.99005705324376      0.00000000000000  c
  -10.51969859762178      0.11602410514364      0.00000000000000  c
    3.52518156019943      0.76530253792843      0.00000000000000  c
    5.84357054948474     -0.36609586440798      0.00000000000000  c
    8.21709599907439      0.99116681890902      0.00000000000000  c
   10.52023121850049     -0.11224049277887      0.00000000000000  c
 -0.711281014099 0.347191962417 -0.25 h
 -0.711281014099 0.347191962417 0.25 h
 -1.57534215186 0.288896592056 -0.25 h
 -1.57534215186 0.288896592056 0.25 h
 -1.19379685464 1.06634317296 -0.25 h
 -1.19379685464 1.06634317296 0.25 h
 0.711328708343 -0.35097825624 -0.25 h
 0.711328708343 -0.35097825624 0.25 h
 1.57538984611 -0.292682885879 -0.25 h
 1.57538984611 -0.292682885879 0.25 h
 1.19384454888 -1.07012946679 -0.25 h
 1.19384454888 -1.07012946679 0.25 h
 -3.97478369886 -0.548595227931 -0.25 h
 -3.97478369886 -0.548595227931 0.25 h
 -3.1108110769 -0.489002371758 -0.25 h
 -3.1108110769 -0.489002371758 0.25 h
 -3.49118846055 -1.26702103863 -0.25 h
 -3.49118846055 -1.26702103863 0.25 h
 -5.39393765238 0.145236540911 -0.25 h
 -5.39393765238 0.145236540911 0.25 h
 -6.25791027433 0.0856436847371 -0.25 h
 -6.25791027433 0.0856436847371 0.25 h
 -5.87753289068 0.863662351614 -0.25 h
 -5.87753289068 0.863662351614 0.25 h
 -8.66857788296 -0.773497002665 -0.25 h
 -8.66857788296 -0.773497002665 0.25 h
 -7.80502921418 -0.708047047441 -0.25 h
 -7.80502921418 -0.708047047441 0.25 h
 -8.18012222467 -1.48862710963 -0.25 h
 -8.18012222467 -1.48862710963 0.25 h
 -10.0690304886 -0.100535945436 -0.25 h
 -10.0690304886 -0.100535945436 0.25 h
 -10.9325791574 -0.165985900659 -0.25 h
 -10.9325791574 -0.165985900659 0.25 h
 -10.5574861469 0.614594161525 -0.25 h
 -10.5574861469 0.614594161525 0.25 h
 3.97452935131 0.546016052655 -0.25 h
 3.97452935131 0.546016052655 0.25 h
 3.11059999769 0.485799178328 -0.25 h
 3.11059999769 0.485799178328 0.25 h
 3.4904153316 1.2640923828 -0.25 h
 3.4904153316 1.2640923828 0.25 h
 5.39422275837 -0.146809379135 -0.25 h
 5.39422275837 -0.146809379135 0.25 h
 6.25815211199 -0.0865925048079 -0.25 h
 6.25815211199 -0.0865925048079 0.25 h
 5.87833677809 -0.864885709281 -0.25 h
 5.87833677809 -0.864885709281 0.25 h
 8.66801761728 0.775135121624 -0.25 h
 8.66801761728 0.775135121624 0.25 h
 7.8045462521 0.708673091067 -0.25 h
 7.8045462521 0.708673091067 0.25 h
 8.17872412784 1.48969224404 -0.25 h
 8.17872412784 1.48969224404 0.25 h
 10.0693096003 0.103791204506 -0.25 h
 10.0693096003 0.103791204506 0.25 h
 10.9327809655 0.170253235063 -0.25 h
 10.9327809655 0.170253235063 0.25 h
 10.5586030897 -0.610765917906 -0.25 h
 10.5586030897 -0.610765917906 0.25 h
$end
