$coord
    3.54986802299463      0.75444181799008      0.00000000000000  c
    3.46580178378239      2.80481157935158      0.00000000000000  h
    5.78858740806653     -0.38113181047316      0.00000000000000  c
    5.96135602543667     -2.42510203183018      0.00000000000000  h
    7.53234410704414      0.69301725630131      0.00000000000000  h
    1.12147761859236     -0.57511946635632      0.00000000000000  c
    1.19810626995031     -2.62657295254098      0.00000000000000  h
   -1.12147761859109      0.57511946636552      0.00000000000000  c
   -1.19810626995500      2.62657295254957      0.00000000000000  h
   -3.54986802298955     -0.75444181798698      0.00000000000000  c
   -3.46580178377341     -2.80481157934802      0.00000000000000  h
   -5.78858740806737      0.38113181046765      0.00000000000000  c
   -7.53234410704144     -0.69301725631386      0.00000000000000  h
   -5.96135602544922      2.42510203182379      0.00000000000000  h
$user-defined bonds
$redundant
     number_of_atoms            14
     degrees_of_freedom         25
     internal_coordinates       25
     frozen_coordinates          0
# definitions of redundant internals
   1 k  1.0000000000000 stre   6    7           val=   2.05288
   2 k  1.0000000000000 stre   8    9           val=   2.05288
   3 k  1.0000000000000 stre  10   11           val=   2.05209
   4 k  1.0000000000000 stre  12   13           val=   2.04804
   5 k  1.0000000000000 stre   1    3           val=   2.51026
   6 k  1.0000000000000 stre  10   12           val=   2.51026
   7 k  1.0000000000000 stre   6    1           val=   2.76854
   8 k  1.0000000000000 stre   8   10           val=   2.76854
   9 k  1.0000000000000 stre   3    4           val=   2.05126
  10 k  1.0000000000000 stre   3    5           val=   2.04804
  11 k  1.0000000000000 stre  12   14           val=   2.05126
  12 k  1.0000000000000 stre   1    2           val=   2.05209
  13 k  1.0000000000000 stre   6    8           val=   2.52069
  14 k -0.8164965809277 bend   5    4    3      val=   2.39891
        0.4082482931380 bend   1    4    3
        0.4082482877897 bend   1    5    3
  15 k -0.8164965809277 bend  13   14   12      val=   2.39891
        0.4082482931380 bend  10   14   12
        0.4082482877898 bend  10   13   12
  16 k  0.7071067811865 bend   8    7    6      val=   1.36358
       -0.7071067811865 bend   1    7    6
  17 k -0.7071067811865 bend   6    9    8      val=  -1.36358
        0.7071067811865 bend  10    9    8
  18 k  0.7071067811865 bend   3    2    1      val=   1.44536
       -0.7071067811865 bend   6    2    1
  19 k -0.7071067811865 bend  12   11   10      val=  -1.44536
        0.7071067811865 bend   8   11   10
  20 k -0.0000000030878 bend   5    4    3      val=  -0.12828
       -0.7071067796426 bend   1    4    3
        0.7071067827305 bend   1    5    3
  21 k -0.0000000030878 bend  13   14   12      val=  -0.12828
       -0.7071067796427 bend  10   14   12
        0.7071067827304 bend  10   13   12
  22 k  1.0000000000000 bend   6    3    1      val= 124.40292
  23 k  1.0000000000000 bend   8   12   10      val= 124.40292
  24 k  1.0000000000000 bend   8    1    6      val= 124.14918
  25 k  1.0000000000000 bend   6   10    8      val= 124.14918
        25 non zero eigenvalues  of BmBt
           1           4.549708579    1    0
         1
           2           4.126574164    2    0
         2
           3           4.004133024    3    0
         3
           4           3.827565268    4    0
         4
           5           3.448600449    5    0
         5
           6           3.272086587    6    0
         6
           7           2.720514691    7    0
         7
           8           2.500389905    8    0
         8
           9           2.272470670    9    0
         9
          10           2.063972899   10    0
        10
          11           1.840683864   11    0
        11
          12           1.219777301   12    0
        12
          13           0.914786761   13    0
        13
          14           0.913419020   14    0
        14
          15           0.657698155   15    0
        15
          16           0.616512090   16    0
        16
          17           0.544938040   17    0
        17
          18           0.435446482   18    0
        18
          19           0.361593587   19    0
        19
          20           0.357417811   20    0
        20
          21           0.347846185   21    0
        21
          22           0.125783100   22    0
        22
          23           0.085404181   23    0
        23
          24           0.055377103   24    0
        24
          25           0.012704919   25    0
        25
$end
