$coord
   -3.31168822400967     -3.49627464478823      0.00000000000000  c
   -0.69244334925590     -3.49263029441258      0.00000000000000  c
    0.68906073480323     -1.17682173315426      0.00000000000000  c
   -0.68911780752995      1.17694341871173      0.00000000000000  c
   -3.38462727607643      1.10526158644547      0.00000000000000  c
   -4.66957847117627     -1.17707419671230      0.00000000000000  c
    4.43034751934451     -2.89750427979582      0.00000000000000  h
   -4.34882198150772     -5.29211611889944      0.00000000000000  h
    0.35899453615134     -5.28147923710464      0.00000000000000  h
    3.38468793988346     -1.10522916394405      0.00000000000000  c
    0.69239657069760      3.49259986030753      0.00000000000000  c
   -4.43026166705807      2.89736629705284      0.00000000000000  h
   -6.74323252920497     -1.20270551943331      0.00000000000000  h
    3.31156909047598      3.49628277026426      0.00000000000000  c
    4.66962323746618      1.17719315097244      0.00000000000000  c
   -0.35892715733379      5.28132551382294      0.00000000000000  h
    4.34872046314125      5.29207773486805      0.00000000000000  h
    6.74329837118926      1.20278485579936      0.00000000000000  h
$user-defined bonds
$redundant
     number_of_atoms            18
     degrees_of_freedom         33
     internal_coordinates       33
     frozen_coordinates          0
# definitions of redundant internals
   1 k  1.0000000000000 stre   1    8           val=   2.07381
   2 k  1.0000000000000 stre   2    9           val=   2.07497
   3 k  1.0000000000000 stre   6   13           val=   2.07381
   4 k  1.0000000000000 stre  11   16           val=   2.07481
   5 k  1.0000000000000 stre  14   17           val=   2.07378
   6 k  1.0000000000000 stre  15   18           val=   2.07383
   7 k  1.0000000000000 stre   3    2           val=   2.69658
   8 k  1.0000000000000 stre   2    1           val=   2.61925
   9 k  1.0000000000000 stre   3   10           val=   2.69658
  10 k  1.0000000000000 stre  10   15           val=   2.61926
  11 k  1.0000000000000 stre  15   14           val=   2.68747
  12 k  1.0000000000000 stre  14   11           val=   2.61918
  13 k  1.0000000000000 stre  11    4           val=   2.69645
  14 k  1.0000000000000 stre   1    6           val=   2.68748
  15 k  1.0000000000000 stre   6    5           val=   2.61919
  16 k  1.0000000000000 stre   5    4           val=   2.69646
  17 k  1.0000000000000 stre   5   12           val=   2.07485
  18 k  1.0000000000000 stre   3    4           val=   2.72756
  19 k  1.0000000000000 stre  10    7           val=   2.07501
  20 k -0.4082482904639 bend   4    2    3      val=  -0.00126
        0.4082482904639 bend   3    1    2
       -0.4082482904639 bend   2    6    1
        0.4082482904639 bend   1    5    6
       -0.4082482904639 bend   6    4    5
        0.4082482904639 bend   5    3    4
  21 k -0.4082482904639 bend   4   10    3      val=   0.00070
        0.4082482904639 bend   3   15   10
       -0.4082482904639 bend  10   14   15
        0.4082482904639 bend  15   11   14
       -0.4082482904639 bend  14    4   11
        0.4082482904639 bend  11    3    4
  22 k -0.7071067811865 bend  10   18   15      val=  -0.21959
        0.7071067811865 bend  14   18   15
  23 k -0.7071067811865 bend   5   13    6      val=  -0.22341
        0.7071067811865 bend   1   13    6
  24 k  0.7071067811865 bend  11   17   14      val=   0.22520
       -0.7071067811865 bend  15   17   14
  25 k -0.7071067811865 bend   2    8    1      val=  -0.22161
        0.7071067811865 bend   6    8    1
  26 k -0.7071067811865 bend   6   12    5      val=  -0.80978
        0.7071067811865 bend   4   12    5
  27 k  0.7071067811865 bend  15    7   10      val=   0.81118
       -0.7071067811865 bend   3    7   10
  28 k -0.7071067811865 bend   1    9    2      val=  -0.81519
        0.7071067811865 bend   3    9    2
  29 k  0.7071067811865 bend  14   16   11      val=   0.81470
       -0.7071067811865 bend   4   16   11
  30 k  0.5000000000000 bend   4   10    3      val=  -0.67480
       -0.5000000000000 bend   3   15   10
        0.5000000000000 bend  15   11   14
       -0.5000000000000 bend  14    4   11
  31 k  0.5000000000000 bend   4    2    3      val=  -0.67435
       -0.5000000000000 bend   3    1    2
        0.5000000000000 bend   1    5    6
       -0.5000000000000 bend   6    4    5
  32 k -0.2886751345948 bend   4    2    3      val=  -0.33908
       -0.2886751345948 bend   3    1    2
        0.5773502691896 bend   2    6    1
       -0.2886751345948 bend   1    5    6
       -0.2886751345948 bend   6    4    5
        0.5773502691896 bend   5    3    4
  33 k -0.2886751345948 bend   4   10    3      val=  -0.33803
       -0.2886751345948 bend   3   15   10
        0.5773502691896 bend  10   14   15
       -0.2886751345948 bend  15   11   14
       -0.2886751345948 bend  14    4   11
        0.5773502691896 bend  11    3    4
        33 non zero eigenvalues  of BmBt
           1           4.755863014    1    0
         1
           2           4.227214833    2    0
         2
           3           4.022153874    3    0
         3
           4           3.965877952    4    0
         4
           5           3.727973769    5    0
         5
           6           3.308729080    6    0
         6
           7           3.284467571    7    0
         7
           8           3.237240425    8    0
         8
           9           3.059103078    9    0
         9
          10           3.052652160   10    0
        10
          11           2.665834925   11    0
        11
          12           2.141935283   12    0
        12
          13           2.095453934   13    0
        13
          14           1.901770256   14    0
        14
          15           1.727378802   15    0
        15
          16           1.701385752   16    0
        16
          17           1.679599793   17    0
        17
          18           1.391589479   18    0
        18
          19           1.033450304   19    0
        19
          20           0.908163585   20    0
        20
          21           0.463974987   21    0
        21
          22           0.415565723   22    0
        22
          23           0.376780811   23    0
        23
          24           0.374677791   24    0
        24
          25           0.335105570   25    0
        25
          26           0.331027936   26    0
        26
          27           0.313568760   27    0
        27
          28           0.311485825   28    0
        28
          29           0.290499341   29    0
        29
          30           0.242885645   30    0
        30
          31           0.197958548   31    0
        31
          32           0.119493414   32    0
        32
          33           0.036961259   33    0
        33
$end
