$coord
    3.56620119493637      0.97435415795040      0.00000000000000  c
    5.88587473492584     -0.22447230900350      0.00000000000000  c
    1.20083542576665     -0.29376220329968      0.00000000000000  c
   -1.11916714518966      0.90448849716419      0.00000000000000  c
   -3.48417168811674     -0.36423799026073      0.00000000000000  c
    8.25159660268749      1.04307579539748      0.00000000000000  c
   10.57093277165540     -0.15629950861718      0.00000000000000  c
   12.93700680253915      1.11072154151547      0.00000000000000  c
   15.25599965959844     -0.08914540246058      0.00000000000000  c
   17.62233258100142      1.17740514341868      0.00000000000000  c
   19.94100207928109     -0.02280882364900      0.00000000000000  c
   22.30764196626465      1.24340949247711      0.00000000000000  c
   24.62600231657704      0.04286708780745      0.00000000000000  c
   26.99291959516307      1.30881199165250      0.00000000000000  c
   29.31102959435754      0.10804309356874      0.00000000000000  c
   31.67818837349407      1.37383500978250      0.00000000000000  c
   33.99611087998468      0.17295313192602      0.00000000000000  c
   -5.80450270510176      0.83338164317610      0.00000000000000  c
   -8.16905080985233     -0.43599048776490      0.00000000000000  c
  -10.48972896301725      0.76085400042593      0.00000000000000  c
  -12.85385035625206     -0.50932983908658      0.00000000000000  c
  -15.17491974135754      0.68670848080328      0.00000000000000  c
  -17.53857209182074     -0.58434086846987      0.00000000000000  c
  -19.86010722700012      0.61079130881451      0.00000000000000  c
  -22.22323614228679     -0.66123791033090      0.00000000000000  c
  -24.54531347729973      0.53288618754857      0.00000000000000  c
   36.36349027135076      1.43866789981933      0.00000000000000  c
   38.68125585443264      0.23772974305604      0.00000000000000  c
   41.04889786474300      1.50352344492985      0.00000000000000  c
   43.36648859824967      0.30265938803158      0.00000000000000  c
   45.73436538538557      1.56861013343938      0.00000000000000  c
   48.05174630647027      0.36791403158983      0.00000000000000  c
   50.41989709348810      1.63411323582999      0.00000000000000  c
   52.73701459029522      0.43366675781518      0.00000000000000  c
   55.10548681703911      1.70024461099244      0.00000000000000  c
   57.42228295119904      0.50020220068451      0.00000000000000  c
   59.79106906355133      1.76738412336150      0.00000000000000  c
   62.10752125250360      0.56801044298083      0.00000000000000  c
   64.47674512591212      1.83606272451899      0.00000000000000  c
   66.79275082912017      0.63756481145816      0.00000000000000  c
   69.16250451704271      1.90682983323868      0.00000000000000  c
   71.47799794845476      0.70961606829372      0.00000000000000  c
   73.84841944871951      1.98063898413646      0.00000000000000  c
   76.16325981309735      0.78525751511051      0.00000000000000  c
  -26.90787742765670     -0.74017615690259      0.00000000000000  c
  -29.23054410654240      0.45290864275280      0.00000000000000  c
  -31.59257333475127     -0.82135233179433      0.00000000000000  c
  -33.91584234335195      0.37055757730568      0.00000000000000  c
  -36.27724891201051     -0.90492678044930      0.00000000000000  c
  -38.60111247056252      0.28576541033306      0.00000000000000  c
  -40.96189784721355     -0.99096974999103      0.00000000000000  c
  -43.28634076978594      0.19848955564075      0.00000000000000  c
  -45.64650646414853     -1.07952465575204      0.00000000000000  c
  -47.97151375640485      0.10865851686234      0.00000000000000  c
  -50.33096705550528     -1.17067505682913      0.00000000000000  c
  -52.65655267671460      0.01609804447709      0.00000000000000  c
  -55.01535038532984     -1.26468116317825      0.00000000000000  c
  -57.34151618358091     -0.07932460957624      0.00000000000000  c
  -59.69963416211110     -1.36159361013281      0.00000000000000  c
  -62.02642825641359     -0.17773761563893      0.00000000000000  c
  -64.38384169133749     -1.46159385903422      0.00000000000000  c
  -66.71131323852035     -0.27932591375824      0.00000000000000  c
  -69.06801813323480     -1.56481264501608      0.00000000000000  c
  -71.39617870283685     -0.38415437070656      0.00000000000000  c
  -73.75223617687894     -1.67139210112515      0.00000000000000  c
  -76.08104728934235     -0.49243568644324      0.00000000000000  c
  -78.43645156356865     -1.78145778031362      0.00000000000000  c
  -80.76584968460985     -0.60424488206599      0.00000000000000  c
  -83.12066955537441     -1.89508520083855      0.00000000000000  c
  -85.45056873225808     -0.71963787244810      0.00000000000000  c
  -87.80488255192735     -2.01236272221445      0.00000000000000  c
  -90.13518621736759     -0.83876935326773      0.00000000000000  c
  -92.48901378133658     -2.13352990734782      0.00000000000000  c
  -94.81966190212862     -0.96198657463277      0.00000000000000  c
  -97.17315555426677     -2.25899814212468      0.00000000000000  c
  -99.50400354694473     -1.08965215700956      0.00000000000000  c
 -101.85729541944158     -2.38917549170485      0.00000000000000  c
 -104.18822750210006     -1.22233992096290      0.00000000000000  c
 -106.54150890797396     -2.52481714824176      0.00000000000000  c
 -108.87232666143775     -1.36092762981315      0.00000000000000  c
 -111.22592644087811     -2.66697105465301      0.00000000000000  c
 -113.55625592603002     -1.50667703727996      0.00000000000000  c
 -115.91071963543982     -2.81740750185370      0.00000000000000  c
 -118.23992309748850     -1.66194936633267      0.00000000000000  c
 -120.59618854717962     -2.97943970379842      0.00000000000000  c
 -122.92302848175252     -1.83117387709325      0.00000000000000  c
 -125.28322728548758     -3.15998207918363      0.00000000000000  c
 -127.60536881552405     -2.02553545647453      0.00000000000000  c
 -129.97592551690246     -3.38147802350701      0.00000000000000  c
 -132.28155703288900     -2.27960155818439      0.00000000000000  c
   78.53462546438784      2.05875794197740      0.00000000000000  c
   80.84850534215039      0.86598467592919      0.00000000000000  c
   83.22131645746070      2.14319513942698      0.00000000000000  c
   85.53367308081606      0.95438581861658      0.00000000000000  c
   87.90882505455308      2.23746914228920      0.00000000000000  c
   90.21850670552317      1.05512623437006      0.00000000000000  c
   92.59810854226991      2.34877633833473      0.00000000000000  c
   94.90301493754043      1.17974563577375      0.00000000000000  c
   97.29369894184205      2.49987925395688      0.00000000000000  c
   99.58242032639238      1.36332966610687      0.00000000000000  c
 4.01038849546 0.744794488034 -0.25 h
 4.01038849546 0.744794488034 0.25 h
 3.14530303884 0.704456506616 -0.25 h
 3.14530303884 0.704456506616 0.25 h
 3.54291205051 1.4738114792 -0.25 h
 3.54291205051 1.4738114792 0.25 h
 5.4416874344 0.00508736091312 -0.25 h
 5.4416874344 0.00508736091312 0.25 h
 6.30677289102 0.0454253423314 -0.25 h
 6.30677289102 0.0454253423314 0.25 h
 5.90916387936 -0.723929630255 -0.25 h
 5.90916387936 -0.723929630255 0.25 h
 0.756589890882 -0.0643152492239 -0.25 h
 0.756589890882 -0.0643152492239 0.25 h
 1.62166508426 -0.0237577616093 -0.25 h
 1.62166508426 -0.0237577616093 0.25 h
 1.22425130216 -0.793213599066 -0.25 h
 1.22425130216 -0.793213599066 0.25 h
 -0.674921610305 0.675041543088 -0.25 h
 -0.674921610305 0.675041543088 0.25 h
 -1.53999680368 0.634484055474 -0.25 h
 -1.53999680368 0.634484055474 0.25 h
 -1.14258302158 1.40393989293 -0.25 h
 -1.14258302158 1.40393989293 0.25 h
 -3.92847971977 -0.134912080245 -0.25 h
 -3.92847971977 -0.134912080245 0.25 h
 -3.06341560847 -0.0941189027473 -0.25 h
 -3.06341560847 -0.0941189027473 0.25 h
 -3.46061973611 -0.86368298779 -0.25 h
 -3.46061973611 -0.86368298779 0.25 h
 8.69572740605 0.813406839066 -0.25 h
 8.69572740605 0.813406839066 0.25 h
 7.83063205036 0.773281715246 -0.25 h
 7.83063205036 0.773281715246 0.25 h
 8.22843035165 1.54253883188 -0.25 h
 8.22843035165 1.54253883188 0.25 h
 10.1268019683 0.0733694477141 -0.25 h
 10.1268019683 0.0733694477141 0.25 h
 10.991897324 0.113494571535 -0.25 h
 10.991897324 0.113494571535 0.25 h
 10.5940990227 -0.6557625451 -0.25 h
 10.5940990227 -0.6557625451 0.25 h
 13.38108531 0.880951484229 -0.25 h
 13.38108531 0.880951484229 0.25 h
 12.5159808422 0.841023301437 -0.25 h
 12.5159808422 0.841023301437 0.25 h
 12.9139542555 1.61018983888 -0.25 h
 12.9139542555 1.61018983888 0.25 h
 14.8119211522 0.140624654826 -0.25 h
 14.8119211522 0.140624654826 0.25 h
 15.67702562 0.180552837618 -0.25 h
 15.67702562 0.180552837618 0.25 h
 15.2790522067 -0.588613699826 -0.25 h
 15.2790522067 -0.588613699826 0.25 h
 18.0663708805 0.947557392624 -0.25 h
 18.0663708805 0.947557392624 0.25 h
 17.20125944 0.907780571165 -0.25 h
 17.20125944 0.907780571165 0.25 h
 17.5993674224 1.67687746647 -0.25 h
 17.5993674224 1.67687746647 0.25 h
 19.4969637797 0.207038927146 -0.25 h
 19.4969637797 0.207038927146 0.25 h
 20.3620752202 0.246815748605 -0.25 h
 20.3620752202 0.246815748605 0.25 h
 19.9639672379 -0.522281146698 -0.25 h
 19.9639672379 -0.522281146698 0.25 h
 22.7516420693 1.01348796568 -0.25 h
 22.7516420693 1.01348796568 0.25 h
 21.8865240317 0.973854887341 -0.25 h
 21.8865240317 0.973854887341 0.25 h
 22.2847597978 1.74288562441 -0.25 h
 22.2847597978 1.74288562441 0.25 h
 24.1820022135 0.272788614601 -0.25 h
 24.1820022135 0.272788614601 0.25 h
 25.0471202512 0.312421692943 -0.25 h
 25.0471202512 0.312421692943 0.25 h
 24.648884485 -0.456609044122 -0.25 h
 24.648884485 -0.456609044122 0.25 h
 27.4368918427 1.07883668129 -0.25 h
 27.4368918427 1.07883668129 0.25 h
 26.5717690104 1.03930840185 -0.25 h
 26.5717690104 1.03930840185 0.25 h
 26.9700979324 1.80829089182 -0.25 h
 26.9700979324 1.80829089182 0.25 h
 28.8670573468 0.338018403928 -0.25 h
 28.8670573468 0.338018403928 0.25 h
 29.7321801792 0.377546683372 -0.25 h
 29.7321801792 0.377546683372 0.25 h
 29.3338512571 -0.391435806594 -0.25 h
 29.3338512571 -0.391435806594 0.25 h
 32.1221441852 1.14382797231 -0.25 h
 32.1221441852 1.14382797231 0.25 h
 31.2570185302 1.10436151745 -0.25 h
 31.2570185302 1.10436151745 0.25 h
 31.6554024052 1.87331553958 -0.25 h
 31.6554024052 1.87331553958 0.25 h
 33.5521550683 0.402960169396 -0.25 h
 33.5521550683 0.402960169396 0.25 h
 34.4172807233 0.442426624254 -0.25 h
 34.4172807233 0.442426624254 0.25 h
 34.0188968483 -0.326527397872 -0.25 h
 34.0188968483 -0.326527397872 0.25 h
 -5.36019467344 0.604055733161 -0.25 h
 -5.36019467344 0.604055733161 0.25 h
 -6.22525878475 0.563262555663 -0.25 h
 -6.22525878475 0.563262555663 0.25 h
 -5.82805465711 1.3328266407 -0.25 h
 -5.82805465711 1.3328266407 0.25 h
 -8.61343329673 -0.206808888693 -0.25 h
 -8.61343329673 -0.206808888693 0.25 h
 -7.74838247954 -0.165734764664 -0.25 h
 -7.74838247954 -0.165734764664 0.25 h
 -8.14533665329 -0.935427809937 -0.25 h
 -8.14533665329 -0.935427809937 0.25 h
 -10.0453464761 0.531672401354 -0.25 h
 -10.0453464761 0.531672401354 0.25 h
 -10.9103972933 0.490598277325 -0.25 h
 -10.9103972933 0.490598277325 0.25 h
 -10.5134431196 1.2602913226 -0.25 h
 -10.5134431196 1.2602913226 0.25 h
 -13.2983114448 -0.280300712668 -0.25 h
 -13.2983114448 -0.280300712668 0.25 h
 -12.4332747703 -0.238929808602 -0.25 h
 -12.4332747703 -0.238929808602 0.25 h
 -12.8299648537 -1.00875899599 -0.25 h
 -12.8299648537 -1.00875899599 0.25 h
 -14.7304586528 0.457679354384 -0.25 h
 -14.7304586528 0.457679354384 0.25 h
 -15.5954953273 0.416308450318 -0.25 h
 -15.5954953273 0.416308450318 0.25 h
 -15.198805244 1.18613763771 -0.25 h
 -15.198805244 1.18613763771 0.25 h
 -17.9831225118 -0.355485184454 -0.25 h
 -17.9831225118 -0.355485184454 0.25 h
 -17.1181020457 -0.313776753523 -0.25 h
 -17.1181020457 -0.313776753523 0.25 h
 -17.514491718 -1.08376066743 -0.25 h
 -17.514491718 -1.08376066743 0.25 h
 -19.415556807 0.381935624798 -0.25 h
 -19.415556807 0.381935624798 0.25 h
 -20.2805772731 0.340227193867 -0.25 h
 -20.2805772731 0.340227193867 0.25 h
 -19.8841876008 1.11021110778 -0.25 h
 -19.8841876008 1.11021110778 0.25 h
 -22.6678868269 -0.432577094583 -0.25 h
 -22.6678868269 -0.432577094583 0.25 h
 -21.8028847247 -0.390489529506 -0.25 h
 -21.8028847247 -0.390489529506 0.25 h
 -22.1989368753 -1.1606471069 -0.25 h
 -22.1989368753 -1.1606471069 0.25 h
 -24.1006627927 0.3042253718 -0.25 h
 -24.1006627927 0.3042253718 0.25 h
 -24.9656648949 0.262137806724 -0.25 h
 -24.9656648949 0.262137806724 0.25 h
 -24.5696127443 1.03229538412 -0.25 h
 -24.5696127443 1.03229538412 0.25 h
 36.8074353191 1.20864008716 -0.25 h
 36.8074353191 1.20864008716 0.25 h
 35.9423078181 1.16921411693 -0.25 h
 35.9423078181 1.16921411693 0.25 h
 36.3407276768 1.93814949537 -0.25 h
 36.3407276768 1.93814949537 0.25 h
 38.2373108067 0.467757555712 -0.25 h
 38.2373108067 0.467757555712 0.25 h
 39.1024383076 0.507183525947 -0.25 h
 39.1024383076 0.507183525947 0.25 h
 38.704018449 -0.261751852491 -0.25 h
 38.704018449 -0.261751852491 0.25 h
 41.4928416216 1.27349314096 -0.25 h
 41.4928416216 1.27349314096 0.25 h
 40.6277138994 1.23407202562 -0.25 h
 40.6277138994 1.23407202562 0.25 h
 41.0261380732 2.00300516821 -0.25 h
 41.0261380732 2.00300516821 0.25 h
 42.9225448414 0.532689691999 -0.25 h
 42.9225448414 0.532689691999 0.25 h
 43.7876725636 0.572110807342 -0.25 h
 43.7876725636 0.572110807342 0.25 h
 43.3892483898 -0.196822335246 -0.25 h
 43.3892483898 -0.196822335246 0.25 h
 46.178313778 1.33858877634 -0.25 h
 46.178313778 1.33858877634 0.25 h
 45.3131868504 1.29915022605 -0.25 h
 45.3131868504 1.29915022605 0.25 h
 45.7115955278 2.06809139794 -0.25 h
 45.7115955278 2.06809139794 0.25 h
 47.6077979139 0.597935388694 -0.25 h
 47.6077979139 0.597935388694 0.25 h
 48.4729248414 0.637373938983 -0.25 h
 48.4729248414 0.637373938983 0.25 h
 48.0745161641 -0.131567232907 -0.25 h
 48.0745161641 -0.131567232907 0.25 h
 50.8638543401 1.4041089681 -0.25 h
 50.8638543401 1.4041089681 0.25 h
 49.9987289313 1.36463711593 -0.25 h
 49.9987289313 1.36463711593 0.25 h
 50.397108009 2.13359362346 -0.25 h
 50.397108009 2.13359362346 0.25 h
 52.2930573437 0.663671025544 -0.25 h
 52.2930573437 0.663671025544 0.25 h
 53.1581827524 0.703142877718 -0.25 h
 53.1581827524 0.703142877718 0.25 h
 52.7598036748 -0.0658136298164 -0.25 h
 52.7598036748 -0.0658136298164 0.25 h
 55.5494626579 1.4702762377 -0.25 h
 55.5494626579 1.4702762377 0.25 h
 54.6843404433 1.43073444077 -0.25 h
 54.6843404433 1.43073444077 0.25 h
 55.0826573499 2.19972315451 -0.25 h
 55.0826573499 2.19972315451 0.25 h
 56.9783071103 0.730170573972 -0.25 h
 56.9783071103 0.730170573972 0.25 h
 57.843429325 0.769712370912 -0.25 h
 57.843429325 0.769712370912 0.25 h
 57.4451124183 0.000723657169786 -0.25 h
 57.4451124183 0.000723657169786 0.25 h
 60.2350833013 1.53748989413 -0.25 h
 60.2350833013 1.53748989413 0.25 h
 59.369967702 1.4978036284 -0.25 h
 59.369967702 1.4978036284 0.25 h
 59.7681561873 2.26685884755 -0.25 h
 59.7681561873 2.26685884755 0.25 h
 61.6635070147 0.797904672211 -0.25 h
 61.6635070147 0.797904672211 0.25 h
 62.5286226141 0.83759093794 -0.25 h
 62.5286226141 0.83759093794 0.25 h
 62.1304341287 0.0685357187913 -0.25 h
 62.1304341287 0.0685357187913 0.25 h
 64.9208098165 1.60626596529 -0.25 h
 64.9208098165 1.60626596529 0.25 h
 64.0557029494 1.56638980114 -0.25 h
 64.0557029494 1.56638980114 0.25 h
 64.4537226118 2.33553240713 -0.25 h
 64.4537226118 2.33553240713 0.25 h
 66.3486861385 0.86736157069 -0.25 h
 66.3486861385 0.86736157069 0.25 h
 67.2137930056 0.907237734834 -0.25 h
 67.2137930056 0.907237734834 0.25 h
 66.8157733432 0.13809512885 -0.25 h
 66.8157733432 0.13809512885 0.25 h
 69.6066489672 1.67718726886 -0.25 h
 69.6066489672 1.67718726886 0.25 h
 68.7415559974 1.63701073862 -0.25 h
 68.7415559974 1.63701073862 0.25 h
 69.1393085865 2.40629149223 -0.25 h
 69.1393085865 2.40629149223 0.25 h
 71.0338534983 0.939258632668 -0.25 h
 71.0338534983 0.939258632668 0.25 h
 71.8989464681 0.979435162914 -0.25 h
 71.8989464681 0.979435162914 0.25 h
 71.501193879 0.210154409299 -0.25 h
 71.501193879 0.210154409299 0.25 h
 74.2926808688 1.75122278891 -0.25 h
 74.2926808688 1.75122278891 0.25 h
 73.4276084856 1.71060540605 -0.25 h
 73.4276084856 1.71060540605 0.25 h
 73.8249689918 2.48008875746 -0.25 h
 73.8249689918 2.48008875746 0.25 h
 75.718998393 1.01467371034 -0.25 h
 75.718998393 1.01467371034 0.25 h
 76.5840707762 1.0552910932 -0.25 h
 76.5840707762 1.0552910932 0.25 h
 76.18671027 0.28580774179 -0.25 h
 76.18671027 0.28580774179 0.25 h
 -27.3526326043 -0.511718649142 -0.25 h
 -27.3526326043 -0.511718649142 0.25 h
 -26.4876498339 -0.469235629348 -0.25 h
 -26.4876498339 -0.469235629348 0.25 h
 -26.8833498447 -1.23957419222 -0.25 h
 -26.8833498447 -1.23957419222 0.25 h
 -28.7857889299 0.224451134992 -0.25 h
 -28.7857889299 0.224451134992 0.25 h
 -29.6507717003 0.181968115199 -0.25 h
 -29.6507717003 0.181968115199 0.25 h
 -29.2550716895 0.952306678068 -0.25 h
 -29.2550716895 0.952306678068 0.25 h
 -32.0374439698 -0.593119735316 -0.25 h
 -32.0374439698 -0.593119735316 0.25 h
 -31.1724827907 -0.550199358707 -0.25 h
 -31.1724827907 -0.550199358707 0.25 h
 -31.5677932438 -1.32073790136 -0.25 h
 -31.5677932438 -1.32073790136 0.25 h
 -33.4709717083 0.142324980827 -0.25 h
 -33.4709717083 0.142324980827 0.25 h
 -34.3359328874 0.0994046042181 -0.25 h
 -34.3359328874 0.0994046042181 0.25 h
 -33.9406224343 0.869943146871 -0.25 h
 -33.9406224343 0.869943146871 0.25 h
 -36.7222379102 -0.676925044661 -0.25 h
 -36.7222379102 -0.676925044661 0.25 h
 -35.8572991176 -0.633555871538 -0.25 h
 -35.8572991176 -0.633555871538 0.25 h
 -36.2522097082 -1.40429942515 -0.25 h
 -36.2522097082 -1.40429942515 0.25 h
 -38.1561234724 0.0577636745447 -0.25 h
 -38.1561234724 0.0577636745447 0.25 h
 -39.0210622649 0.0143945014219 -0.25 h
 -39.0210622649 0.0143945014219 0.25 h
 -38.6261516743 0.785138055033 -0.25 h
 -38.6261516743 0.785138055033 0.25 h
 -41.4070056654 -0.763200063244 -0.25 h
 -41.4070056654 -0.763200063244 0.25 h
 -40.5420896032 -0.719379915403 -0.25 h
 -40.5420896032 -0.719379915403 0.25 h
 -40.9365982731 -1.49032927133 -0.25 h
 -40.9365982731 -1.49032927133 0.25 h
 -42.8412329516 -0.0292801311064 -0.25 h
 -42.8412329516 -0.0292801311064 0.25 h
 -43.7061490138 -0.073100278947 -0.25 h
 -43.7061490138 -0.073100278947 0.25 h
 -43.3116403439 0.697849076976 -0.25 h
 -43.3116403439 0.697849076976 0.25 h
 -46.0917357468 -0.851992491286 -0.25 h
 -46.0917357468 -0.851992491286 0.25 h
 -45.2268431882 -0.807710868697 -0.25 h
 -45.2268431882 -0.807710868697 0.25 h
 -45.6209404574 -1.57887060727 -0.25 h
 -45.6209404574 -1.57887060727 0.25 h
 -47.5262844737 -0.118873647603 -0.25 h
 -47.5262844737 -0.118873647603 0.25 h
 -48.3911770323 -0.163155270193 -0.25 h
 -48.3911770323 -0.163155270193 0.25 h
 -47.9970797631 0.608004468383 -0.25 h
 -47.9970797631 0.608004468383 0.25 h
 -50.7763286208 -0.943401925618 -0.25 h
 -50.7763286208 -0.943401925618 0.25 h
 -49.9114619676 -0.898617193032 -0.25 h
 -49.9114619676 -0.898617193032 0.25 h
 -50.3051105781 -1.67000605184 -0.25 h
 -50.3051105781 -1.67000605184 0.25 h
 -52.2111911114 -0.211175086734 -0.25 h
 -52.2111911114 -0.211175086734 0.25 h
 -53.0760577646 -0.25595981932 -0.25 h
 -53.0760577646 -0.25595981932 0.25 h
 -52.6824091541 0.515429039485 -0.25 h
 -52.6824091541 0.515429039485 0.25 h
 -55.46084467 -1.03766829493 -0.25 h
 -55.46084467 -1.03766829493 0.25 h
 -54.5960043321 -0.992378229565 -0.25 h
 -54.5960043321 -0.992378229565 0.25 h
 -54.9892021539 -1.76399696504 -0.25 h
 -54.9892021539 -1.76399696504 0.25 h
 -56.8960218989 -0.306337477829 -0.25 h
 -56.8960218989 -0.306337477829 0.25 h
 -57.7608622368 -0.35162754319 -0.25 h
 -57.7608622368 -0.35162754319 0.25 h
 -57.367664415 0.41999119229 -0.25 h
 -57.367664415 0.41999119229 0.25 h
 -60.1452694254 -1.13485761357 -0.25 h
 -60.1452694254 -1.13485761357 0.25 h
 -59.2804573975 -1.08903014961 -0.25 h
 -59.2804573975 -1.08903014961 0.25 h
 -59.6731756635 -1.86089306722 -0.25 h
 -59.6731756635 -1.86089306722 0.25 h
 -61.5807929932 -0.404473612203 -0.25 h
 -61.5807929932 -0.404473612203 0.25 h
 -62.445605021 -0.450301076164 -0.25 h
 -62.445605021 -0.450301076164 0.25 h
 -62.0528867551 0.32156184145 -0.25 h
 -62.0528867551 0.32156184145 0.25 h
 -64.8296264717 -1.23515196893 -0.25 h
 -64.8296264717 -1.23515196893 0.25 h
 -63.9648448718 -1.18875385967 -0.25 h
 -63.9648448718 -1.18875385967 0.25 h
 -64.3570537305 -1.9608757485 -0.25 h
 -64.3570537305 -1.9608757485 0.25 h
 -66.2655284582 -0.505767803866 -0.25 h
 -66.2655284582 -0.505767803866 0.25 h
 -67.130310058 -0.55216591312 -0.25 h
 -67.130310058 -0.55216591312 0.25 h
 -66.7381011994 0.219955975712 -0.25 h
 -66.7381011994 0.219955975712 0.25 h
 -69.5139543737 -1.33866917408 -0.25 h
 -69.5139543737 -1.33866917408 0.25 h
 -68.6492040223 -1.29169226778 -0.25 h
 -68.6492040223 -1.29169226778 0.25 h
 -69.0408960037 -2.06407649319 -0.25 h
 -69.0408960037 -2.06407649319 0.25 h
 -70.9502424624 -0.610297841644 -0.25 h
 -70.9502424624 -0.610297841644 0.25 h
 -71.8149928138 -0.657274747941 -0.25 h
 -71.8149928138 -0.657274747941 0.25 h
 -71.4233008323 0.115109477466 -0.25 h
 -71.4233008323 0.115109477466 0.25 h
 -74.1983293032 -1.44555826256 -0.25 h
 -74.1983293032 -1.44555826256 0.25 h
 -73.3336117725 -1.39798104056 -0.25 h
 -73.3336117725 -1.39798104056 0.25 h
 -73.7247674549 -2.17063700026 -0.25 h
 -73.7247674549 -2.17063700026 0.25 h
 -75.634954163 -0.718269525012 -0.25 h
 -75.634954163 -0.718269525012 0.25 h
 -76.4996716937 -0.765846747012 -0.25 h
 -76.4996716937 -0.765846747012 0.25 h
 -76.1085160113 0.00680921269503 -0.25 h
 -76.1085160113 0.00680921269503 0.25 h
 -78.8827021197 -1.55593518467 -0.25 h
 -78.8827021197 -1.55593518467 0.25 h
 -78.0180179885 -1.50775476006 -0.25 h
 -78.0180179885 -1.50775476006 0.25 h
 -78.4086345825 -2.2806833962 -0.25 h
 -78.4086345825 -2.2806833962 0.25 h
 -80.3195991285 -0.829767477707 -0.25 h
 -80.3195991285 -0.829767477707 0.25 h
 -81.1842832596 -0.877947902316 -0.25 h
 -81.1842832596 -0.877947902316 0.25 h
 -80.7936666657 -0.105019266175 -0.25 h
 -80.7936666657 -0.105019266175 0.25 h
 -83.5670757139 -1.66987076599 -0.25 h
 -83.5670757139 -1.66987076599 0.25 h
 -82.7024250543 -1.62109334461 -0.25 h
 -82.7024250543 -1.62109334461 0.25 h
 -83.092507898 -2.39429149192 -0.25 h
 -83.092507898 -2.39429149192 0.25 h
 -85.0041625738 -0.944852307295 -0.25 h
 -85.0041625738 -0.944852307295 0.25 h
 -85.8688132334 -0.993629728682 -0.25 h
 -85.8688132334 -0.993629728682 0.25 h
 -85.4787303896 -0.220431581368 -0.25 h
 -85.4787303896 -0.220431581368 0.25 h
 -88.2514472019 -1.78746271464 -0.25 h
 -88.2514472019 -1.78746271464 0.25 h
 -87.3868311071 -1.7380763947 -0.25 h
 -87.3868311071 -1.7380763947 0.25 h
 -87.7763693468 -2.5115490573 -0.25 h
 -87.7763693468 -2.5115490573 0.25 h
 -89.6886215674 -1.06366936084 -0.25 h
 -89.6886215674 -1.06366936084 0.25 h
 -90.5532376622 -1.11305568078 -0.25 h
 -90.5532376622 -1.11305568078 0.25 h
 -90.1636994225 -0.339583018184 -0.25 h
 -90.1636994225 -0.339583018184 0.25 h
 -92.935749519 -1.90896993611 -0.25 h
 -92.935749519 -1.90896993611 0.25 h
 -92.0711712727 -1.85892539536 -0.25 h
 -92.0711712727 -1.85892539536 0.25 h
 -92.4601205523 -2.63269439057 -0.25 h
 -92.4601205523 -2.63269439057 0.25 h
 -94.3729261645 -1.18654654587 -0.25 h
 -94.3729261645 -1.18654654587 0.25 h
 -95.2375044107 -1.23659108662 -0.25 h
 -95.2375044107 -1.23659108662 0.25 h
 -94.8485551312 -0.462822091408 -0.25 h
 -94.8485551312 -0.462822091408 0.25 h
 -97.6200679472 -2.03478995091 -0.25 h
 -97.6200679472 -2.03478995091 0.25 h
 -96.7555293685 -1.98406475215 -0.25 h
 -96.7555293685 -1.98406475215 0.25 h
 -97.1438693471 -2.75813972331 -0.25 h
 -97.1438693471 -2.75813972331 0.25 h
 -99.057091154 -1.31386034822 -0.25 h
 -99.057091154 -1.31386034822 0.25 h
 -99.9216297328 -1.36458554699 -0.25 h
 -99.9216297328 -1.36458554699 0.25 h
 -99.5332897541 -0.590510575822 -0.25 h
 -99.5332897541 -0.590510575822 0.25 h
 -102.304403887 -2.16535856127 -0.25 h
 -102.304403887 -2.16535856127 0.25 h
 -101.439910038 -2.11387666587 -0.25 h
 -101.439910038 -2.11387666587 0.25 h
 -101.827572333 -2.88829124797 -0.25 h
 -101.827572333 -2.88829124797 0.25 h
 -103.741119035 -1.44615685139 -0.25 h
 -103.741119035 -1.44615685139 0.25 h
 -104.605612883 -1.49763874679 -0.25 h
 -104.605612883 -1.49763874679 0.25 h
 -104.217950588 -0.723224164701 -0.25 h
 -104.217950588 -0.723224164701 0.25 h
 -106.988839081 -2.30144365692 -0.25 h
 -106.988839081 -2.30144365692 0.25 h
 -106.124396704 -2.2491046005 -0.25 h
 -106.124396704 -2.2491046005 0.25 h
 -106.51129094 -3.02390318731 -0.25 h
 -106.51129094 -3.02390318731 0.25 h
 -108.424996489 -1.58430112114 -0.25 h
 -108.424996489 -1.58430112114 0.25 h
 -109.289438866 -1.63664017755 -0.25 h
 -109.289438866 -1.63664017755 0.25 h
 -108.90254463 -0.861841590747 -0.25 h
 -108.90254463 -0.861841590747 0.25 h
 -111.673513619 -2.4441129875 -0.25 h
 -111.673513619 -2.4441129875 0.25 h
 -110.809132104 -2.39077822167 -0.25 h
 -110.809132104 -2.39077822167 0.25 h
 -111.195133599 -3.16602195478 -0.25 h
 -111.195133599 -3.16602195478 0.25 h
 -113.108668748 -1.72953510443 -0.25 h
 -113.108668748 -1.72953510443 0.25 h
 -113.973050263 -1.78286987026 -0.25 h
 -113.973050263 -1.78286987026 0.25 h
 -113.587048767 -1.00762613715 -0.25 h
 -113.587048767 -1.00762613715 0.25 h
 -116.358634358 -2.59520848893 -0.25 h
 -116.358634358 -2.59520848893 0.25 h
 -115.494332284 -2.54060147988 -0.25 h
 -115.494332284 -2.54060147988 0.25 h
 -115.879192264 -3.31641253675 -0.25 h
 -115.879192264 -3.31641253675 0.25 h
 -117.792008375 -1.88414837926 -0.25 h
 -117.792008375 -1.88414837926 0.25 h
 -118.656310449 -1.93875538831 -0.25 h
 -118.656310449 -1.93875538831 0.25 h
 -118.271450469 -1.16294433143 -0.25 h
 -118.271450469 -1.16294433143 0.25 h
 -121.044564105 -2.75817208536 -0.25 h
 -121.044564105 -2.75817208536 0.25 h
 -120.18037739 -2.70176888933 -0.25 h
 -120.18037739 -2.70176888933 0.25 h
 -120.563624147 -3.4783781367 -0.25 h
 -120.563624147 -3.4783781367 0.25 h
 -122.474652924 -2.05244149553 -0.25 h
 -122.474652924 -2.05244149553 0.25 h
 -123.338839639 -2.10884469156 -0.25 h
 -123.338839639 -2.10884469156 0.25 h
 -122.955592882 -1.33223544419 -0.25 h
 -122.955592882 -1.33223544419 0.25 h
 -125.732482241 -2.94050546245 -0.25 h
 -125.732482241 -2.94050546245 0.25 h
 -124.868527482 -2.88065418363 -0.25 h
 -124.868527482 -2.88065418363 0.25 h
 -125.248672134 -3.65878659147 -0.25 h
 -125.248672134 -3.65878659147 0.25 h
 -127.15611386 -2.24501207321 -0.25 h
 -127.15611386 -2.24501207321 0.25 h
 -128.020068619 -2.30486335203 -0.25 h
 -128.020068619 -2.30486335203 0.25 h
 -127.639923967 -1.52673094419 -0.25 h
 -127.639923967 -1.52673094419 0.25 h
 -130.42705482 -3.16588036234 -0.25 h
 -130.42705482 -3.16588036234 0.25 h
 -129.563647814 -3.09858741685 -0.25 h
 -129.563647814 -3.09858741685 0.25 h
 -129.937073917 -3.87996629134 -0.25 h
 -129.937073917 -3.87996629134 0.25 h
 -131.830427729 -2.49519921936 -0.25 h
 -131.830427729 -2.49519921936 0.25 h
 -132.693834736 -2.56249216484 -0.25 h
 -132.693834736 -2.56249216484 0.25 h
 -132.320408633 -1.78111329036 -0.25 h
 -132.320408633 -1.78111329036 0.25 h
 78.9790521626 1.82966208895 -0.25 h
 78.9790521626 1.82966208895 0.25 h
 78.1140092866 1.78842105768 -0.25 h
 78.1140092866 1.78842105768 0.25 h
 78.5108149439 2.5581906793 -0.25 h
 78.5108149439 2.5581906793 0.25 h
 80.4040786439 1.09508052896 -0.25 h
 80.4040786439 1.09508052896 0.25 h
 81.2691215199 1.13632156023 -0.25 h
 81.2691215199 1.13632156023 0.25 h
 80.8723158627 0.366551938603 -0.25 h
 80.8723158627 0.366551938603 0.25 h
 83.6659918473 1.91458237147 -0.25 h
 83.6659918473 1.91458237147 0.25 h
 82.8009942979 1.87240133937 -0.25 h
 82.8009942979 1.87240133937 0.25 h
 83.1969632272 2.64260170744 -0.25 h
 83.1969632272 2.64260170744 0.25 h
 85.088997691 1.18299858658 -0.25 h
 85.088997691 1.18299858658 0.25 h
 85.9539952404 1.22517961867 -0.25 h
 85.9539952404 1.22517961867 0.25 h
 85.5580263111 0.454979250601 -0.25 h
 85.5580263111 0.454979250601 0.25 h
 88.3538987019 2.00963269122 -0.25 h
 88.3538987019 2.00963269122 0.25 h
 87.4889760763 1.96594228266 -0.25 h
 87.4889760763 1.96594228266 0.25 h
 87.8836003854 2.73683245298 -0.25 h
 87.8836003854 2.73683245298 0.25 h
 89.7734330582 1.28296268544 -0.25 h
 89.7734330582 1.28296268544 0.25 h
 90.6383556837 1.326653094 -0.25 h
 90.6383556837 1.326653094 0.25 h
 90.2437313747 0.555762923677 -0.25 h
 90.2437313747 0.555762923677 0.25 h
 93.0440318974 2.12260746041 -0.25 h
 93.0440318974 2.12260746041 0.25 h
 92.1792788709 2.07567982361 -0.25 h
 92.1792788709 2.07567982361 0.25 h
 92.5710148585 2.84804173099 -0.25 h
 92.5710148585 2.84804173099 0.25 h
 94.4570915824 1.4059145137 -0.25 h
 94.4570915824 1.4059145137 0.25 h
 95.3218446089 1.4528421505 -0.25 h
 95.3218446089 1.4528421505 0.25 h
 94.9301086213 0.68048024312 -0.25 h
 94.9301086213 0.68048024312 0.25 h
 97.7415222106 2.27749598136 -0.25 h
 97.7415222106 2.27749598136 0.25 h
 96.877197744 2.22324456308 -0.25 h
 96.877197744 2.22324456308 0.25 h
 97.2623768709 2.99889721743 -0.25 h
 97.2623768709 2.99889721743 0.25 h
 99.1345970576 1.58571293871 -0.25 h
 99.1345970576 1.58571293871 0.25 h
 99.9989215242 1.63996435698 -0.25 h
 99.9989215242 1.63996435698 0.25 h
 99.6137423973 0.864311702631 -0.25 h
 99.6137423973 0.864311702631 0.25 h
$end
