$coord
   -1.35211741828657      7.02313257291394      0.00000000000000  c
   -2.70528806907759      4.68570454605464      0.00000000000000  c
   -1.34988980027180      2.33811484356285      0.00000000000000  c
    1.34988917268228      2.33808155748330      0.00000000000000  c
    2.70526581112824      4.68568760947685      0.00000000000000  c
    1.35208523822552      7.02310346829749      0.00000000000000  c
   -2.69967224638307     -0.00002837241982      0.00000000000000  c
    2.69973888617565      0.00002788780872      0.00000000000000  c
    1.34988836952308     -2.33804333905569      0.00000000000000  c
   -1.34987826324421     -2.33812114571927      0.00000000000000  c
    2.70529985941936     -4.68566846275529      0.00000000000000  c
    5.40619468328524     -4.68251938142610      0.00000000000000  c
    6.75820333315315     -2.34054375844788      0.00000000000000  c
    5.41056329486439      0.00005095659469      0.00000000000000  c
    6.75822959670411      2.34068823955968      0.00000000000000  c
    5.40614774205215      4.68260339745285      0.00000000000000  c
   -5.40620932815754      4.68251385351154      0.00000000000000  c
   -6.75821646740688      2.34054446291749      0.00000000000000  c
   -5.41047592010990     -0.00001000661117      0.00000000000000  c
   -6.75820227852316     -2.34059642594845      0.00000000000000  c
   -5.40614744514406     -4.68252138165449      0.00000000000000  c
   -2.70526953369775     -4.68576921844079      0.00000000000000  c
    1.35216395709807     -7.02311965111756      0.00000000000000  c
   -1.35208707718930     -7.02319511089517      0.00000000000000  c
    6.75833731178695     -7.04363960538332      0.00000000000000  c
    2.72081827406073     -9.37476901563411      0.00000000000000  c
   -2.72079102373006     -9.37475237319172      0.00000000000000  c
   -6.75835359632917     -7.04365383333605      0.00000000000000  c
   -9.47904659442905     -2.33105484918004      0.00000000000000  c
   -9.47908455008241      2.33109764367329      0.00000000000000  c
   -6.75831503576105      7.04359277325766      0.00000000000000  c
   -2.72082219290257      9.37471240911242      0.00000000000000  c
    2.72076226888162      9.37476021765327      0.00000000000000  c
    6.75827420871230      7.04369416456483      0.00000000000000  c
    9.47908994184313      2.33103289957758      0.00000000000000  c
    9.47910076652717     -2.33111352390581      0.00000000000000  c
   -9.47875753177534     -6.97380939301112      0.00000000000000  c
   -5.38563857029586     -9.32817945250262      0.00000000000000  c
   10.77109919539075     -0.00004019358948      0.00000000000000  c
   10.77896478783518     -4.72192937252312      0.00000000000000  c
    5.38557198774921      9.32822017465456      0.00000000000000  c
    1.30013427007128     11.69589463803992      0.00000000000000  c
  -10.77890647512501      4.72188697639112      0.00000000000000  c
  -10.77106905813011      0.00002108017102      0.00000000000000  c
   -1.30027279352387    -11.69592884035474      0.00000000000000  c
    1.30016955791979    -11.69583369897159      0.00000000000000  c
  -10.77896261307078     -4.72180481606019      0.00000000000000  c
   -9.47879096142307      6.97388523832571      0.00000000000000  c
   -1.30025761283294     11.69588713117833      0.00000000000000  c
    9.47876330567835      6.97386877812551      0.00000000000000  c
   10.77891041781918      4.72186876373991      0.00000000000000  c
    9.47874889807107     -6.97389804641549      0.00000000000000  c
    5.38563752946554     -9.32818968944927      0.00000000000000  c
   -5.38563065771821      9.32810176307227      0.00000000000000  c
 -1.60262485584 6.59041323694 0.25 h
 -1.60262485584 6.59041323694 -0.25 h
 -0.852117761843 7.02254643614 0.25 h
 -0.852117761843 7.02254643614 -0.25 h
 -1.60160963718 7.45643804566 0.25 h
 -1.60160963718 7.45643804566 -0.25 h
 -2.45478063152 5.11842388203 0.25 h
 -2.45478063152 5.11842388203 -0.25 h
 -3.20528772552 4.68629068282 0.25 h
 -3.20528772552 4.68629068282 -0.25 h
 -2.45579585019 4.25239907331 0.25 h
 -2.45579585019 4.25239907331 -0.25 h
 -0.84988980031 2.33810867897 -0.25 h
 -0.84988980031 2.33810867897 0.25 h
 -1.59989513895 1.905105224 -0.25 h
 -1.59989513895 1.905105224 0.25 h
 -1.59988446156 2.77113062772 -0.25 h
 -1.59988446156 2.77113062772 0.25 h
 1.59988553314 1.90506675432 -0.25 h
 1.59988553314 1.90506675432 0.25 h
 0.8498891727 2.33808576005 -0.25 h
 0.8498891727 2.33808576005 0.25 h
 1.5998928122 2.77109215808 -0.25 h
 1.5998928122 2.77109215808 0.25 h
 2.45475602107 5.11840558355 -0.25 h
 2.45475602107 5.11840558355 0.25 h
 3.20526546438 4.68627646452 -0.25 h
 3.20526546438 4.68627646452 0.25 h
 2.45577594793 4.25238078036 -0.25 h
 2.45577594793 4.25238078036 0.25 h
 1.60259502828 6.59038549422 -0.25 h
 1.60259502828 6.59038549422 0.25 h
 0.852085584976 7.02251461325 -0.25 h
 0.852085584976 7.02251461325 0.25 h
 1.60157510142 7.45641029742 -0.25 h
 1.60157510142 7.45641029742 0.25 h
 -2.44968676302 -0.433049455174 0.25 h
 -2.44968676302 -0.433049455174 -0.25 h
 -2.44965773002 0.432975948124 0.25 h
 -2.44965773002 0.432975948124 -0.25 h
 -3.1996722461 -1.16102098517e-05 0.25 h
 -3.1996722461 -1.16102098517e-05 -0.25 h
 2.44974252571 0.433042690969 0.25 h
 2.44974252571 0.433042690969 -0.25 h
 2.44973524666 -0.432982712785 0.25 h
 2.44973524666 -0.432982712785 -0.25 h
 3.19973888616 2.36852426286e-05 0.25 h
 3.19973888616 2.36852426286e-05 -0.25 h
 1.59988343356 -1.90502778742 0.25 h
 1.59988343356 -1.90502778742 -0.25 h
 0.849888369556 -2.33804903859 0.25 h
 0.849888369556 -2.33804903859 -0.25 h
 1.59989330545 -2.77105319115 0.25 h
 1.59989330545 -2.77105319115 -0.25 h
 -1.5998637466 -1.90510006297 -0.25 h
 -1.5998637466 -1.90510006297 0.25 h
 -0.849878263525 -2.33813790793 -0.25 h
 -0.849878263525 -2.33813790793 0.25 h
 -1.5998927796 -2.77112546626 -0.25 h
 -1.5998927796 -2.77112546626 0.25 h
 2.45479909918 -5.11839166426 0.25 h
 2.45479909918 -5.11839166426 -0.25 h
 3.20529952485 -4.68624688404 0.25 h
 3.20529952485 -4.68624688404 -0.25 h
 2.45580095423 -4.25236683997 0.25 h
 2.45580095423 -4.25236683997 -0.25 h
 4.90619502314 -4.68310235103 -0.25 h
 4.90619502314 -4.68310235103 0.25 h
 5.65568964687 -4.24921548905 -0.25 h
 5.65568964687 -4.24921548905 0.25 h
 5.65669937985 -5.11524030419 -0.25 h
 5.65669937985 -5.11524030419 0.25 h
 6.50871764879 -1.90723452326 0.25 h
 6.50871764879 -1.90723452326 -0.25 h
 6.50768936997 -2.77325931658 0.25 h
 6.50768936997 -2.77325931658 -0.25 h
 7.2582029807 -2.3411374355 0.25 h
 7.2582029807 -2.3411374355 -0.25 h
 5.66004897923 -0.433258278592 0.25 h
 5.66004897923 -0.433258278592 -0.25 h
 5.66107725805 0.432766514727 0.25 h
 5.66107725805 0.432766514727 -0.25 h
 4.91056364732 0.000644633649483 0.25 h
 4.91056364732 0.000644633649483 -0.25 h
 6.50874366844 1.90737914481 -0.25 h
 6.50874366844 1.90737914481 0.25 h
 6.50771587709 2.7734039387 -0.25 h
 6.50771587709 2.7734039387 0.25 h
 7.25822924459 2.34128163517 -0.25 h
 7.25822924459 2.34128163517 0.25 h
 4.90614806805 4.68317436096 0.25 h
 4.90614806805 4.68317436096 -0.25 h
 5.65565311015 4.24930549613 0.25 h
 5.65565311015 4.24930549613 -0.25 h
 5.65664204795 5.11533033527 0.25 h
 5.65664204795 5.11533033527 -0.25 h
 -4.90620967705 4.68310452055 -0.25 h
 -4.90620967705 4.68310452055 0.25 h
 -5.65569762105 4.24920612025 -0.25 h
 -5.65569762105 4.24920612025 0.25 h
 -5.65672068637 5.11523091974 -0.25 h
 -5.65672068637 5.11523091974 0.25 h
 -6.5087135872 1.90724512901 0.25 h
 -6.5087135872 1.90724512901 -0.25 h
 -6.5077196769 2.77326996245 0.25 h
 -6.5077196769 2.77326996245 -0.25 h
 -7.25821613812 2.3411182973 0.25 h
 -7.25821613812 2.3411182973 -0.25 h
 -5.65997880032 0.4332893273 0.25 h
 -5.65997880032 0.4332893273 -0.25 h
 -5.66097271062 -0.432735506144 0.25 h
 -5.66097271062 -0.432735506144 -0.25 h
 -4.9104762494 -0.000583840990075 0.25 h
 -4.9104762494 -0.000583840990075 -0.25 h
 -6.50870392873 -1.90729448336 -0.25 h
 -6.50870392873 -1.90729448336 0.25 h
 -6.50770096363 -2.77331930637 -0.25 h
 -6.50770096363 -2.77331930637 0.25 h
 -7.25820194321 -2.34117548812 -0.25 h
 -7.25820194321 -2.34117548812 0.25 h
 -4.90614780665 -4.68312263698 0.25 h
 -4.90614780665 -4.68312263698 -0.25 h
 -5.65562656201 -4.24920836518 0.25 h
 -5.65562656201 -4.24920836518 -0.25 h
 -5.65666796677 -5.11523314281 0.25 h
 -5.65666796677 -5.11523314281 -0.25 h
 -2.45476028788 -5.11848750758 -0.25 h
 -2.45476028788 -5.11848750758 0.25 h
 -3.20526918769 -4.68635744463 -0.25 h
 -3.20526918769 -4.68635744463 0.25 h
 -2.45577912553 -4.25246270311 -0.25 h
 -2.45577912553 -4.25246270311 0.25 h
 1.60266471734 -6.59039644962 0.25 h
 1.60266471734 -6.59039644962 -0.25 h
 0.852164291669 -7.02254122983 0.25 h
 0.852164291669 -7.02254122983 -0.25 h
 1.60166286228 -7.45642127391 0.25 h
 1.60166286228 -7.45642127391 -0.25 h
 -1.60259632301 -6.59047682175 -0.25 h
 -1.60259632301 -6.59047682175 0.25 h
 -0.852087423199 -7.0226068847 -0.25 h
 -0.852087423199 -7.0226068847 0.25 h
 -1.60157748536 -7.45650162623 -0.25 h
 -1.60157748536 -7.45650162623 0.25 h
 6.50081777748 -7.4722229572 -0.25 h
 6.50081777748 -7.4722229572 0.25 h
 6.51593300863 -6.6063294708 -0.25 h
 6.51593300863 -6.6063294708 0.25 h
 7.25826114925 -7.05236638815 -0.25 h
 7.25826114925 -7.05236638815 0.25 h
 3.22074190958 -9.36603067211 0.25 h
 3.22074190958 -9.36603067211 -0.25 h
 2.46328882882 -8.94619161908 0.25 h
 2.46328882882 -8.94619161908 -0.25 h
 2.47842408378 -9.81208475571 0.25 h
 2.47842408378 -9.81208475571 -0.25 h
 -3.22071468187 -9.36601532371 -0.25 h
 -3.22071468187 -9.36601532371 0.25 h
 -2.46326268785 -8.94617431003 -0.25 h
 -2.46326268785 -8.94617431003 0.25 h
 -2.47839570147 -9.81206748583 -0.25 h
 -2.47839570147 -9.81206748583 0.25 h
 -6.50082993467 -7.47223470515 0.25 h
 -6.50082993467 -7.47223470515 -0.25 h
 -6.51595350459 -6.60634136435 0.25 h
 -6.51595350459 -6.60634136435 -0.25 h
 -7.25827734973 -7.0523854305 0.25 h
 -7.25827734973 -7.0523854305 -0.25 h
 -9.72143504093 -1.89373592551 -0.25 h
 -9.72143504093 -1.89373592551 0.25 h
 -8.97912307372 -2.33979975876 -0.25 h
 -8.97912307372 -2.33979975876 0.25 h
 -9.73658166864 -2.75962886327 -0.25 h
 -9.73658166864 -2.75962886327 0.25 h
 -9.72146749886 1.89377567288 0.25 h
 -9.72146749886 1.89377567288 -0.25 h
 -8.97916113935 2.33984883798 0.25 h
 -8.97916113935 2.33984883798 -0.25 h
 -9.73662501203 2.75966842016 0.25 h
 -9.73662501203 2.75966842016 -0.25 h
 -6.50079422125 7.47217535584 -0.25 h
 -6.50079422125 7.47217535584 0.25 h
 -6.51591203888 6.6062819146 -0.25 h
 -6.51591203888 6.6062819146 0.25 h
 -7.25823884715 7.05232104934 -0.25 h
 -7.25823884715 7.05232104934 0.25 h
 -3.2207457251 9.36596815634 0.25 h
 -3.2207457251 9.36596815634 -0.25 h
 -2.46328768177 8.94613805667 0.25 h
 -2.46328768177 8.94613805667 -0.25 h
 -2.47843317184 9.81203101433 0.25 h
 -2.47843317184 9.81203101433 -0.25 h
 3.22068603258 9.36602921022 -0.25 h
 3.22068603258 9.36602921022 0.25 h
 2.4632391128 8.94617904205 -0.25 h
 2.4632391128 8.94617904205 0.25 h
 2.47836166127 9.81207240069 -0.25 h
 2.47836166127 9.81207240069 0.25 h
 6.50075234443 7.47227611638 0.25 h
 6.50075234443 7.47227611638 -0.25 h
 6.51587228298 6.60638271216 0.25 h
 6.51587228298 6.60638271216 -0.25 h
 7.25819799872 7.05242366516 0.25 h
 7.25819799872 7.05242366516 -0.25 h
 9.72147671808 1.89371305015 -0.25 h
 9.72147671808 1.89371305015 0.25 h
 8.97916645454 2.33977971853 -0.25 h
 8.97916645454 2.33977971853 0.25 h
 9.73662665291 2.75960593005 -0.25 h
 9.73662665291 2.75960593005 0.25 h
 9.72148597037 -1.89379280297 0.25 h
 9.72148597037 -1.89379280297 -0.25 h
 8.97917731068 -2.33986214034 0.25 h
 8.97917731068 -2.33986214034 -0.25 h
 9.73663901853 -2.7596856284 0.25 h
 9.73663901853 -2.7596856284 -0.25 h
 -9.72875892088 -6.54079749312 -0.25 h
 -9.72875892088 -6.54079749312 0.25 h
 -8.97875753178 -6.97380778901 -0.25 h
 -8.97875753178 -6.97380778901 0.25 h
 -9.72875614267 -7.4068228969 -0.25 h
 -9.72875614267 -7.4068228969 0.25 h
 -5.64316223196 -8.89959858069 -0.25 h
 -5.64316223196 -8.89959858069 0.25 h
 -4.8857148169 -9.31944785533 -0.25 h
 -4.8857148169 -9.31944785533 0.25 h
 -5.62803866203 -9.76549192148 -0.25 h
 -5.62803866203 -9.76549192148 0.25 h
 10.5287139915 -0.437360914521 -0.25 h
 10.5287139915 -0.437360914521 0.25 h
 10.5135609434 0.42853191091 -0.25 h
 10.5135609434 0.42853191091 0.25 h
 11.2710226512 0.00870842284256 -0.25 h
 11.2710226512 0.00870842284256 0.25 h
 10.5289588508 -5.15493864659 -0.25 h
 10.5289588508 -5.15493864659 0.25 h
 10.5289707249 -4.28891324289 -0.25 h
 10.5289707249 -4.28891324289 0.25 h
 11.2789647878 -4.72193622808 -0.25 h
 11.2789647878 -4.72193622808 0.25 h
 5.64309385203 8.89963822284 -0.25 h
 5.64309385203 8.89963822284 0.25 h
 4.88564819774 9.31949067406 -0.25 h
 4.88564819774 9.31949067406 0.25 h
 5.62797391348 9.76553162706 -0.25 h
 5.62797391348 9.76553162706 0.25 h
 0.800134270073 11.6958931946 0.25 h
 0.800134270073 11.6958931946 -0.25 h
 1.5501355201 11.2628826579 0.25 h
 1.5501355201 11.2628826579 -0.25 h
 1.55013302004 12.1289080616 0.25 h
 1.55013302004 12.1289080616 -0.25 h
 -10.528917477 5.15490603002 -0.25 h
 -10.528917477 5.15490603002 0.25 h
 -10.5288954734 4.28888062651 -0.25 h
 -10.5288954734 4.28888062651 0.25 h
 -11.278906475 4.72187427265 -0.25 h
 -11.278906475 4.72187427265 0.25 h
 -10.5286861093 0.437343050966 -0.25 h
 -10.5286861093 0.437343050966 0.25 h
 -10.5135285962 -0.428549696315 -0.25 h
 -10.5135285962 -0.428549696315 0.25 h
 -11.2709924689 -0.00873011413793 -0.25 h
 -11.2709924689 -0.00873011413793 0.25 h
 -0.800272793859 -11.695910547 0.25 h
 -0.800272793859 -11.695910547 -0.25 h
 -1.55028863583 -11.2629252854 0.25 h
 -1.55028863583 -11.2629252854 -0.25 h
 -1.55025695089 -12.1289506886 0.25 h
 -1.55025695089 -12.1289506886 -0.25 h
 0.800169558254 -11.6958519923 -0.25 h
 0.800169558254 -11.6958519923 0.25 h
 1.55015371528 -11.2628118507 -0.25 h
 1.55015371528 -11.2628118507 0.25 h
 1.55018540022 -12.1288372539 -0.25 h
 1.55018540022 -12.1288372539 0.25 h
 -10.528961224 -5.15481671595 0.25 h
 -10.528961224 -5.15481671595 -0.25 h
 -10.5289640022 -4.28879131217 0.25 h
 -10.5289640022 -4.28879131217 -0.25 h
 -11.2789626131 -4.72180642006 0.25 h
 -11.2789626131 -4.72180642006 -0.25 h
 -9.72877995958 6.5408661847 0.25 h
 -9.72877995958 6.5408661847 -0.25 h
 -8.97879096158 6.97389794207 0.25 h
 -8.97879096158 6.97389794207 -0.25 h
 -9.72880196311 7.40689158821 0.25 h
 -9.72880196311 7.40689158821 -0.25 h
 -0.800257612835 11.6958885746 -0.25 h
 -0.800257612835 11.6958885746 0.25 h
 -1.5502563628 11.2628737076 -0.25 h
 -1.5502563628 11.2628737076 0.25 h
 -1.55025886286 12.1288991114 -0.25 h
 -1.55025886286 12.1288991114 0.25 h
 9.72875671488 6.5408522711 -0.25 h
 9.72875671488 6.5408522711 0.25 h
 8.97876330574 6.97387638849 -0.25 h
 8.97876330574 6.97387638849 0.25 h
 9.72876989642 7.40687767478 -0.25 h
 9.72876989642 7.40687767478 0.25 h
 10.5289170086 5.15488527076 0.25 h
 10.5289170086 5.15488527076 -0.25 h
 10.5289038271 4.28885986708 0.25 h
 10.5289038271 4.28885986708 -0.25 h
 11.2789104178 4.72186115337 0.25 h
 11.2789104178 4.72186115337 -0.25 h
 9.72875483514 -6.54088877234 0.25 h
 9.72875483514 -6.54088877234 -0.25 h
 8.97874889812 -6.97389119085 0.25 h
 8.97874889812 -6.97389119085 -0.25 h
 9.72874296096 -7.40691417605 0.25 h
 9.72874296096 -7.40691417605 -0.25 h
 4.88571389394 -9.33692803297 -0.25 h
 4.88571389394 -9.33692803297 0.25 h
 5.62803171975 -8.89087394937 -0.25 h
 5.62803171975 -8.89087394937 0.25 h
 5.64316697471 -9.756767086 -0.25 h
 5.64316697471 -9.756767086 0.25 h
 -5.64315147223 8.89951918049 0.25 h
 -5.64315147223 8.89951918049 -0.25 h
 -4.88570684633 9.31937348699 0.25 h
 -4.88570684633 9.31937348699 -0.25 h
 -5.6280336546 9.76541262173 0.25 h
 -5.6280336546 9.76541262173 -0.25 h
$end
