$energy      SCF               SCFKIN            SCFPOT
     1 -308.4260188846      306.7229932979     -615.1490121825
     2 -308.4393460396      306.9663879525     -615.4057339921
     3 -308.4459017217      307.2526045796     -615.6985063013
     4 -308.4461041162      307.1712364297     -615.6173405459
     5 -308.4461360434      307.1692454703     -615.6153815137
     6 -308.4461468417      307.1735060587     -615.6196529004
     7 -308.4461469508      307.1743907199     -615.6205376707
     8 -308.4461469648      307.1745521500     -615.6206991148
     9 -308.4461469661      307.1745518682     -615.6206988343
    10 -308.4461469643      307.1745554427     -615.6207024071
$end
