$grad          cartesian gradients
  cycle =      1    SCF energy =     -308.4260188846   |dE/dxyz| =  0.187381
    1.24822959296741      0.74780159113179      0.00000000000000      c
    1.21557323563713      2.76954482970668      0.00000000000000      h
    3.48647436392911     -0.49669045328934      0.00000000000000      c
    3.51913072123336     -2.51843369108412      0.00000000000000      h
   -1.24822960555595     -0.74780158722118      0.00000000000000      c
   -1.21557324823875     -2.76954482540406      0.00000000000000      h
   -3.48647435758687      0.49669045619639      0.00000000000000      c
   -3.51913071489453      2.51843369409309      0.00000000000000      h
   -5.98293355614532     -0.99891272110599      0.00000000000000      c
   -5.95027719884603     -3.02065595875181      0.00000000000000      h
   -8.22117830817428      0.24557930335552      0.00000000000000      c
   -9.95573112924962     -0.79357353994563      0.00000000000000      h
   -8.25383466549109      2.26732254152663      0.00000000000000      h
    5.98293356241688      0.99891272612992      0.00000000000000      c
    5.95027718622910      3.02065596351309      0.00000000000000      h
    8.22117831445303     -0.24557931744445      0.00000000000000      c
    9.95573113558033      0.79357354319765      0.00000000000000      h
    8.25383467173609     -2.26732255460416      0.00000000000000      h
  0.82826443337424D-02  0.69707540376971D-01  0.00000000000000D+00
  0.53036215201955D-02  -.98456500347176D-02  0.00000000000000D+00
  -.70530425020249D-02  -.69099593140746D-01  0.00000000000000D+00
  -.54035804824010D-02  0.98253841204035D-02  0.00000000000000D+00
  -.82826541230904D-02  -.69707536273228D-01  0.00000000000000D+00
  -.53036215133199D-02  0.98456501684375D-02  0.00000000000000D+00
  0.70530517098999D-02  0.69099588960903D-01  0.00000000000000D+00
  0.54035805378416D-02  -.98253840701643D-02  0.00000000000000D+00
  0.13286915147343D-02  -.67984902908165D-01  0.00000000000000D+00
  -.55145576735397D-02  0.10150855144267D-01  0.00000000000000D+00
  -.40694387304910D-01  0.29451490183128D-01  0.00000000000000D+00
  0.11578744092120D-01  0.17189871661191D-02  0.00000000000000D+00
  0.44914891383212D-02  -.10723370485515D-01  0.00000000000000D+00
  -.13286927678064D-02  0.67984907943722D-01  0.00000000000000D+00
  0.55145558924353D-02  -.10150854862513D-01  0.00000000000000D+00
  0.40694387980254D-01  -.29451498634921D-01  0.00000000000000D+00
  -.11578741531720D-01  -.17189841881848D-02  0.00000000000000D+00
  -.44914888197209D-02  0.10723370534388D-01  0.00000000000000D+00
  cycle =      2    SCF energy =     -308.4393460396   |dE/dxyz| =  0.106579
    1.22906416161187      0.71564865264469      0.00000000000000      c
    1.17868266196003      2.74954633067718      0.00000000000000      h
    3.46409943809759     -0.48462644798832      0.00000000000000      c
    3.51545329097789     -2.51847633104977      0.00000000000000      h
   -1.22906416465530     -0.71564865266442      0.00000000000000      c
   -1.17868266352247     -2.74954633043071      0.00000000000000      h
   -3.46409943351706      0.48462644884746      0.00000000000000      c
   -3.51545328811596      2.51847633190679      0.00000000000000      h
   -5.92287483447159     -0.94923063627661      0.00000000000000      c
   -5.86996865497014     -2.98345319120748      0.00000000000000      h
   -8.15381010099139      0.24537814768007      0.00000000000000      c
   -9.88824304375177     -0.82025100138558      0.00000000000000      h
   -8.22740693069059      2.27965842839754      0.00000000000000      h
    5.92287483850082      0.94923063882963      0.00000000000000      c
    5.86996864278097      2.98345319305339      0.00000000000000      h
    8.15381010348613     -0.24537815508707      0.00000000000000      c
    9.88824304224358      0.82025100881800      0.00000000000000      h
    8.22740693502740     -2.27965843476478      0.00000000000000      h
  0.96839777465021D-02  0.40405619521988D-01  0.00000000000000D+00
  0.36119738540671D-02  -.54856439630387D-02  0.00000000000000D+00
  -.83689716659111D-02  -.39929189887846D-01  0.00000000000000D+00
  -.36908271847183D-02  0.55070898494240D-02  0.00000000000000D+00
  -.96839818087406D-02  -.40405618143501D-01  0.00000000000000D+00
  -.36119737029131D-02  0.54856440243434D-02  0.00000000000000D+00
  0.83689756688183D-02  0.39929188520609D-01  0.00000000000000D+00
  0.36908270572895D-02  -.55070898103289D-02  0.00000000000000D+00
  -.38101395093854D-02  -.38071333892521D-01  0.00000000000000D+00
  -.38973432556503D-02  0.54755741558304D-02  0.00000000000000D+00
  -.19297879978572D-01  0.15253060806614D-01  0.00000000000000D+00
  0.63528389811082D-02  -.84200223220234D-03  0.00000000000000D+00
  0.42702808297091D-02  -.53124576690971D-02  0.00000000000000D+00
  0.38101399448534D-02  0.38071336738776D-01  0.00000000000000D+00
  0.38973418945380D-02  -.54755741230846D-02  0.00000000000000D+00
  0.19297879947310D-01  -.15253065711014D-01  0.00000000000000D+00
  -.63528381149869D-02  0.84200403632446D-03  0.00000000000000D+00
  -.42702807036773D-02  0.53124577786587D-02  0.00000000000000D+00
  cycle =      3    SCF energy =     -308.4459017217   |dE/dxyz| =  0.013140
    1.20042271452526      0.66336434643544      0.00000000000000      c
    1.11575640255533      2.71313470783783      0.00000000000000      h
    3.45262427967022     -0.46851423621110      0.00000000000000      c
    3.54013067332288     -2.51828743589162      0.00000000000000      h
   -1.20042271274932     -0.66336434937956      0.00000000000000      c
   -1.11575639969212     -2.71313471065429      0.00000000000000      h
   -3.45262427946156      0.46851423417888      0.00000000000000      c
   -3.54013067524117      2.51828743366920      0.00000000000000      h
   -5.85823341730902     -0.86655925188418      0.00000000000000      c
   -5.76338158319534     -2.91594357435496      0.00000000000000      h
   -8.10429536781534      0.24947150417234      0.00000000000000      c
   -9.83072139116607     -0.85346273784947      0.00000000000000      h
   -8.26908276769483      2.29395313409391      0.00000000000000      h
    5.85823341851703      0.86655925022744      0.00000000000000      c
    5.76338157617434      2.91594357212668      0.00000000000000      h
    8.10429536916144     -0.24947150278884      0.00000000000000      c
    9.83072138683633      0.85346274812482      0.00000000000000      h
    8.26908277356197     -2.29395313185252      0.00000000000000      h
  -.32161014222057D-02  -.41476747897203D-02  0.00000000000000D+00
  -.48613229579729D-04  -.58731577316883D-03  0.00000000000000D+00
  0.30085434810974D-02  0.38752460256874D-02  0.00000000000000D+00
  -.14318421648979D-04  0.59802045309874D-03  0.00000000000000D+00
  0.32161023818313D-02  0.41476740823114D-02  0.00000000000000D+00
  0.48613344579843D-04  0.58731578399245D-03  0.00000000000000D+00
  -.30085447560659D-02  -.38752452629598D-02  0.00000000000000D+00
  0.14318270712811D-04  -.59802045992830D-03  0.00000000000000D+00
  0.27018904476099D-02  0.43722236790279D-02  0.00000000000000D+00
  -.12994230971607D-03  0.37858338999954D-03  0.00000000000000D+00
  0.73883867990069D-04  -.18204368522042D-03  0.00000000000000D+00
  0.51370052147940D-03  -.17360779012012D-02  0.00000000000000D+00
  0.20141342414751D-02  0.24347218665023D-03  0.00000000000000D+00
  -.27018887399442D-02  -.43722236172975D-02  0.00000000000000D+00
  0.12994185436872D-03  -.37858349173619D-03  0.00000000000000D+00
  -.73884424608534D-04  0.18204318574515D-03  0.00000000000000D+00
  -.51370078695443D-03  0.17360782704308D-02  0.00000000000000D+00
  -.20141343219589D-02  -.24347207561048D-03  0.00000000000000D+00
  cycle =      4    SCF energy =     -308.4461041162   |dE/dxyz| =  0.004584
    1.20780718280092      0.66735980641549      0.00000000000000      c
    1.12608538900189      2.71810865315270      0.00000000000000      h
    3.46061465096749     -0.47020786980288      0.00000000000000      c
    3.54573693648948     -2.52095494814223      0.00000000000000      h
   -1.20780718214812     -0.66735980819567      0.00000000000000      c
   -1.12608538774050     -2.71810865483743      0.00000000000000      h
   -3.46061465037454      0.47020786821420      0.00000000000000      c
   -3.54573693712183      2.52095494640939      0.00000000000000      h
   -5.87963326711952     -0.87293763377920      0.00000000000000      c
   -5.78612527888927     -2.92290768096759      0.00000000000000      h
   -8.12757917074503      0.24789157108207      0.00000000000000      c
   -9.85719250603474     -0.84839414976926      0.00000000000000      h
   -8.29664611086268      2.29178307321655      0.00000000000000      h
    5.87963326772423      0.87293763277806      0.00000000000000      c
    5.78612527341688      2.92290767962513      0.00000000000000      h
    8.12757917203059     -0.24789157032524      0.00000000000000      c
    9.85719250332387      0.84839415683581      0.00000000000000      h
    8.29664611528093     -2.29178307190990      0.00000000000000      h
  -.39823450913112D-03  -.50270517908515D-04  0.00000000000000D+00
  0.22157165511444D-03  -.11009415370042D-03  0.00000000000000D+00
  0.55238698752615D-03  0.50442540123967D-04  0.00000000000000D+00
  -.24240115910549D-03  0.10987044726142D-03  0.00000000000000D+00
  0.39823453172887D-03  0.50270384849491D-04  0.00000000000000D+00
  -.22157160155723D-03  0.11009417265234D-03  0.00000000000000D+00
  -.55238708668922D-03  -.50442308305310D-04  0.00000000000000D+00
  0.24240108047513D-03  -.10987047056626D-03  0.00000000000000D+00
  0.52847990790608D-03  0.77982634249645D-04  0.00000000000000D+00
  -.28398213789413D-03  0.32615071115673D-04  0.00000000000000D+00
  -.23615569869050D-02  0.74608929973612D-03  0.00000000000000D+00
  0.56032200404869D-03  -.10461177247470D-02  0.00000000000000D+00
  0.14102057956505D-02  0.90679049697187D-04  0.00000000000000D+00
  -.52847922663007D-03  -.77982432544545D-04  0.00000000000000D+00
  0.28398179231649D-03  -.32615106270685D-04  0.00000000000000D+00
  0.23615569808061D-02  -.74608987163128D-03  0.00000000000000D+00
  -.56032218542524D-03  0.10461179857795D-02  0.00000000000000D+00
  -.14102058406427D-02  -.90678999545781D-04  0.00000000000000D+00
  cycle =      5    SCF energy =     -308.4461360434   |dE/dxyz| =  0.002609
    1.20781071676106      0.66751569180635      0.00000000000000      c
    1.12485224246994      2.71878394118386      0.00000000000000      h
    3.45972521610915     -0.47114769549452      0.00000000000000      c
    3.54648704815488     -2.52240106117654      0.00000000000000      h
   -1.20781071651948     -0.66751569277980      0.00000000000000      c
   -1.12485224201245     -2.71878394212389      0.00000000000000      h
   -3.45972521573536      0.47114769442090      0.00000000000000      c
   -3.54648704838858      2.52240106003614      0.00000000000000      h
   -5.87874789507209     -0.87296972941013      0.00000000000000      c
   -5.78249291231299     -2.92314612115105      0.00000000000000      h
   -8.12666425653242      0.24741538155317      0.00000000000000      c
   -9.85894956137462     -0.84423305490714      0.00000000000000      h
   -8.30511995193428      2.29068693696645      0.00000000000000      h
    5.87874789522692      0.87296972886757      0.00000000000000      c
    5.78249290940011      2.92314612046987      0.00000000000000      h
    8.12666425731929     -0.24741538094658      0.00000000000000      c
    9.85894956007974      0.84423305878680      0.00000000000000      h
    8.30511995436124     -2.29068693610146      0.00000000000000      h
  -.76948857514052D-04  -.33735469038416D-04  0.00000000000000D+00
  0.91543081566077D-04  0.12719819575420D-03  0.00000000000000D+00
  0.59679845130331D-04  0.54595419718340D-04  0.00000000000000D+00
  -.10052135559930D-03  -.13342276668736D-03  0.00000000000000D+00
  0.76948753766596D-04  0.33735497130877D-04  0.00000000000000D+00
  -.91543067447122D-04  -.12719818789539D-03  0.00000000000000D+00
  -.59679742076982D-04  -.54595399747581D-04  0.00000000000000D+00
  0.10052131710363D-03  0.13342275290156D-03  0.00000000000000D+00
  0.27733001115486D-03  -.61473988332139D-04  0.00000000000000D+00
  -.93961175523535D-04  -.10986241463853D-03  0.00000000000000D+00
  -.14801993931037D-02  0.44351002406439D-03  0.00000000000000D+00
  0.39314367023679D-03  -.46441406256033D-03  0.00000000000000D+00
  0.68922677303491D-03  0.53880214390327D-04  0.00000000000000D+00
  -.27732980252169D-03  0.61474101214103D-04  0.00000000000000D+00
  0.93961017746033D-04  0.10986241264349D-03  0.00000000000000D+00
  0.14801994892088D-02  -.44351031344157D-03  0.00000000000000D+00
  -.39314375973561D-03  0.46441418581779D-03  0.00000000000000D+00
  -.68922680500805D-03  -.53880201024006D-04  0.00000000000000D+00
  cycle =      6    SCF energy =     -308.4461468417   |dE/dxyz| =  0.000309
    1.20774148048569      0.66738277195033      0.00000000000000      c
    1.12347808309564      2.71842259089222      0.00000000000000      h
    3.45931115732620     -0.47148716264208      0.00000000000000      c
    3.54782226591890     -2.52247144162020      0.00000000000000      h
   -1.20774148045531     -0.66738277237277      0.00000000000000      c
   -1.12347808319019     -2.71842259133585      0.00000000000000      h
   -3.45931115723571      0.47148716221990      0.00000000000000      c
   -3.54782226581033      2.52247144121632      0.00000000000000      h
   -5.87777005816331     -0.87296045026026      0.00000000000000      c
   -5.77949303752013     -2.92285715258305      0.00000000000000      h
   -8.12500756078900      0.24691044231075      0.00000000000000      c
   -9.86057101843012     -0.84009394059439      0.00000000000000      h
   -8.31218651316205      2.28955100684886      0.00000000000000      h
    5.87777005798950      0.87296045020988      0.00000000000000      c
    5.77949303717795      2.92285715253684      0.00000000000000      h
    8.12500756090828     -0.24691044183009      0.00000000000000      c
    9.86057101833008      0.84009394141102      0.00000000000000      h
    8.31218651352397     -2.28955100635743      0.00000000000000      h
  0.87964654532728D-04  -.81621556763906D-05  0.00000000000000D+00
  -.23033854416384D-04  0.56184256147560D-04  0.00000000000000D+00
  -.66199076749390D-04  0.45565036829839D-04  0.00000000000000D+00
  0.23265228103080D-04  -.62313715050839D-04  0.00000000000000D+00
  -.87964668398243D-04  0.81621891644230D-05  0.00000000000000D+00
  0.23033846666288D-04  -.56184261070620D-04  0.00000000000000D+00
  0.66199127929024D-04  -.45565079612353D-04  0.00000000000000D+00
  -.23265237068753D-04  0.62313718502492D-04  0.00000000000000D+00
  -.99306889988120D-04  0.23341615275959D-04  0.00000000000000D+00
  0.54878240385906D-04  -.42540667576429D-04  0.00000000000000D+00
  -.72618571284107D-04  0.36940685707945D-04  0.00000000000000D+00
  0.58669216859178D-04  -.23520541006115D-05  0.00000000000000D+00
  0.12903046092585D-04  -.47685132369290D-05  0.00000000000000D+00
  0.99306831036071D-04  -.23341626717744D-04  0.00000000000000D+00
  -.54878221239772D-04  0.42540673062642D-04  0.00000000000000D+00
  0.72618605407995D-04  -.36940663025761D-04  0.00000000000000D+00
  -.58669216996036D-04  0.23520530964629D-05  0.00000000000000D+00
  -.12903060607874D-04  0.47685083366088D-05  0.00000000000000D+00
  cycle =      7    SCF energy =     -308.4461469508   |dE/dxyz| =  0.000130
    1.20762353707484      0.66742129420692      0.00000000000000      c
    1.12336745641825      2.71831581527183      0.00000000000000      h
    3.45925022847853     -0.47130572673189      0.00000000000000      c
    3.54771048549544     -2.52213074537588      0.00000000000000      h
   -1.20762353707835     -0.66742129452589      0.00000000000000      c
   -1.12336745652282     -2.71831581559989      0.00000000000000      h
   -3.45925022843703      0.47130572649257      0.00000000000000      c
   -3.54771048541147      2.52213074514679      0.00000000000000      h
   -5.87762736908754     -0.87316244878312      0.00000000000000      c
   -5.77975407549923     -2.92296224473548      0.00000000000000      h
   -8.12476820547108      0.24686391717155      0.00000000000000      c
   -9.86067714473198     -0.83981653225314      0.00000000000000      h
   -8.31187843017466      2.28952417132771      0.00000000000000      h
    5.87762736899034      0.87316244876861      0.00000000000000      c
    5.77975407529910      2.92296224471725      0.00000000000000      h
    8.12476820554958     -0.24686391686047      0.00000000000000      c
    9.86067714468004      0.83981653276732      0.00000000000000      h
    8.31187843042810     -2.28952417100483      0.00000000000000      h
  0.31264803199965D-04  0.60494670143593D-05  0.00000000000000D+00
  -.12890125633359D-04  -.11693168935772D-05  0.00000000000000D+00
  -.40310618640851D-04  -.31741706220361D-05  0.00000000000000D+00
  0.94594188582397D-05  -.47266996400298D-06  0.00000000000000D+00
  -.31264799572351D-04  -.60494633016189D-05  0.00000000000000D+00
  0.12890122014480D-04  0.11693152756796D-05  0.00000000000000D+00
  0.40310629420359D-04  0.31741608894349D-05  0.00000000000000D+00
  -.94594249654018D-05  0.47267207935998D-06  0.00000000000000D+00
  -.57931449594488D-04  -.14024337249868D-04  0.00000000000000D+00
  0.29404290246231D-04  0.61163048021805D-06  0.00000000000000D+00
  -.36606288709224D-05  0.31240228340571D-04  0.00000000000000D+00
  0.87820215071075D-05  -.96525135177204D-05  0.00000000000000D+00
  0.33606499036541D-05  -.33235384484038D-05  0.00000000000000D+00
  0.57931423578596D-04  0.14024331691503D-04  0.00000000000000D+00
  -.29404278695704D-04  -.61163004745370D-06  0.00000000000000D+00
  0.36606459112813D-05  -.31240215084046D-04  0.00000000000000D+00
  -.87820204252563D-05  0.96525126090893D-05  0.00000000000000D+00
  -.33606569925246D-05  0.33235371295788D-05  0.00000000000000D+00
$end
