$hessapprox internal
  0.468605602423D+00  0.252233934543D-02  0.467734590988D+00  0.290760393411D-02
  0.252233876993D-02  0.468605601807D+00  0.252233841003D-02  0.203659122470D-02
  0.252233783454D-02  0.467734588789D+00 -0.296194749283D-02 -0.258942421357D-02
 -0.296194701977D-02 -0.258942336621D-02  0.467151331561D+00  0.387712299107D-02
  0.394215368030D-02  0.387712289010D-02  0.394215343018D-02 -0.393979423723D-02
  0.722395704123D+00  0.654139930617D-03  0.225373817931D-03  0.654139318727D-03
  0.225373009552D-03  0.182514719840D-02  0.108214376962D-01  0.371974503706D+00
  0.804804699163D-02  0.789108294580D-02  0.804804643823D-02  0.789108177457D-02
 -0.295568382062D-02  0.116171834384D-01  0.128647138134D-01  0.384037117166D+00
  0.436085718110D-03  0.585733965870D-03  0.436085851513D-03  0.585734110144D-03
 -0.124953908047D-02 -0.329490856433D-03  0.156718316086D-02  0.240293332962D-02
  0.465039848367D+00  0.128428472054D-02  0.914920508005D-03  0.128428431196D-02
  0.914919772653D-03 -0.166074345111D-02  0.242223919129D-02  0.664107020157D-03
  0.620476302557D-02  0.296835583584D-03  0.465923242120D+00 -0.296194759534D-02
 -0.258942432420D-02 -0.296194712229D-02 -0.258942347683D-02  0.145333281977D-02
 -0.393979479858D-02  0.182514734022D-02 -0.295568336990D-02 -0.124953911526D-02
 -0.166074355150D-02  0.467151339685D+00  0.387712209357D-02  0.394215256604D-02
  0.387712199261D-02  0.394215231592D-02 -0.393979360540D-02  0.123918522586D-01
  0.108214381679D-01  0.116171829225D-01 -0.329490715848D-03  0.242223833381D-02
 -0.393979416674D-02  0.722395696617D+00  0.654140501339D-03  0.225374287513D-03
  0.654139889469D-03  0.225373479144D-03  0.182514715595D-02  0.108214377933D-01
  0.118736980298D-01  0.128647145386D-01  0.156718355594D-02  0.664107384252D-03
  0.182514729777D-02  0.108214382651D-01  0.371974502885D+00  0.436085833782D-03
  0.585734124280D-03  0.436085967185D-03  0.585734268554D-03 -0.124953907111D-02
 -0.329491398304D-03  0.156718334403D-02  0.240293333968D-02 -0.658150903639D-03
  0.296835708340D-03 -0.124953910590D-02 -0.329491257718D-03  0.156718373911D-02
  0.465039847479D+00  0.544271060763D-02  0.584528396484D-02  0.544271072105D-02
  0.584528384943D-02 -0.600616803656D-02  0.114574407224D-01  0.119263618447D-01
  0.177769933982D-01 -0.106490382255D-02  0.391623836751D-02 -0.600616857211D-02
  0.114574423956D-01  0.119263626065D-01 -0.106490420329D-02  0.723893737886D+00
  0.544270782898D-02  0.584528137277D-02  0.544270794240D-02  0.584528125736D-02
 -0.600616597276D-02  0.114574351855D-01  0.119263606308D-01  0.177769890685D-01
 -0.106490433708D-02  0.391623669751D-02 -0.600616650831D-02  0.114574368589D-01
  0.119263613925D-01 -0.106490471783D-02  0.138899138594D-01  0.723893749943D+00
  0.128428509763D-02  0.914920864890D-03  0.128428468906D-02  0.914920129539D-03
 -0.166074380230D-02  0.242223977868D-02  0.664107102830D-03  0.620476371041D-02
  0.296835612893D-03  0.225243494211D-03 -0.166074390269D-02  0.242223892121D-02
  0.664107466925D-03  0.296835737650D-03  0.391623903574D-02  0.391623736574D-02
  0.465923242518D+00  0.437850849447D-02  0.555114269754D-02  0.437850866740D-02
  0.555114276917D-02 -0.929969992774D-02  0.154891860577D-01  0.639444045669D-03
  0.868073118463D-03 -0.483778370839D-02  0.439939950751D-02 -0.929970037823D-02
  0.154891865978D-01  0.639443345165D-03 -0.483778202332D-02  0.263682434178D-02
  0.263682116525D-02  0.439939958911D-02  0.236452307104D+00 -0.437851023433D-02
 -0.555114475754D-02 -0.437851040726D-02 -0.555114482917D-02  0.929970219851D-02
 -0.154891884335D-01 -0.639444814621D-03 -0.868074209613D-03  0.483778455709D-02
 -0.439940105373D-02  0.929970264900D-02 -0.154891889737D-01 -0.639444114128D-03
  0.483778287201D-02 -0.263682463664D-02 -0.263682146010D-02 -0.439940113532D-02
  0.107498372132D+00  0.236452272980D+00  0.181667158407D-01  0.204061769815D-01
  0.181667177030D-01  0.204061788606D-01 -0.139209476995D-01  0.612794700063D-03
  0.109660292401D-01  0.172797027292D-01 -0.139647135356D-02  0.147961204574D-01
 -0.139209472412D-01  0.612798923566D-03  0.109660333880D-01 -0.139647291564D-02
 -0.163537905490D-03 -0.163547239525D-03  0.147961218328D-01 -0.182431448374D-02
  0.182431727509D-02  0.324198104472D+00  0.625493309081D-02  0.700313189066D-02
  0.625493378358D-02  0.700313263522D-02 -0.387877336563D-02 -0.103783766675D-02
  0.438770669647D-02  0.577820769446D-02  0.472319097174D-04  0.516000646115D-02
 -0.387877309718D-02 -0.103783600209D-02  0.438770818862D-02  0.472311796060D-04
 -0.543900662270D-03 -0.543903592994D-03  0.516000693077D-02  0.801947044025D-02
 -0.801947065762D-02 -0.153431351435D-01  0.355122573437D+00 -0.881443392429D-02
 -0.978315957878D-02 -0.881443475001D-02 -0.978316038286D-02  0.602584708936D-02
  0.142667399730D-03 -0.534778408254D-02 -0.872627707070D-02  0.120134745530D-03
 -0.713315476176D-02  0.602584678660D-02  0.142665503833D-03 -0.534778607893D-02
  0.120135571465D-03 -0.475933369098D-03 -0.475929031513D-03 -0.713315543721D-02
 -0.529511190588D-02  0.529511159616D-02  0.167060386996D-01  0.738518811712D-02
  0.354274700555D+00 -0.181667226328D-01 -0.204061845611D-01 -0.181667244952D-01
 -0.204061864402D-01  0.139209525408D-01 -0.612793198328D-03 -0.109660344442D-01
 -0.172797104754D-01  0.139647153401D-02 -0.147961257985D-01  0.139209520825D-01
 -0.612797421833D-03 -0.109660385921D-01  0.139647309608D-02  0.163538091737D-03
  0.163547425785D-03 -0.147961271740D-01  0.182429890096D-02 -0.182430169221D-02
  0.377947511698D-01  0.153431428997D-01 -0.167060466649D-01  0.324198073025D+00
  0.625492932825D-02  0.700312765361D-02  0.625493002102D-02  0.700312839816D-02
 -0.387876973617D-02 -0.103783968403D-02  0.438770442418D-02  0.577820373942D-02
  0.472326426618D-04  0.516000343413D-02 -0.387876946772D-02 -0.103783801938D-02
  0.438770591633D-02  0.472319125607D-04 -0.543901534330D-03 -0.543904465032D-03
  0.516000390376D-02  0.801947920898D-02 -0.801947942635D-02 -0.153431295030D-01
 -0.687026454716D-02  0.738518619422D-02  0.153431372592D-01  0.355122575571D+00
 -0.881443606498D-02 -0.978316201033D-02 -0.881443689070D-02 -0.978316281440D-02
  0.602584867024D-02  0.142667938770D-03 -0.534778524388D-02 -0.872627885996D-02
  0.120134906144D-03 -0.713315653435D-02  0.602584836747D-02  0.142666042903D-03
 -0.534778724027D-02  0.120135732080D-03 -0.475932851789D-03 -0.475928514203D-03
 -0.713315720981D-02 -0.529511246121D-02  0.529511215149D-02  0.167060441598D-01
  0.738519037040D-02 -0.771814149674D-02 -0.167060521251D-01  0.738518844749D-02
  0.354274694426D+00  0.517501158651D-02  0.591189243150D-02  0.517501228331D-02
  0.591189319713D-02 -0.439063014311D-02 -0.436664112749D-03  0.522503049919D-02
  0.691022822313D-02 -0.717130915685D-03  0.414602229914D-02 -0.439063010374D-02
 -0.436662405004D-03  0.522503199540D-02 -0.717131590992D-03 -0.181169349457D-03
 -0.181172498076D-03  0.414602273578D-02  0.657063677438D-02 -0.657063681077D-02
 -0.145157344641D-01 -0.622535946307D-02  0.675187986342D-02  0.145157418474D-01
 -0.622535773787D-02  0.675188200467D-02  0.376731676033D+00  0.517500656704D-02
  0.591188683612D-02  0.517500726385D-02  0.591188760175D-02 -0.439062689578D-02
 -0.436662144694D-03  0.522502681802D-02  0.691022280928D-02 -0.717130981029D-03
  0.414601833280D-02 -0.439062685640D-02 -0.436660436951D-03  0.522502831423D-02
 -0.717131656336D-03 -0.181168784655D-03 -0.181171933282D-03  0.414601876944D-02
  0.657062189173D-02 -0.657062192812D-02 -0.145157217475D-01 -0.622535311161D-02
  0.675187336115D-02  0.145157291307D-01 -0.622535138641D-02  0.675187550241D-02
 -0.619367610839D-02  0.376731686223D+00 -0.287254457012D-02 -0.315245028840D-02
 -0.287254483191D-02 -0.315245068750D-02 -0.281840135766D-02  0.672497617367D-02
  0.817854019312D-02  0.127356686658D-01 -0.246173481370D-02 -0.331829584717D-02
 -0.281840232767D-02  0.672497640512D-02  0.817854039873D-02 -0.246173468125D-02
  0.764345672226D-02  0.764345407260D-02 -0.331829575939D-02  0.309467600686D-02
 -0.309467711063D-02  0.114887213892D-01  0.493881638035D-02 -0.621628045995D-02
 -0.114887250697D-01  0.493881437147D-02 -0.621628172079D-02  0.239463875991D-02
  0.239463585598D-02  0.394948294182D+00 -0.403924633328D-02 -0.387945380958D-02
 -0.403924607841D-02 -0.387945335577D-02 -0.223268922317D-02  0.447874227715D-02
  0.110782414722D-01  0.111792297764D-01 -0.335645007979D-02 -0.364851734356D-02
 -0.223269020382D-02  0.447874373775D-02  0.110782417849D-01 -0.335645019111D-02
  0.389526311361D-02  0.389526125935D-02 -0.364851741526D-02  0.152227949362D-02
 -0.152227939906D-02 -0.409750685190D-02 -0.444104312847D-03  0.105359057156D-02
  0.409750963770D-02 -0.444103278094D-03  0.105359127506D-02 -0.285296324484D-02
 -0.285296130559D-02 -0.829013988292D-02  0.395229782764D+00 -0.231213045542D-02
 -0.216454792814D-02 -0.231213029352D-02 -0.216454772779D-02 -0.351153933352D-02
  0.534341091039D-02  0.106420016668D-01  0.139662220058D-01 -0.314375814067D-02
 -0.244195672901D-02 -0.351154027063D-02  0.534341183411D-02  0.106420022479D-01
 -0.314375818558D-02  0.611195766549D-02  0.611195501832D-02 -0.244195665069D-02
 -0.690373739126D-03  0.690373905598D-03  0.600315990882D-03  0.122635890921D-02
 -0.137921559056D-02 -0.600315519925D-03  0.122635915033D-02 -0.137921547100D-02
 -0.119129597418D-02 -0.119129581914D-02 -0.742504392391D-02 -0.833151641486D-02
  0.396218331254D+00 -0.287254820431D-02 -0.315245428258D-02 -0.287254846607D-02
 -0.315245468168D-02 -0.281839882726D-02  0.672497569844D-02  0.817853960579D-02
  0.127356663617D-01 -0.246173476533D-02 -0.331829882687D-02 -0.281839979725D-02
  0.672497592989D-02  0.817853981150D-02 -0.246173463287D-02  0.764345655119D-02
  0.764345390153D-02 -0.331829873911D-02  0.309468156017D-02 -0.309468266398D-02
  0.114887254782D-01  0.493881782200D-02 -0.621628197862D-02 -0.114887291588D-01
  0.493881581312D-02 -0.621628323947D-02  0.239463995517D-02  0.239463705124D-02
 -0.869486553306D-02 -0.829014001489D-02 -0.742504484030D-02  0.394948287427D+00
 -0.231213172681D-02 -0.216454920597D-02 -0.231213156491D-02 -0.216454900562D-02
 -0.351153840204D-02  0.534341056789D-02  0.106420018547D-01  0.139662204780D-01
 -0.314375828383D-02 -0.244195759130D-02 -0.351153933914D-02  0.534341149161D-02
  0.106420024358D-01 -0.314375832874D-02  0.611195681770D-02  0.611195417053D-02
 -0.244195751297D-02 -0.690374280730D-03  0.690374447211D-03  0.600313851233D-03
  0.122635830373D-02 -0.137921453445D-02 -0.600313380256D-03  0.122635854485D-02
 -0.137921441490D-02 -0.119129652660D-02 -0.119129637155D-02 -0.742504414167D-02
 -0.833151587662D-02 -0.742482443762D-02 -0.742504505806D-02  0.396218328927D+00
 -0.403924406873D-02 -0.387945099610D-02 -0.403924381387D-02 -0.387945054228D-02
 -0.223269164768D-02  0.447874279418D-02  0.110782443735D-01  0.111792315084D-01
 -0.335645101689D-02 -0.364851527772D-02 -0.223269262831D-02  0.447874425477D-02
  0.110782446861D-01 -0.335645112820D-02  0.389526188397D-02  0.389526002971D-02
 -0.364851534943D-02  0.152227413360D-02 -0.152227403903D-02 -0.409751867551D-02
 -0.444108336554D-03  0.105359568610D-02  0.409752146132D-02 -0.444107301798D-03
  0.105359638959D-02 -0.285296722206D-02 -0.285296528281D-02 -0.829013819286D-02
 -0.841337390052D-02 -0.833151710894D-02 -0.829013832485D-02 -0.833151657070D-02
  0.395229778487D+00
$end
