$coord
   -1.16014000686662      0.56747724247906      0.00000000000000  c
   -1.24809193852259      2.64206392653887      0.00000000000000  h
    1.16018770111004     -0.57126353630142      0.00000000000000  c
    1.24852755989743     -2.64585497591499      0.00000000000000  h
   -3.52559441210696     -0.76820621277457      0.00000000000000  c
   -3.43488112370631     -2.84306044275786      0.00000000000000  h
   -5.84312693913101      0.36484752575393      0.00000000000000  c
   -5.94130294824342      2.43902758396294      0.00000000000000  h
   -8.21790977393724     -0.99005705324376      0.00000000000000  c
   -8.09857999293071     -3.06292928880822      0.00000000000000  h
  -10.51969859762178      0.11602410514364      0.00000000000000  c
  -12.25986080329955     -1.00468099463537      0.00000000000000  h
  -10.72576515140750      2.17951691896099      0.00000000000000  h
    3.52518156019943      0.76530253792843      0.00000000000000  c
    3.43329637142865      2.84011939343039      0.00000000000000  h
    5.84357054948474     -0.36609586440798      0.00000000000000  c
    5.94353912170357     -2.44023745929398      0.00000000000000  h
    8.21709599907439      0.99116681890902      0.00000000000000  c
    8.09542971358700      3.06392650596266      0.00000000000000  h
   10.52023121850049     -0.11224049277887      0.00000000000000  c
   10.72887467460076     -2.17551152209471      0.00000000000000  h
   12.25901721818718      1.01066528394183      0.00000000000000  h
$user-defined bonds
$redundant
     number_of_atoms            22
     degrees_of_freedom         41
     internal_coordinates       41
     frozen_coordinates          0
# definitions of redundant internals
   1 k  1.0000000000000 stre   1    2           val=   2.07645
   2 k  1.0000000000000 stre   3    4           val=   2.07647
   3 k  1.0000000000000 stre   5    6           val=   2.07684
   4 k  1.0000000000000 stre   9   10           val=   2.07630
   5 k  1.0000000000000 stre  11   12           val=   2.06982
   6 k  1.0000000000000 stre  11   13           val=   2.07376
   7 k  1.0000000000000 stre  14   15           val=   2.07685
   8 k  1.0000000000000 stre  16   17           val=   2.07655
   9 k  1.0000000000000 stre  18   19           val=   2.07633
  10 k  1.0000000000000 stre  20   21           val=   2.07379
  11 k  1.0000000000000 stre   9   11           val=   2.55375
  12 k  1.0000000000000 stre  18   20           val=   2.55381
  13 k  1.0000000000000 stre   5    7           val=   2.57968
  14 k  1.0000000000000 stre  14   16           val=   2.57973
  15 k  1.0000000000000 stre   3   14           val=   2.71654
  16 k  1.0000000000000 stre   7    8           val=   2.07650
  17 k  1.0000000000000 stre  20   22           val=   2.06985
  18 k  1.0000000000000 stre   1    5           val=   2.71651
  19 k  1.0000000000000 stre  16   18           val=   2.73419
  20 k  1.0000000000000 stre   1    3           val=   2.58470
  21 k  1.0000000000000 stre   7    9           val=   2.73411
  22 k  0.8164965809277 bend  13   12   11      val=  -2.19025
       -0.4082483052160 bend   9   12   11
       -0.4082482757117 bend   9   13   11
  23 k -0.8164910912577 bend  22   21   20      val=   2.18969
        0.4108385019821 bend  18   21   20
        0.4056525892755 bend  18   22   20
  24 k -0.7071067811865 bend  14   17   16      val=  -0.88462
        0.7071067811865 bend  18   17   16
  25 k  0.7071067811865 bend  16   15   14      val=   0.80579
       -0.7071067811865 bend   3   15   14
  26 k  0.7071067811865 bend   5    8    7      val=   0.88384
       -0.7071067811865 bend   9    8    7
  27 k  0.7071067811865 bend   7    6    5      val=   0.80463
       -0.7071067811865 bend   1    6    5
  28 k  0.7071067811865 bend  11   10    9      val=   1.27439
       -0.7071067811865 bend   7   10    9
  29 k -0.7071067811865 bend   1    4    3      val=  -0.77204
        0.7071067811865 bend  14    4    3
  30 k  0.7071067811865 bend   3    2    1      val=   0.77185
       -0.7071067811865 bend   5    2    1
  31 k  0.7071067811865 bend  20   19   18      val=   1.27737
       -0.7071067811865 bend  16   19   18
  32 k  0.0029940880971 bend  22   21   20      val=  -0.09619
        0.7056049829442 bend  18   21   20
       -0.7085990710414 bend  18   22   20
  33 k  0.0000000170343 bend  13   12   11      val=   0.09162
        0.7071067726694 bend   9   12   11
       -0.7071067897037 bend   9   13   11
  34 k  1.0000000000000 bend  16   20   18      val= 124.63903
  35 k  1.0000000000000 bend   7   11    9      val= 124.62785
  36 k  1.0000000000000 bend   5    9    7      val= 124.23934
  37 k  1.0000000000000 bend  14   18   16      val= 124.22474
  38 k  1.0000000000000 bend   1    7    5      val= 124.49396
  39 k  1.0000000000000 bend   3   16   14      val= 124.51436
  40 k  1.0000000000000 bend   3    5    1      val= 124.40792
  41 k  1.0000000000000 bend   1   14    3      val= 124.38693
        41 non zero eigenvalues  of BmBt
           1           4.623847263    1    0
         1
           2           4.439513340    2    0
         2
           3           4.132920500    3    0
         3
           4           3.977957326    4    0
         4
           5           3.937597598    5    0
         5
           6           3.709945506    6    0
         6
           7           3.701129217    7    0
         7
           8           3.386080977    8    0
         8
           9           3.226998554    9    0
         9
          10           3.043064480   10    0
        10
          11           2.760513966   11    0
        11
          12           2.519665227   12    0
        12
          13           2.421938183   13    0
        13
          14           2.226586575   14    0
        14
          15           2.144305918   15    0
        15
          16           2.095707342   16    0
        16
          17           2.023806824   17    0
        17
          18           1.673167758   18    0
        18
          19           1.292498456   19    0
        19
          20           1.056300430   20    0
        20
          21           0.914055873   21    0
        21
          22           0.913592817   22    0
        22
          23           0.659721983   23    0
        23
          24           0.646411841   24    0
        24
          25           0.618399123   25    0
        25
          26           0.580580858   26    0
        26
          27           0.541876227   27    0
        27
          28           0.475886951   28    0
        28
          29           0.420100929   29    0
        29
          30           0.368961592   30    0
        30
          31           0.358552856   31    0
        31
          32           0.357264465   32    0
        32
          33           0.328989267   33    0
        33
          34           0.154279946   34    0
        34
          35           0.137237325   35    0
        35
          36           0.099073690   36    0
        36
          37           0.092021190   37    0
        37
          38           0.045123840   38    0
        38
          39           0.031692046   39    0
        39
          40           0.015136527   40    0
        40
          41           0.002510608   41    0
        41
$end
