$coord
    1.18845050739989      0.66434795431840      0.00000000000000  c
    3.49721755296911     -0.47897163240540      0.00000000000000  c
   -1.18822822470121     -0.66431597212641      0.00000000000000  c
   -3.49709696749619      0.47898769082705      0.00000000000000  c
   -5.88124784809178     -0.86396695108146      0.00000000000000  c
   -8.17524581021203      0.25581386375034      0.00000000000000  c
    5.88124193749371      0.86392272978153      0.00000000000000  c
    8.17507030838229     -0.25585375541040      0.00000000000000  c
 1.63651968806 0.442460574455 -0.25 h
 1.63651968806 0.442460574455 0.25 h
 0.772255809329 0.387252351145 -0.25 h
 0.772255809329 0.387252351145 0.25 h
 1.15657602481 1.16333093735 -0.25 h
 1.15657602481 1.16333093735 0.25 h
 3.04914837231 -0.257084252542 -0.25 h
 3.04914837231 -0.257084252542 0.25 h
 3.91341225104 -0.201876029232 -0.25 h
 3.91341225104 -0.201876029232 0.25 h
 3.52909203556 -0.977954615442 -0.25 h
 3.52909203556 -0.977954615442 0.25 h
 -1.63630252093 -0.442438922705 -0.25 h
 -1.63630252093 -0.442438922705 0.25 h
 -0.772039915272 -0.387210773521 -0.25 h
 -0.772039915272 -0.387210773521 0.25 h
 -1.1563422379 -1.16329822015 -0.25 h
 -1.1563422379 -1.16329822015 0.25 h
 -3.04902267127 0.257110641406 -0.25 h
 -3.04902267127 0.257110641406 0.25 h
 -3.91328527693 0.201882492222 -0.25 h
 -3.91328527693 0.201882492222 0.25 h
 -3.52898295429 0.977969938854 -0.25 h
 -3.52898295429 0.977969938854 0.25 h
 -6.33057359665 -0.644635303384 -0.25 h
 -6.33057359665 -0.644635303384 0.25 h
 -5.46663819505 -0.584505262103 -0.25 h
 -5.46663819505 -0.584505262103 0.25 h
 -5.84653175257 -1.36276028776 -0.25 h
 -5.84653175257 -1.36276028776 0.25 h
 -7.72592006165 0.0364822160528 -0.25 h
 -7.72592006165 0.0364822160528 0.25 h
 -8.58985546325 -0.0236478252276 -0.25 h
 -8.58985546325 -0.0236478252276 0.25 h
 -8.20996190573 0.754607200426 -0.25 h
 -8.20996190573 0.754607200426 0.25 h
 6.33056162786 0.644578671617 -0.25 h
 6.33056162786 0.644578671617 0.25 h
 5.46662456577 0.584472492588 -0.25 h
 5.46662456577 0.584472492588 0.25 h
 5.84653961885 1.36271702514 -0.25 h
 5.84653961885 1.36271702514 0.25 h
 7.72575061802 -0.0365096972464 -0.25 h
 7.72575061802 -0.0365096972464 0.25 h
 8.5896876801 0.0235964817827 -0.25 h
 8.5896876801 0.0235964817827 0.25 h
 8.20977262702 -0.754648050768 -0.25 h
 8.20977262702 -0.754648050768 0.25 h
$user-defined bonds
$redundant
     number_of_atoms            18
     degrees_of_freedom         33
     internal_coordinates       33
     frozen_coordinates          0
# definitions of redundant internals
   1 k  1.0000000000000 stre   1    2           val=   2.07683
   2 k  1.0000000000000 stre   3    4           val=   2.07656
   3 k  1.0000000000000 stre   5    6           val=   2.07679
   4 k  1.0000000000000 stre   7    8           val=   2.07668
   5 k  1.0000000000000 stre  16   17           val=   2.06995
   6 k  1.0000000000000 stre   9   11           val=   2.55271
   7 k  1.0000000000000 stre   3   14           val=   2.73623
   8 k  1.0000000000000 stre   1    5           val=   2.72286
   9 k  1.0000000000000 stre  16   18           val=   2.07381
  10 k  1.0000000000000 stre   9   10           val=   2.07629
  11 k  1.0000000000000 stre  11   12           val=   2.07003
  12 k  1.0000000000000 stre  14   16           val=   2.55256
  13 k  1.0000000000000 stre   7    9           val=   2.73637
  14 k  1.0000000000000 stre  11   13           val=   2.07391
  15 k  1.0000000000000 stre   1    3           val=   2.57635
  16 k  1.0000000000000 stre   5    7           val=   2.57644
  17 k  1.0000000000000 stre  14   15           val=   2.07625
  18 k -0.8164965809277 bend  13   12   11      val=   2.19674
        0.4082483052160 bend   9   12   11
        0.4082482757117 bend   9   13   11
  19 k  0.8164965809277 bend  17   18   16      val=  -2.19711
       -0.4082482920683 bend  14   18   16
       -0.4082482888594 bend  14   17   16
  20 k -0.7071067811865 bend  16   15   14      val=  -1.29503
        0.7071067811865 bend   3   15   14
  21 k -0.7071067811865 bend   5    8    7      val=  -0.91899
        0.7071067811865 bend   9    8    7
  22 k  0.7071067811865 bend   7    6    5      val=   0.86056
       -0.7071067811865 bend   1    6    5
  23 k  0.7071067811865 bend  11   10    9      val=   1.29486
       -0.7071067811865 bend   7   10    9
  24 k -0.7071067811865 bend   1    4    3      val=  -0.91815
        0.7071067811865 bend  14    4    3
  25 k  0.7071067811865 bend   3    2    1      val=   0.86181
       -0.7071067811865 bend   5    2    1
  26 k  0.0000000170343 bend  13   12   11      val=   0.09539
        0.7071067726694 bend   9   12   11
       -0.7071067897037 bend   9   13   11
  27 k -0.0000000018527 bend  17   18   16      val=   0.09536
       -0.7071067802602 bend  14   18   16
        0.7071067821129 bend  14   17   16
  28 k  1.0000000000000 bend   7   11    9      val= 124.58950
  29 k  1.0000000000000 bend   5    9    7      val= 124.26447
  30 k  1.0000000000000 bend   1    7    5      val= 124.44931
  31 k  1.0000000000000 bend   3   16   14      val= 124.58772
  32 k  1.0000000000000 bend   5    3    1      val= 124.44799
  33 k  1.0000000000000 bend   1   14    3      val= 124.26295
        33 non zero eigenvalues  of BmBt
           1           4.597746174    1    0
         1
           2           4.330577311    2    0
         2
           3           3.996559509    3    0
         3
           4           3.904426137    4    0
         4
           5           3.877646531    5    0
         5
           6           3.557550092    6    0
         6
           7           3.315605593    7    0
         7
           8           3.125362297    8    0
         8
           9           2.745002168    9    0
         9
          10           2.512292413   10    0
        10
          11           2.360868975   11    0
        11
          12           2.151816454   12    0
        12
          13           2.040197237   13    0
        13
          14           2.020177126   14    0
        14
          15           1.478520177   15    0
        15
          16           1.106286061   16    0
        16
          17           0.914343952   17    0
        17
          18           0.913655646   18    0
        18
          19           0.659040927   19    0
        19
          20           0.637477535   20    0
        20
          21           0.593811458   21    0
        21
          22           0.542925172   22    0
        22
          23           0.461172042   23    0
        23
          24           0.391438834   24    0
        24
          25           0.360047046   25    0
        25
          26           0.357457750   26    0
        26
          27           0.335571970   27    0
        27
          28           0.136104663   28    0
        28
          29           0.131988284   29    0
        29
          30           0.078811205   30    0
        30
          31           0.047353546   31    0
        31
          32           0.028640338   32    0
        32
          33           0.005218160   33    0
        33
$end
