$coord
    1.18845050739989      0.66434795431840      0.00000000000000  c
    1.10536319501389      2.73951188912807      0.00000000000000  h
    3.49721755296911     -0.47897163240540      0.00000000000000  c
    3.58568499883538     -2.55364957631463      0.00000000000000  h
   -1.18822822470121     -0.66431597212641      0.00000000000000  c
   -1.10516355859824     -2.73944464407764      0.00000000000000  h
   -3.49709696749619      0.47898769082705      0.00000000000000  c
   -3.58562016033883      2.55378476265942      0.00000000000000  h
   -5.88124784809178     -0.86396695108146      0.00000000000000  c
   -5.77325325475829     -2.93744801014168      0.00000000000000  h
   -8.17524581021203      0.25581386375034      0.00000000000000  c
   -9.92261416208459     -0.85401942705095      0.00000000000000  h
   -8.36863335227434      2.32068919858766      0.00000000000000  h
    5.88124193749371      0.86392272978153      0.00000000000000  c
    5.77326836597886      2.93736289662634      0.00000000000000  h
    8.17507030838229     -0.25585375541040      0.00000000000000  c
    9.92240486261343      0.85388116530884      0.00000000000000  h
    8.36840160986893     -2.32063218237914      0.00000000000000  h
$user-defined bonds
$redundant
     number_of_atoms            18
     degrees_of_freedom         33
     internal_coordinates       33
     frozen_coordinates          0
# definitions of redundant internals
   1 k  1.0000000000000 stre   1    2           val=   2.07683
   2 k  1.0000000000000 stre   3    4           val=   2.07656
   3 k  1.0000000000000 stre   5    6           val=   2.07679
   4 k  1.0000000000000 stre   7    8           val=   2.07668
   5 k  1.0000000000000 stre  16   17           val=   2.06995
   6 k  1.0000000000000 stre   9   11           val=   2.55271
   7 k  1.0000000000000 stre   3   14           val=   2.73623
   8 k  1.0000000000000 stre   1    5           val=   2.72286
   9 k  1.0000000000000 stre  16   18           val=   2.07381
  10 k  1.0000000000000 stre   9   10           val=   2.07629
  11 k  1.0000000000000 stre  11   12           val=   2.07003
  12 k  1.0000000000000 stre  14   16           val=   2.55256
  13 k  1.0000000000000 stre   7    9           val=   2.73637
  14 k  1.0000000000000 stre  11   13           val=   2.07391
  15 k  1.0000000000000 stre   1    3           val=   2.57635
  16 k  1.0000000000000 stre   5    7           val=   2.57644
  17 k  1.0000000000000 stre  14   15           val=   2.07625
  18 k -0.8164965809277 bend  13   12   11      val=   2.19674
        0.4082483052160 bend   9   12   11
        0.4082482757117 bend   9   13   11
  19 k  0.8164965809277 bend  17   18   16      val=  -2.19711
       -0.4082482920683 bend  14   18   16
       -0.4082482888594 bend  14   17   16
  20 k -0.7071067811865 bend  16   15   14      val=  -1.29503
        0.7071067811865 bend   3   15   14
  21 k -0.7071067811865 bend   5    8    7      val=  -0.91899
        0.7071067811865 bend   9    8    7
  22 k  0.7071067811865 bend   7    6    5      val=   0.86056
       -0.7071067811865 bend   1    6    5
  23 k  0.7071067811865 bend  11   10    9      val=   1.29486
       -0.7071067811865 bend   7   10    9
  24 k -0.7071067811865 bend   1    4    3      val=  -0.91815
        0.7071067811865 bend  14    4    3
  25 k  0.7071067811865 bend   3    2    1      val=   0.86181
       -0.7071067811865 bend   5    2    1
  26 k  0.0000000170343 bend  13   12   11      val=   0.09539
        0.7071067726694 bend   9   12   11
       -0.7071067897037 bend   9   13   11
  27 k -0.0000000018527 bend  17   18   16      val=   0.09536
       -0.7071067802602 bend  14   18   16
        0.7071067821129 bend  14   17   16
  28 k  1.0000000000000 bend   7   11    9      val= 124.58950
  29 k  1.0000000000000 bend   5    9    7      val= 124.26447
  30 k  1.0000000000000 bend   1    7    5      val= 124.44931
  31 k  1.0000000000000 bend   3   16   14      val= 124.58772
  32 k  1.0000000000000 bend   5    3    1      val= 124.44799
  33 k  1.0000000000000 bend   1   14    3      val= 124.26295
        33 non zero eigenvalues  of BmBt
           1           4.597746174    1    0
         1
           2           4.330577311    2    0
         2
           3           3.996559509    3    0
         3
           4           3.904426137    4    0
         4
           5           3.877646531    5    0
         5
           6           3.557550092    6    0
         6
           7           3.315605593    7    0
         7
           8           3.125362297    8    0
         8
           9           2.745002168    9    0
         9
          10           2.512292413   10    0
        10
          11           2.360868975   11    0
        11
          12           2.151816454   12    0
        12
          13           2.040197237   13    0
        13
          14           2.020177126   14    0
        14
          15           1.478520177   15    0
        15
          16           1.106286061   16    0
        16
          17           0.914343952   17    0
        17
          18           0.913655646   18    0
        18
          19           0.659040927   19    0
        19
          20           0.637477535   20    0
        20
          21           0.593811458   21    0
        21
          22           0.542925172   22    0
        22
          23           0.461172042   23    0
        23
          24           0.391438834   24    0
        24
          25           0.360047046   25    0
        25
          26           0.357457750   26    0
        26
          27           0.335571970   27    0
        27
          28           0.136104663   28    0
        28
          29           0.131988284   29    0
        29
          30           0.078811205   30    0
        30
          31           0.047353546   31    0
        31
          32           0.028640338   32    0
        32
          33           0.005218160   33    0
        33
$end
