$coord
    3.54584309140409      0.74675360989177      0.00000000000000  c
    5.82799445570161     -0.39186862534265      0.00000000000000  c
    1.14681058869186     -0.57886969162074      0.00000000000000  c
   -1.14681077547163      0.57886968190069      0.00000000000000  c
   -3.54584316243909     -0.74675358074893      0.00000000000000  c
   -5.82799434436512      0.39186864626857      0.00000000000000  c
 3.99324891639 0.523531684968 -0.25 h
 3.99324891639 0.523531684968 0.25 h
 3.12882432124 0.470899762112 -0.25 h
 3.12882432124 0.470899762112 0.25 h
 3.51545603658 1.24582938259 -0.25 h
 3.51545603658 1.24582938259 0.25 h
 5.38058863071 -0.168646700419 -0.25 h
 5.38058863071 -0.168646700419 0.25 h
 6.24501322586 -0.116014777563 -0.25 h
 6.24501322586 -0.116014777563 0.25 h
 5.85838151053 -0.890944398045 -0.25 h
 5.85838151053 -0.890944398045 0.25 h
 0.700450959067 -0.353563053811 -0.25 h
 0.700450959067 -0.353563053811 0.25 h
 1.56511167549 -0.304964232046 -0.25 h
 1.56511167549 -0.304964232046 0.25 h
 1.17486913152 -1.078081789 -0.25 h
 1.17486913152 -1.078081789 0.25 h
 -0.700451145847 0.353563044091 -0.25 h
 -0.700451145847 0.353563044091 0.25 h
 -1.56511186227 0.304964222326 -0.25 h
 -1.56511186227 0.304964222326 0.25 h
 -1.1748693183 1.07808177928 -0.25 h
 -1.1748693183 1.07808177928 0.25 h
 -3.99324898094 -0.523531642833 -0.25 h
 -3.99324898094 -0.523531642833 0.25 h
 -3.12882438427 -0.47089974508 -0.25 h
 -3.12882438427 -0.47089974508 0.25 h
 -3.5154561221 -1.24582935433 -0.25 h
 -3.5154561221 -1.24582935433 0.25 h
 -5.38058852586 0.168646708352 -0.25 h
 -5.38058852586 0.168646708352 0.25 h
 -6.24501312254 0.1160148106 -0.25 h
 -6.24501312254 0.1160148106 0.25 h
 -5.8583813847 0.890944419854 -0.25 h
 -5.8583813847 0.890944419854 0.25 h
$end
