$coord
  -17.57601081249842     -0.52755566060601      0.00000000000000  c
  -19.88801317951526      0.59746643362660      0.00000000000000  c
  -22.26785330031327     -0.73244578353605      0.00000000000000  c
  -24.59921359389825      0.42575166512855      0.00000000000000  c
  -26.96675712650401     -0.87611640800379      0.00000000000000  c
  -29.30404516291811      0.29662959032782      0.00000000000000  c
  -31.66642722821144     -0.99397549450875      0.00000000000000  c
  -34.00724757105029      0.18573950026214      0.00000000000000  c
  -36.36668522479894     -1.09868317982465      0.00000000000000  c
  -38.70973393419295      0.08522942804594      0.00000000000000  c
  -41.06721083853135     -1.19540274185606      0.00000000000000  c
  -43.41182259419070     -0.00880868745648      0.00000000000000  c
  -45.76788677635895     -1.28700108589389      0.00000000000000  c
  -48.11365796780541     -0.09866996470310      0.00000000000000  c
  -50.46867679146151     -1.37522956149104      0.00000000000000  c
  -52.81532440414821     -0.18571437031244      0.00000000000000  c
  -55.16954255856497     -1.46117911896929      0.00000000000000  c
  -57.51687207322396     -0.27088427783036      0.00000000000000  c
  -59.87048059084840     -1.54562727782368      0.00000000000000  c
  -62.21831119949273     -0.35482084907055      0.00000000000000  c
  -64.57147920609845     -1.62909483069730      0.00000000000000  c
  -66.91965148846423     -0.43796655234119      0.00000000000000  c
  -69.27253004468119     -1.71196504931749      0.00000000000000  c
  -71.62090754219948     -0.52065007451089      0.00000000000000  c
  -73.97364558714611     -1.79450012921143      0.00000000000000  c
  -76.32209100633419     -0.60309062442019      0.00000000000000  c
  -78.67483642470687     -1.87691804426308      0.00000000000000  c
  -81.02320687056965     -0.68554832828981      0.00000000000000  c
  -83.37610367778849     -1.95948492762556      0.00000000000000  c
  -85.72425667201577     -0.76826383087820      0.00000000000000  c
  -88.07745410607005     -2.04245942639388      0.00000000000000  c
  -90.42523524756284     -0.85154884102494      0.00000000000000  c
  -92.77890027535064     -2.12617484793540      0.00000000000000  c
  -95.12615057110348     -0.93573405827490      0.00000000000000  c
  -97.48045685441583     -2.21103280431880      0.00000000000000  c
  -99.82701399287460     -1.02133429261509      0.00000000000000  c
 -102.18215152406727     -2.29768408136338      0.00000000000000  c
 -104.52780242193455     -1.10912364399462      0.00000000000000  c
 -106.88401628656266     -2.38706524586594      0.00000000000000  c
 -109.22847351440403     -1.20022083811255      0.00000000000000  c
 -111.58611065941609     -2.48058341943683      0.00000000000000  c
 -113.92900402327192     -1.29640187984953      0.00000000000000  c
 -116.28859886826079     -2.58054176826496      0.00000000000000  c
 -118.62927058778298     -1.40053407823891      0.00000000000000  c
 -120.99181812413232     -2.69083485858368      0.00000000000000  c
 -123.32896803210242     -1.51779124846971      0.00000000000000  c
 -125.69666689785426     -2.81934746115220      0.00000000000000  c
 -128.02789429606932     -1.66085631404587      0.00000000000000  c
 -130.40788962564795     -2.99044990556406      0.00000000000000  c
 -132.71977595278992     -1.86513228446089      0.00000000000000  c
 -18.0256081451 -0.308781259707 -0.25 h
 -18.0256081451 -0.308781259707 0.25 h
 -17.1617479573 -0.247580149521 -0.25 h
 -17.1617479573 -0.247580149521 0.25 h
 -17.5406763351 -1.02630557259 -0.25 h
 -17.5406763351 -1.02630557259 0.25 h
 -19.4384158469 0.378692032728 -0.25 h
 -19.4384158469 0.378692032728 0.25 h
 -20.3022760347 0.317490922542 -0.25 h
 -20.3022760347 0.317490922542 0.25 h
 -19.923347657 1.09621634561 -0.25 h
 -19.923347657 1.09621634561 0.25 h
 -22.7156403019 -0.509989493006 -0.25 h
 -22.7156403019 -0.509989493006 0.25 h
 -21.8513070007 -0.45587900993 -0.25 h
 -21.8513070007 -0.45587900993 0.25 h
 -22.2366125983 -1.23146884767 -0.25 h
 -22.2366125983 -1.23146884767 0.25 h
 -24.1514265923 0.203295374598 -0.25 h
 -24.1514265923 0.203295374598 0.25 h
 -25.0157598935 0.149184891522 -0.25 h
 -25.0157598935 0.149184891522 0.25 h
 -24.6304542959 0.924774729265 -0.25 h
 -24.6304542959 0.924774729265 0.25 h
 -27.4136565554 -0.651882377479 -0.25 h
 -27.4136565554 -0.651882377479 0.25 h
 -26.5491150452 -0.601207164899 -0.25 h
 -26.5491150452 -0.601207164899 0.25 h
 -26.9374997789 -1.37525968163 -0.25 h
 -26.9374997789 -1.37525968163 0.25 h
 -28.857145734 0.0723955598026 -0.25 h
 -28.857145734 0.0723955598026 0.25 h
 -29.7216872442 0.0217203472231 -0.25 h
 -29.7216872442 0.0217203472231 0.25 h
 -29.3333025105 0.795772863958 -0.25 h
 -29.3333025105 0.795772863958 0.25 h
 -32.1129286277 -0.768949939793 -0.25 h
 -32.1129286277 -0.768949939793 0.25 h
 -31.2482986816 -0.719806717104 -0.25 h
 -31.2482986816 -0.719806717104 0.25 h
 -31.6380543754 -1.49316982663 -0.25 h
 -31.6380543754 -1.49316982663 0.25 h
 -33.5607461716 -0.0392860544532 -0.25 h
 -33.5607461716 -0.0392860544532 0.25 h
 -34.4253761177 -0.088429277143 -0.25 h
 -34.4253761177 -0.088429277143 0.25 h
 -34.0356204239 0.684933832383 -0.25 h
 -34.0356204239 0.684933832383 0.25 h
 -36.8129510315 -0.873190763534 -0.25 h
 -36.8129510315 -0.873190763534 0.25 h
 -35.9482701606 -0.824951862561 -0.25 h
 -35.9482701606 -0.824951862561 0.25 h
 -36.3388344823 -1.59790691338 -0.25 h
 -36.3388344823 -1.59790691338 0.25 h
 -38.2634681275 -0.140262988245 -0.25 h
 -38.2634681275 -0.140262988245 0.25 h
 -39.1281489984 -0.188501889218 -0.25 h
 -39.1281489984 -0.188501889218 0.25 h
 -38.7375846767 0.584453161601 -0.25 h
 -38.7375846767 0.584453161601 0.25 h
 -41.5133316726 -0.969623643069 -0.25 h
 -41.5133316726 -0.969623643069 0.25 h
 -40.6486199863 -0.921940315826 -0.25 h
 -40.6486199863 -0.921940315826 0.25 h
 -41.0396808567 -1.69464426667 -0.25 h
 -41.0396808567 -1.69464426667 0.25 h
 -42.9657017602 -0.234587786243 -0.25 h
 -42.9657017602 -0.234587786243 0.25 h
 -43.8304134464 -0.282271113486 -0.25 h
 -43.8304134464 -0.282271113486 0.25 h
 -43.439352576 0.49043283736 -0.25 h
 -43.439352576 0.49043283736 0.25 h
 -46.2139194549 -1.06104788344 -0.25 h
 -46.2139194549 -1.06104788344 0.25 h
 -45.3491892237 -1.01370205662 -0.25 h
 -45.3491892237 -1.01370205662 0.25 h
 -45.7405516505 -1.78625331763 -0.25 h
 -45.7405516505 -1.78625331763 0.25 h
 -47.6676252893 -0.324623167161 -0.25 h
 -47.6676252893 -0.324623167161 0.25 h
 -48.5323555205 -0.371968993982 -0.25 h
 -48.5323555205 -0.371968993982 0.25 h
 -48.1409930937 0.400582267034 -0.25 h
 -48.1409930937 0.400582267034 0.25 h
 -50.9146527547 -1.14916443765 -0.25 h
 -50.9146527547 -1.14916443765 0.25 h
 -50.0499106697 -1.10203560977 -0.25 h
 -50.0499106697 -1.10203560977 0.25 h
 -50.44146695 -1.87448863705 -0.25 h
 -50.44146695 -1.87448863705 0.25 h
 -52.3693484409 -0.411779494152 -0.25 h
 -52.3693484409 -0.411779494152 0.25 h
 -53.2340905259 -0.458908322032 -0.25 h
 -53.2340905259 -0.458908322032 0.25 h
 -52.8425342456 0.313544705246 -0.25 h
 -52.8425342456 0.313544705246 0.25 h
 -55.6154852668 -1.23504840244 -0.25 h
 -55.6154852668 -1.23504840244 0.25 h
 -54.7507362594 -1.18804676325 -0.25 h
 -54.7507362594 -1.18804676325 0.25 h
 -55.1424061495 -1.96044219121 -0.25 h
 -55.1424061495 -1.96044219121 0.25 h
 -57.070929365 -0.497014994358 -0.25 h
 -57.070929365 -0.497014994358 0.25 h
 -57.9356783724 -0.544016633545 -0.25 h
 -57.9356783724 -0.544016633545 0.25 h
 -57.5440084823 0.228378794412 -0.25 h
 -57.5440084823 0.228378794412 0.25 h
 -60.3164035708 -1.31945766011 -0.25 h
 -60.3164035708 -1.31945766011 0.25 h
 -59.4516504664 -1.27253145794 -0.25 h
 -59.4516504664 -1.27253145794 0.25 h
 -59.8433877354 -2.04489271543 -0.25 h
 -59.8433877354 -2.04489271543 0.25 h
 -61.7723882196 -0.580990466787 -0.25 h
 -61.7723882196 -0.580990466787 0.25 h
 -62.637141324 -0.627916668956 -0.25 h
 -62.637141324 -0.627916668956 0.25 h
 -62.2454040549 0.144444588531 -0.25 h
 -62.2454040549 0.144444588531 0.25 h
 -65.017390805 -1.40290277524 -0.25 h
 -65.017390805 -1.40290277524 0.25 h
 -64.1526353405 -1.35602008592 -0.25 h
 -64.1526353405 -1.35602008592 0.25 h
 -64.5444114728 -2.12836163093 -0.25 h
 -64.5444114728 -2.12836163093 0.25 h
 -66.4737398895 -0.664158607798 -0.25 h
 -66.4737398895 -0.664158607798 0.25 h
 -67.3384953541 -0.711041297116 -0.25 h
 -67.3384953541 -0.711041297116 0.25 h
 -66.9467192218 0.061300247891 -0.25 h
 -66.9467192218 0.061300247891 0.25 h
 -69.7184353158 -1.48576051984 -0.25 h
 -69.7184353158 -1.48576051984 0.25 h
 -68.8536785401 -1.43890202156 -0.25 h
 -68.8536785401 -1.43890202156 0.25 h
 -69.2454762781 -2.21123260656 -0.25 h
 -69.2454762781 -2.21123260656 0.25 h
 -71.175002271 -0.746854603992 -0.25 h
 -71.175002271 -0.746854603992 0.25 h
 -72.0397590468 -0.79371310227 -0.25 h
 -72.0397590468 -0.79371310227 0.25 h
 -71.6479613088 -0.0213825172703 -0.25 h
 -71.6479613088 -0.0213825172703 0.25 h
 -74.4195462562 -1.56828652809 -0.25 h
 -74.4195462562 -1.56828652809 0.25 h
 -73.5547885274 -1.5214456228 -0.25 h
 -73.5547885274 -1.5214456228 0.25 h
 -73.9466019779 -2.29376823674 -0.25 h
 -73.9466019779 -2.29376823674 0.25 h
 -75.8761903373 -0.829304225541 -0.25 h
 -75.8761903373 -0.829304225541 0.25 h
 -76.7409480661 -0.87614513083 -0.25 h
 -76.7409480661 -0.87614513083 0.25 h
 -76.3491346156 -0.10382251689 -0.25 h
 -76.3491346156 -0.10382251689 0.25 h
 -79.1207372281 -1.65070470794 -0.25 h
 -79.1207372281 -1.65070470794 0.25 h
 -78.2559795271 -1.60386328912 -0.25 h
 -78.2559795271 -1.60386328912 0.25 h
 -78.6477925189 -2.37618613573 -0.25 h
 -78.6477925189 -2.37618613573 0.25 h
 -80.5773060672 -0.911761664617 -0.25 h
 -80.5773060672 -0.911761664617 0.25 h
 -81.4420637682 -0.958603083433 -0.25 h
 -81.4420637682 -0.958603083433 0.25 h
 -81.0502507763 -0.186280236819 -0.25 h
 -81.0502507763 -0.186280236819 0.25 h
 -83.8220074158 -1.73327737594 -0.25 h
 -83.8220074158 -1.73327737594 0.25 h
 -82.9572503225 -1.68642473872 -0.25 h
 -82.9572503225 -1.68642473872 0.25 h
 -83.3490532951 -2.45875266822 -0.25 h
 -83.3490532951 -2.45875266822 0.25 h
 -85.278352934 -0.994471382569 -0.25 h
 -85.278352934 -0.994471382569 0.25 h
 -86.1431100273 -1.04132401978 -0.25 h
 -86.1431100273 -1.04132401978 0.25 h
 -85.7513070547 -0.268996090287 -0.25 h
 -85.7513070547 -0.268996090287 0.25 h
 -88.5233671826 -1.81627028396 -0.25 h
 -88.5233671826 -1.81627028396 0.25 h
 -87.6586120244 -1.76938194544 -0.25 h
 -87.6586120244 -1.76938194544 0.25 h
 -88.0503831112 -2.54172604979 -0.25 h
 -88.0503831112 -2.54172604979 0.25 h
 -89.979322171 -1.07773798346 -0.25 h
 -89.979322171 -1.07773798346 0.25 h
 -90.8440773293 -1.12462632198 -0.25 h
 -90.8440773293 -1.12462632198 0.25 h
 -90.4523062424 -0.352282217629 -0.25 h
 -90.4523062424 -0.352282217629 0.25 h
 -93.2248287202 -1.9000160054 -0.25 h
 -93.2248287202 -1.9000160054 0.25 h
 -92.36007675 -1.85306890768 -0.25 h
 -92.36007675 -1.85306890768 0.25 h
 -92.7517953558 -2.62543963073 -0.25 h
 -92.7517953558 -2.62543963073 0.25 h
 -94.6802221262 -1.16189290081 -0.25 h
 -94.6802221262 -1.16189290081 0.25 h
 -95.5449740965 -1.20883999853 -0.25 h
 -95.5449740965 -1.20883999853 0.25 h
 -95.1532554906 -0.436469275481 -0.25 h
 -95.1532554906 -0.436469275481 0.25 h
 -97.9264152513 -1.98493302931 -0.25 h
 -97.9264152513 -1.98493302931 0.25 h
 -97.061669507 -1.9378713911 -0.25 h
 -97.061669507 -1.9378713911 0.25 h
 -97.4532858049 -2.71029399255 -0.25 h
 -97.4532858049 -2.71029399255 0.25 h
 -99.381055596 -1.24743406762 -0.25 h
 -99.381055596 -1.24743406762 0.25 h
 -100.24580134 -1.29449570584 -0.25 h
 -100.24580134 -1.29449570584 0.25 h
 -99.8541850424 -0.522073104388 -0.25 h
 -99.8541850424 -0.522073104388 0.25 h
 -102.628161952 -2.07168696077 -0.25 h
 -102.628161952 -2.07168696077 0.25 h
 -101.763427063 -2.02442628105 -0.25 h
 -101.763427063 -2.02442628105 0.25 h
 -102.154865558 -2.79693900227 -0.25 h
 -102.154865558 -2.79693900227 0.25 h
 -104.081791994 -1.33512076459 -0.25 h
 -104.081791994 -1.33512076459 0.25 h
 -104.946526883 -1.38238144431 -0.25 h
 -104.946526883 -1.38238144431 0.25 h
 -104.555088388 -0.609868723087 -0.25 h
 -104.555088388 -0.609868723087 0.25 h
 -107.33011193 -2.1612363789 -0.25 h
 -107.33011193 -2.1612363789 0.25 h
 -106.465394929 -2.11364951985 -0.25 h
 -106.465394929 -2.11364951985 0.25 h
 -106.856542001 -2.88630983884 -0.25 h
 -106.856542001 -2.88630983884 0.25 h
 -108.782377871 -1.42604970508 -0.25 h
 -108.782377871 -1.42604970508 0.25 h
 -109.647094872 -1.47363656412 -0.25 h
 -109.647094872 -1.47363656412 0.25 h
 -109.2559478 -0.700976245137 -0.25 h
 -109.2559478 -0.700976245137 0.25 h
 -112.032349827 -2.2550382909 -0.25 h
 -112.032349827 -2.2550382909 0.25 h
 -111.167663264 -2.20690152812 -0.25 h
 -111.167663264 -2.20690152812 0.25 h
 -111.558318886 -2.97981043929 -0.25 h
 -111.558318886 -2.97981043929 0.25 h
 -113.482764855 -1.52194700839 -0.25 h
 -113.482764855 -1.52194700839 0.25 h
 -114.347451418 -1.57008377117 -0.25 h
 -114.347451418 -1.57008377117 0.25 h
 -113.956795796 -0.797174859992 -0.25 h
 -113.956795796 -0.797174859992 0.25 h
 -116.735072084 -2.35546029967 -0.25 h
 -116.735072084 -2.35546029967 0.25 h
 -115.870435991 -2.3064253555 -0.25 h
 -115.870435991 -2.3064253555 0.25 h
 -116.26028853 -3.07973964962 -0.25 h
 -116.26028853 -3.07973964962 0.25 h
 -118.182797372 -1.62561554683 -0.25 h
 -118.182797372 -1.62561554683 0.25 h
 -119.047433465 -1.674650491 -0.25 h
 -119.047433465 -1.674650491 0.25 h
 -118.657580926 -0.901336196883 -0.25 h
 -118.657580926 -0.901336196883 0.25 h
 -121.438689428 -2.46654478377 -0.25 h
 -121.438689428 -2.46654478377 0.25 h
 -120.57414157 -2.4159779945 -0.25 h
 -120.57414157 -2.4159779945 0.25 h
 -120.962623375 -3.18998179748 -0.25 h
 -120.962623375 -3.18998179748 0.25 h
 -122.882096728 -1.74208132328 -0.25 h
 -122.882096728 -1.74208132328 0.25 h
 -123.746644587 -1.79264811255 -0.25 h
 -123.746644587 -1.79264811255 0.25 h
 -123.358162782 -1.01864430958 -0.25 h
 -123.358162782 -1.01864430958 0.25 h
 -126.144426366 -2.59683575735 -0.25 h
 -126.144426366 -2.59683575735 0.25 h
 -125.280086375 -2.54283223851 -0.25 h
 -125.280086375 -2.54283223851 0.25 h
 -125.665487952 -3.3183743876 -0.25 h
 -125.665487952 -3.3183743876 0.25 h
 -127.580134828 -1.88336801785 -0.25 h
 -127.580134828 -1.88336801785 0.25 h
 -128.444474818 -1.93737153668 -0.25 h
 -128.444474818 -1.93737153668 0.25 h
 -128.059073242 -1.1618293876 -0.25 h
 -128.059073242 -1.1618293876 0.25 h
 -130.857460024 -2.77162016221 -0.25 h
 -130.857460024 -2.77162016221 0.25 h
 -129.993592309 -2.71052539114 -0.25 h
 -129.993592309 -2.71052539114 0.25 h
 -130.372616543 -3.48920416334 -0.25 h
 -130.372616543 -3.48920416334 0.25 h
 -132.270205554 -2.08396202781 -0.25 h
 -132.270205554 -2.08396202781 0.25 h
 -133.134073269 -2.14505679888 -0.25 h
 -133.134073269 -2.14505679888 0.25 h
 -132.755049035 -1.36637802669 -0.25 h
 -132.755049035 -1.36637802669 0.25 h
$end
