$coord
  -41.24816995333928     -1.19459414267013      0.00000000000000  c
  -43.52785652010225     -0.04016169649111      0.00000000000000  c
  -45.92881497033827     -1.34106892468076      0.00000000000000  c
  -48.22446851382990     -0.15407008903696      0.00000000000000  c
  -50.61356769162698     -1.43035971918740      0.00000000000000  c
  -52.91647696775019     -0.23495262302470      0.00000000000000  c
  -55.29578518873136     -1.51052109175636      0.00000000000000  c
  -57.60634214800963     -0.31889026880716      0.00000000000000  c
  -59.97887220512858     -1.59729069830305      0.00000000000000  c
  -62.29354624410851     -0.40695827219477      0.00000000000000  c
  -64.66340110592236     -1.68384438900591      0.00000000000000  c
  -66.97985022561093     -0.49252988638366      0.00000000000000  c
  -69.34858916009127     -1.76797161926385      0.00000000000000  c
  -71.66621849460692     -0.57597911588961      0.00000000000000  c
  -74.03394393112724     -1.85097730685398      0.00000000000000  c
  -76.35230057630959     -0.65861996654802      0.00000000000000  c
  -78.71912541710562     -1.93343172013977      0.00000000000000  c
  -81.03779201552341     -0.74065099919233      0.00000000000000  c
  -83.40406576369473     -2.01526375440913      0.00000000000000  c
  -85.72273654811659     -0.82223914035799      0.00000000000000  c
  -88.08892937434493     -2.09664844255077      0.00000000000000  c
  -90.40747909080665     -0.90340597133334      0.00000000000000  c
  -92.77399759693195     -2.17756404528506      0.00000000000000  c
  -95.09232505882021     -0.98414460615840      0.00000000000000  c
  -97.45959497932117     -2.25811316961685      0.00000000000000  c
  -99.77744192625526     -1.06476205953272      0.00000000000000  c
 -102.14577044879927     -2.33859732225154      0.00000000000000  c
 -104.46275319033846     -1.14530519468654      0.00000000000000  c
 -106.83225154509982     -2.41929970711079      0.00000000000000  c
 -109.14789877853494     -1.22643431682349      0.00000000000000  c
 -111.51869854483974     -2.50159324091103      0.00000000000000  c
 -113.83240570502973     -1.30949532459657      0.00000000000000  c
 -116.20602856115302     -2.58593243295981      0.00000000000000  c
 -118.51553626644741     -1.39233522720567      0.00000000000000  c
 -120.89597033311303     -2.66580422139159      0.00000000000000  c
 -123.19783493984849     -1.46822434268572      0.00000000000000  c
 -125.58808331900637     -2.74230529258453      0.00000000000000  c
 -127.88265657024674     -1.55300613189317      0.00000000000000  c
 -130.28487785588655     -2.85155347882312      0.00000000000000  c
 -132.56339417229609     -1.69481419425091      0.00000000000000  c
 -41.6942358541 -0.968706533147 -0.25 h
 -41.6942358541 -0.968706533147 0.25 h
 -40.8295125947 -0.921233545569 -0.25 h
 -40.8295125947 -0.921233545569 0.25 h
 -41.2207614112 -1.69384234929 -0.25 h
 -41.2207614112 -1.69384234929 0.25 h
 -43.0817906193 -0.266049306014 -0.25 h
 -43.0817906193 -0.266049306014 0.25 h
 -43.9465138788 -0.313522293592 -0.25 h
 -43.9465138788 -0.313522293592 0.25 h
 -43.5552650623 0.459086510132 -0.25 h
 -43.5552650623 0.459086510132 0.25 h
 -46.3729560121 -1.11141976836 -0.25 h
 -46.3729560121 -1.11141976836 0.25 h
 -45.5078624461 -1.07125607779 -0.25 h
 -45.5078624461 -1.07125607779 0.25 h
 -45.9056264528 -1.84053092789 -0.25 h
 -45.9056264528 -1.84053092789 0.25 h
 -47.780327472 -0.383719245357 -0.25 h
 -47.780327472 -0.383719245357 0.25 h
 -48.6454210381 -0.42388293593 -0.25 h
 -48.6454210381 -0.42388293593 0.25 h
 -48.2476570314 0.345391914176 -0.25 h
 -48.2476570314 0.345391914176 0.25 h
 -51.0573420699 -1.2000028196 -0.25 h
 -51.0573420699 -1.2000028196 0.25 h
 -50.1921855755 -1.16121828385 -0.25 h
 -50.1921855755 -1.16121828385 0.25 h
 -50.5911754295 -1.92985805412 -0.25 h
 -50.5911754295 -1.92985805412 0.25 h
 -52.4727025895 -0.465309522614 -0.25 h
 -52.4727025895 -0.465309522614 0.25 h
 -53.3378590839 -0.504094058363 -0.25 h
 -53.3378590839 -0.504094058363 0.25 h
 -52.9388692299 0.264545711903 -0.25 h
 -52.9388692299 0.264545711903 0.25 h
 -55.7401671943 -1.28133855943 -0.25 h
 -55.7401671943 -1.28133855943 0.25 h
 -54.8751162908 -1.24026625211 -0.25 h
 -54.8751162908 -1.24026625211 0.25 h
 -55.272072081 -2.00995846373 -0.25 h
 -55.272072081 -2.00995846373 0.25 h
 -57.1619601424 -0.548072801131 -0.25 h
 -57.1619601424 -0.548072801131 0.25 h
 -58.0270110459 -0.589145108457 -0.25 h
 -58.0270110459 -0.589145108457 0.25 h
 -57.6300552557 0.180547103166 -0.25 h
 -57.6300552557 0.180547103166 0.25 h
 -60.4235216819 -1.36862753383 -0.25 h
 -60.4235216819 -1.36862753383 0.25 h
 -59.5585193574 -1.32654453786 -0.25 h
 -59.5585193574 -1.32654453786 0.25 h
 -59.9545755761 -2.09670002322 -0.25 h
 -59.9545755761 -2.09670002322 0.25 h
 -61.8488967673 -0.635621436669 -0.25 h
 -61.8488967673 -0.635621436669 0.25 h
 -62.7138990918 -0.67770443264 -0.25 h
 -62.7138990918 -0.67770443264 0.25 h
 -62.3178428732 0.0924510527249 -0.25 h
 -62.3178428732 0.0924510527249 0.25 h
 -65.1080451779 -1.45517071476 -0.25 h
 -65.1080451779 -1.45517071476 0.25 h
 -64.2430418589 -1.41310816419 -0.25 h
 -64.2430418589 -1.41310816419 0.25 h
 -64.639116281 -2.18325428807 -0.25 h
 -64.639116281 -2.18325428807 0.25 h
 -66.5352061537 -0.721203560629 -0.25 h
 -66.5352061537 -0.721203560629 0.25 h
 -67.4002094727 -0.763266111199 -0.25 h
 -67.4002094727 -0.763266111199 0.25 h
 -67.0041350505 0.00688001267707 -0.25 h
 -67.0041350505 0.00688001267707 0.25 h
 -69.7932276892 -1.53928716764 -0.25 h
 -69.7932276892 -1.53928716764 0.25 h
 -68.928223351 -1.49724558335 -0.25 h
 -68.928223351 -1.49724558335 0.25 h
 -69.3243164401 -2.2673821068 -0.25 h
 -69.3243164401 -2.2673821068 0.25 h
 -71.2215799655 -0.804663567514 -0.25 h
 -71.2215799655 -0.804663567514 0.25 h
 -72.0865843037 -0.846705151804 -0.25 h
 -72.0865843037 -0.846705151804 0.25 h
 -71.6904912146 -0.0765686283511 -0.25 h
 -71.6904912146 -0.0765686283511 0.25 h
 -74.4785831803 -1.62229425518 -0.25 h
 -74.4785831803 -1.62229425518 0.25 h
 -73.6135789744 -1.58024994742 -0.25 h
 -73.6135789744 -1.58024994742 0.25 h
 -74.0096696387 -2.35038771797 -0.25 h
 -74.0096696387 -2.35038771797 0.25 h
 -75.9076613272 -0.887303018226 -0.25 h
 -75.9076613272 -0.887303018226 0.25 h
 -76.772665533 -0.929347325983 -0.25 h
 -76.772665533 -0.929347325983 0.25 h
 -76.3765748687 -0.159209555435 -0.25 h
 -76.3765748687 -0.159209555435 0.25 h
 -79.163744077 -1.70470864023 -0.25 h
 -79.163744077 -1.70470864023 0.25 h
 -78.2987360895 -1.66274220564 -0.25 h
 -78.2987360895 -1.66274220564 0.25 h
 -78.6948960848 -2.43284431455 -0.25 h
 -78.6948960848 -2.43284431455 0.25 h
 -80.5931733556 -0.969374079105 -0.25 h
 -80.5931733556 -0.969374079105 0.25 h
 -81.4581813431 -1.01134051369 -0.25 h
 -81.4581813431 -1.01134051369 0.25 h
 -81.0620213478 -0.241238404782 -0.25 h
 -81.0620213478 -0.241238404782 0.25 h
 -83.8486655667 -1.78650402193 -0.25 h
 -83.8486655667 -1.78650402193 0.25 h
 -82.9836541225 -1.74460889676 -0.25 h
 -82.9836541225 -1.74460889676 0.25 h
 -83.3798776019 -2.51467834453 -0.25 h
 -83.3798776019 -2.51467834453 0.25 h
 -85.2781367451 -1.05099887283 -0.25 h
 -85.2781367451 -1.05099887283 0.25 h
 -86.1431481893 -1.09289399801 -0.25 h
 -86.1431481893 -1.09289399801 0.25 h
 -85.7469247099 -0.322824550234 -0.25 h
 -85.7469247099 -0.322824550234 0.25 h
 -88.5335073213 -1.86784623733 -0.25 h
 -88.5335073213 -1.86784623733 0.25 h
 -87.6684918787 -1.82603374916 -0.25 h
 -87.6684918787 -1.82603374916 0.25 h
 -88.064788923 -2.59606534115 -0.25 h
 -88.064788923 -2.59606534115 0.25 h
 -89.9629011439 -1.13220817655 -0.25 h
 -89.9629011439 -1.13220817655 0.25 h
 -90.8279165864 -1.17402066472 -0.25 h
 -90.8279165864 -1.17402066472 0.25 h
 -90.4316195421 -0.40398907273 -0.25 h
 -90.4316195421 -0.40398907273 0.25 h
 -93.2185528097 -1.94871767157 -0.25 h
 -93.2185528097 -1.94871767157 0.25 h
 -92.3535332173 -1.90699112446 -0.25 h
 -92.3535332173 -1.90699112446 0.25 h
 -92.7499067637 -2.67698333982 -0.25 h
 -92.7499067637 -2.67698333982 0.25 h
 -94.647769846 -1.21299097987 -0.25 h
 -94.647769846 -1.21299097987 0.25 h
 -95.5127894384 -1.25471752698 -0.25 h
 -95.5127894384 -1.25471752698 0.25 h
 -95.116415892 -0.484725311622 -0.25 h
 -95.116415892 -0.484725311622 0.25 h
 -97.9041362186 -2.02923965313 -0.25 h
 -97.9041362186 -2.02923965313 0.25 h
 -97.0391140801 -1.98756592158 -0.25 h
 -97.0391140801 -1.98756592158 0.25 h
 -97.4355346392 -2.75753393414 -0.25 h
 -97.4355346392 -2.75753393414 0.25 h
 -99.3329006869 -1.29363557602 -0.25 h
 -99.3329006869 -1.29363557602 0.25 h
 -100.197922825 -1.33530930757 -0.25 h
 -100.197922825 -1.33530930757 0.25 h
 -99.8015022664 -0.565341295014 -0.25 h
 -99.8015022664 -0.565341295014 0.25 h
 -102.59028155 -2.10966527725 -0.25 h
 -102.59028155 -2.10966527725 0.25 h
 -101.725253932 -2.06810543916 -0.25 h
 -101.725253932 -2.06810543916 0.25 h
 -102.121775865 -2.83802125035 -0.25 h
 -102.121775865 -2.83802125035 0.25 h
 -104.018242089 -1.37423723969 -0.25 h
 -104.018242089 -1.37423723969 0.25 h
 -104.883269707 -1.41579707778 -0.25 h
 -104.883269707 -1.41579707778 0.25 h
 -104.486747774 -0.645881266593 -0.25 h
 -104.486747774 -0.645881266593 0.25 h
 -107.276742245 -2.19032805507 -0.25 h
 -107.276742245 -2.19032805507 0.25 h
 -106.411710928 -2.14884529501 -0.25 h
 -106.411710928 -2.14884529501 0.25 h
 -106.808301462 -2.91872577125 -0.25 h
 -106.808301462 -2.91872577125 0.25 h
 -108.703408078 -1.45540596886 -0.25 h
 -108.703408078 -1.45540596886 0.25 h
 -109.568439396 -1.49688872892 -0.25 h
 -109.568439396 -1.49688872892 0.25 h
 -109.171848861 -0.727008252687 -0.25 h
 -109.171848861 -0.727008252687 0.25 h
 -111.963171106 -2.27258637992 -0.25 h
 -111.963171106 -2.27258637992 0.25 h
 -111.098136505 -2.23117214216 -0.25 h
 -111.098136505 -2.23117214216 0.25 h
 -111.494788024 -3.00102120065 -0.25 h
 -111.494788024 -3.00102120065 0.25 h
 -113.387933144 -1.53850218559 -0.25 h
 -113.387933144 -1.53850218559 0.25 h
 -114.252967745 -1.57991642334 -0.25 h
 -114.252967745 -1.57991642334 0.25 h
 -113.856316226 -0.810067364856 -0.25 h
 -113.856316226 -0.810067364856 0.25 h
 -116.650213938 -2.35636904027 -0.25 h
 -116.650213938 -2.35636904027 0.25 h
 -115.785128143 -2.31603830923 -0.25 h
 -115.785128143 -2.31603830923 0.25 h
 -116.182743603 -3.08538994938 -0.25 h
 -116.182743603 -3.08538994938 0.25 h
 -118.07135089 -1.6218986199 -0.25 h
 -118.07135089 -1.6218986199 0.25 h
 -118.936436685 -1.66222935094 -0.25 h
 -118.936436685 -1.66222935094 0.25 h
 -118.538821225 -0.892877710783 -0.25 h
 -118.538821225 -0.892877710783 0.25 h
 -121.339530588 -2.43503528947 -0.25 h
 -121.339530588 -2.43503528947 0.25 h
 -120.474338448 -2.39705423817 -0.25 h
 -120.474338448 -2.39705423817 0.25 h
 -120.874041963 -3.16532313653 -0.25 h
 -120.874041963 -3.16532313653 0.25 h
 -122.754274685 -1.6989932746 -0.25 h
 -122.754274685 -1.6989932746 0.25 h
 -123.619466825 -1.73697432591 -0.25 h
 -123.619466825 -1.73697432591 0.25 h
 -123.21976331 -0.968705427548 -0.25 h
 -123.21976331 -0.968705427548 0.25 h
 -126.031998492 -2.51221983223 -0.25 h
 -126.031998492 -2.51221983223 0.25 h
 -125.166865879 -2.4729062057 -0.25 h
 -125.166865879 -2.4729062057 0.25 h
 -125.565385586 -3.24178983982 -0.25 h
 -125.565385586 -3.24178983982 0.25 h
 -127.438741397 -1.78309159224 -0.25 h
 -127.438741397 -1.78309159224 0.25 h
 -128.303874011 -1.82240521877 -0.25 h
 -128.303874011 -1.82240521877 0.25 h
 -127.905354303 -1.05352158466 -0.25 h
 -127.905354303 -1.05352158466 0.25 h
 -130.730714868 -2.62521444314 -0.25 h
 -130.730714868 -2.62521444314 0.25 h
 -129.865943995 -2.57861681866 -0.25 h
 -129.865943995 -2.57861681866 0.25 h
 -130.257974705 -3.35082917467 -0.25 h
 -130.257974705 -3.35082917467 0.25 h
 -132.117557161 -1.92115322994 -0.25 h
 -132.117557161 -1.92115322994 0.25 h
 -132.982328033 -1.96775085441 -0.25 h
 -132.982328033 -1.96775085441 0.25 h
 -132.590297323 -1.1955384984 -0.25 h
 -132.590297323 -1.1955384984 0.25 h
$end
